M=[
28 2 21 22 43 37400.00000 8.54900000 1171.34000 136.37000 24.54400 91.70700
28 2 21 22 43 37369.50000 8.54900000 1171.65000 136.45000 24.54400 91.70700
28 2 21 22 44 37292.10000 8.54900000 1167.60000 135.89000 24.54400 91.70700
28 2 21 22 44 37376.00000 8.54900000 1167.46000 135.89000 24.54400 91.70700
28 2 21 22 45 37398.90000 8.54900000 1170.11000 135.89000 24.54400 91.70700
28 2 21 22 45 37386.70000 8.54900000 1169.93000 135.89000 24.54400 91.70700
28 2 21 22 45 37399.90000 8.54900000 1169.95000 135.89000 24.54400 92.09200
28 2 21 22 46 37399.90000 8.55000000 1170.65000 135.89000 24.54400 92.09200
28 2 21 22 46 37400.00000 8.55000000 1170.38000 135.89000 24.54400 92.09200
28 2 21 22 47 37406.20000 8.55000000 1170.67000 136.23000 24.54400 92.09200
28 2 21 22 47 37399.00000 8.55000000 1169.42000 136.23000 24.54400 92.09200
28 2 21 22 48 37424.20000 8.55000000 1171.66000 136.49000 24.55100 92.10900
28 2 21 22 48 37453.90000 8.55000000 1174.97000 136.49000 24.55100 92.10900
28 2 21 22 48 37458.30000 8.55000000 1175.33000 136.61000 24.55100 92.10900
28 2 21 22 49 37457.50000 8.59700000 1174.74000 136.61000 24.55100 92.10900
28 2 21 22 49 37449.80000 8.59700000 1175.63000 136.61000 24.55100 92.10900
28 2 21 22 50 37449.00000 8.59700000 1177.55000 136.61000 24.55100 92.10900
28 2 21 22 50 37449.00000 8.59700000 1177.70000 136.61000 24.55100 92.38100
28 2 21 22 51 37449.40000 8.59700000 1178.90000 136.62000 24.55100 92.38100
28 2 21 22 51 37400.00000 8.59700000 1176.84000 136.43000 24.55100 92.38100
28 2 21 22 51 37400.10000 8.59700000 1177.55000 136.43000 24.55100 92.38100
28 2 21 22 52 37400.10000 8.59700000 1176.18000 136.43000 24.55100 92.32500
28 2 21 22 52 37400.10000 8.58800000 1175.27000 136.43000 24.55100 92.32500
28 2 21 22 53 37448.90000 8.58800000 1176.13000 136.57000 24.55100 92.32500
28 2 21 22 53 37449.00000 8.58800000 1176.95000 136.50000 24.55100 92.32500
28 2 21 22 54 37449.00000 8.58800000 1176.62000 136.50000 24.55100 92.32500
28 2 21 22 54 37400.40000 8.58800000 1175.00000 136.50000 24.55100 92.32500
28 2 21 22 54 37400.40000 8.58800000 1175.04000 136.30000 24.55100 92.32500
28 2 21 22 55 37458.50000 8.58800000 1175.32000 136.22000 24.55100 92.32500
28 2 21 22 55 37451.50000 8.58800000 1175.32000 136.32000 24.55100 92.32500
28 2 21 22 56 37457.90000 8.58800000 1176.27000 136.32000 24.55100 92.32500
28 2 21 22 56 37456.60000 8.62900000 1176.68000 136.20000 24.55100 92.32500
28 2 21 22 57 37453.60000 8.62900000 1175.95000 136.29000 24.55100 92.32500
28 2 21 22 57 37461.00000 8.62900000 1176.08000 136.29000 24.55100 92.32500
28 2 21 22 57 37461.00000 8.62900000 1176.16000 136.32000 24.55100 92.32500
28 2 21 22 58 37461.30000 8.62900000 1176.40000 136.48000 24.55100 92.32500
28 2 21 22 58 37461.40000 8.62900000 1176.40000 136.48000 24.55100 92.32500
28 2 21 22 59 37460.90000 8.62900000 1177.53000 136.53000 24.55100 92.40500
28 2 21 22 59 37461.30000 8.62900000 1177.55000 136.53000 24.55100 92.40500
28 2 21 23 00 37459.20000 8.62900000 1177.98000 136.53000 24.55100 92.40500
28 2 21 23 00 37464.00000 8.62900000 1180.83000 136.86000 24.55100 92.40500
28 2 21 23 00 37494.50000 8.62900000 1180.65000 136.93000 24.55100 92.40500
28 2 21 23 01 37542.70000 8.62900000 1183.38000 137.43000 24.55100 92.40500
28 2 21 23 01 37627.10000 8.66800000 1184.99000 137.90000 24.55100 92.40500
28 2 21 23 02 37774.70000 8.66800000 1188.54000 138.27000 24.55100 93.10000
28 2 21 23 02 37911.30000 8.66800000 1193.15000 138.40000 24.57300 93.20000
28 2 21 23 03 37882.10000 8.66800000 1190.95000 138.24000 24.61900 93.00900
28 2 21 23 03 37981.10000 8.66800000 1192.93000 138.59000 24.61900 93.18900
28 2 21 23 03 37980.40000 8.66800000 1192.26000 138.41000 24.60500 93.18900
28 2 21 23 04 37964.90000 8.66800000 1190.71000 138.39000 24.60500 93.18900
28 2 21 23 04 37994.80000 8.66800000 1192.14000 138.52000 24.60500 93.30400
28 2 21 23 05 38000.00000 8.66800000 1192.09000 138.56000 24.60500 93.30400
28 2 21 23 05 38000.00000 8.70000000 1192.76000 138.59000 24.60500 93.30400
28 2 21 23 06 38030.70000 8.70000000 1193.40000 138.55000 24.60500 93.56000
28 2 21 23 06 37995.30000 8.70000000 1191.97000 138.50000 24.63600 93.26900
28 2 21 23 06 37985.80000 8.71100000 1192.88000 138.64000 24.67800 93.26900
28 2 21 23 07 37970.10000 8.71100000 1193.99000 138.48000 24.70100 93.26900
28 2 21 23 07 38015.00000 8.71100000 1193.99000 138.66000 24.98600 93.44900
28 2 21 23 08 37961.00000 8.71500000 1193.92000 138.48000 24.77300 93.44900
28 2 21 23 08 37999.90000 8.71500000 1193.93000 138.25000 24.77300 93.49200
28 2 21 23 09 37977.90000 8.71500000 1193.38000 138.25000 24.79700 93.49200
28 2 21 23 09 37988.50000 8.71500000 1194.10000 138.41000 24.79700 93.97000
28 2 21 23 09 37975.00000 8.71500000 1193.61000 138.41000 24.79700 93.97000
28 2 21 23 10 37943.50000 8.71500000 1193.01000 138.46000 24.79700 94.05200
28 2 21 23 10 37940.60000 8.71500000 1189.89000 138.43000 24.79700 94.16000
28 2 21 23 11 37959.50000 8.71500000 1191.34000 138.43000 24.79700 94.16000
28 2 21 23 11 37924.80000 8.71500000 1190.22000 138.43000 24.79700 94.16000
28 2 21 23 12 37923.00000 8.71500000 1191.03000 138.43000 24.79700 94.10300
28 2 21 23 12 37919.10000 8.71500000 1190.82000 138.59000 25.05300 94.15600
28 2 21 23 12 37925.60000 8.71500000 1190.80000 138.78000 25.25500 94.11500
28 2 21 23 13 37925.60000 8.71900000 1191.12000 138.78000 25.28200 94.16700
28 2 21 23 13 37912.10000 8.71900000 1190.99000 138.25000 25.04000 94.16700
28 2 21 23 14 37900.20000 8.71900000 1189.91000 138.67000 25.42100 93.98700
28 2 21 23 14 37903.00000 8.71900000 1190.54000 138.67000 25.11200 93.98700
28 2 21 23 15 37914.10000 8.71900000 1192.27000 138.54000 25.11200 93.98700
28 2 21 23 15 37947.50000 8.71900000 1192.04000 138.54000 25.11200 93.98700
28 2 21 23 15 37920.50000 8.71900000 1191.01000 138.43000 25.13600 93.98700
28 2 21 23 16 37915.40000 8.71900000 1190.09000 138.43000 25.16100 93.98700
28 2 21 23 16 37918.90000 8.71900000 1190.09000 138.25000 25.18500 93.98700
28 2 21 23 17 37930.00000 8.70100000 1190.98000 138.40000 25.20900 93.98700
28 2 21 23 17 37918.30000 8.70100000 1191.41000 138.40000 25.20900 93.98700
28 2 21 23 18 37913.30000 8.70100000 1191.97000 138.40000 25.20900 93.98700
28 2 21 23 18 37908.50000 8.70100000 1194.26000 138.20000 25.20900 93.98700
28 2 21 23 18 37914.60000 8.70100000 1194.77000 138.20000 25.20900 93.98700
28 2 21 23 19 37905.20000 8.70100000 1195.00000 138.20000 25.20900 93.98700
28 2 21 23 19 37902.90000 8.70100000 1195.39000 138.45000 25.20900 93.98700
28 2 21 23 20 37876.40000 8.70100000 1194.64000 138.45000 25.20900 93.98700
28 2 21 23 20 37898.60000 8.70100000 1194.26000 138.45000 25.20900 94.12200
28 2 21 23 21 37887.90000 8.70100000 1193.29000 138.45000 25.20900 94.12200
28 2 21 23 21 37897.00000 8.70100000 1193.87000 138.45000 25.20900 94.12200
28 2 21 23 21 37900.00000 8.70100000 1193.38000 138.45000 25.20900 94.12200
28 2 21 23 22 37937.60000 8.70100000 1193.41000 138.49000 25.20900 94.12200
28 2 21 23 22 37909.50000 8.70100000 1192.87000 138.49000 25.20900 94.12200
28 2 21 23 23 37902.30000 8.71000000 1192.65000 138.44000 25.20900 94.12200
28 2 21 23 23 37881.00000 8.71000000 1192.15000 138.33000 25.20900 94.12200
28 2 21 23 24 37884.50000 8.71000000 1192.91000 138.31000 25.20900 94.12200
28 2 21 23 24 37884.60000 8.71000000 1191.80000 138.31000 25.20900 94.12200
28 2 21 23 24 37860.10000 8.71000000 1189.83000 138.13000 25.20900 93.72000
28 2 21 23 25 37865.50000 8.71000000 1190.39000 138.17000 25.20900 93.72000
28 2 21 23 25 37860.00000 8.71000000 1189.90000 138.17000 25.20900 93.72000
28 2 21 23 26 37860.10000 8.71000000 1190.00000 138.21000 25.23400 94.03400
28 2 21 23 26 37813.80000 8.71000000 1190.52000 138.21000 25.25800 94.03400
28 2 21 23 27 37829.50000 8.71000000 1191.32000 138.21000 25.25800 93.83400
28 2 21 23 27 37833.90000 8.71000000 1191.41000 138.21000 25.28300 93.83400
28 2 21 23 27 37813.00000 8.71000000 1190.70000 138.21000 25.28300 93.83400
