M=[
28 6 21 20 12 28782.50000 36.14200000 1769.89000 113.95000 16.16500 94.86100
28 6 21 20 12 28789.70000 36.14200000 1768.95000 113.95000 16.16500 94.86100
28 6 21 20 13 28793.50000 36.14200000 1769.25000 113.95000 16.16500 94.86100
28 6 21 20 13 28802.80000 36.14200000 1770.89000 113.95000 16.16500 94.86100
28 6 21 20 13 28812.80000 36.14200000 1770.00000 114.06000 16.16500 94.86100
28 6 21 20 14 28812.80000 36.14200000 1770.69000 114.07000 16.16500 94.86100
28 6 21 20 14 28815.10000 36.14200000 1770.68000 114.14000 16.16500 94.86100
28 6 21 20 15 28783.40000 36.14200000 1768.25000 113.95000 16.16500 94.86100
28 6 21 20 15 28767.60000 36.14200000 1767.00000 113.95000 16.16500 94.86100
28 6 21 20 16 28814.70000 36.14200000 1766.41000 113.98000 16.16500 94.32000
28 6 21 20 16 28815.00000 36.14200000 1769.34000 114.10000 16.16500 94.32000
28 6 21 20 16 28846.20000 36.14200000 1769.99000 114.10000 16.16500 94.32000
28 6 21 20 17 28839.80000 36.14200000 1771.90000 114.22000 16.16500 94.32000
28 6 21 20 17 28839.80000 36.14200000 1771.82000 114.22000 16.16500 94.32000
28 6 21 20 18 28818.00000 36.14200000 1770.29000 114.22000 16.16500 94.32000
28 6 21 20 18 28818.00000 36.14200000 1770.29000 114.22000 16.16500 94.32000
28 6 21 20 19 28787.10000 36.14200000 1769.86000 114.21000 16.16500 94.32000
28 6 21 20 19 28776.40000 36.14200000 1766.06000 114.21000 16.16500 94.32000
28 6 21 20 19 28785.60000 36.14200000 1767.32000 114.21000 16.16500 94.24500
28 6 21 20 20 28786.00000 36.14200000 1766.42000 113.90000 16.16500 94.24500
28 6 21 20 20 28780.80000 36.14200000 1766.74000 113.90000 16.16500 94.24500
28 6 21 20 21 28789.50000 36.14200000 1766.74000 114.04000 16.16500 94.24500
28 6 21 20 21 28800.00000 36.14200000 1769.76000 114.04000 16.16500 94.24500
28 6 21 20 22 28799.50000 36.14200000 1769.76000 114.09000 16.16500 94.35100
28 6 21 20 22 28798.50000 36.14200000 1769.76000 114.09000 16.16500 94.35100
28 6 21 20 22 28798.50000 36.14200000 1769.76000 114.09000 16.16500 94.35100
28 6 21 20 23 28804.10000 36.14200000 1769.76000 114.09000 16.16500 94.35100
28 6 21 20 23 28804.10000 36.14200000 1769.76000 114.09000 16.16500 94.35100
28 6 21 20 24 28804.20000 36.14200000 1767.78000 114.10000 16.16500 94.35100
28 6 21 20 24 28804.30000 36.14200000 1767.43000 114.18000 16.16500 94.35100
28 6 21 20 25 28804.30000 36.14200000 1767.74000 114.18000 16.16500 94.35100
28 6 21 20 25 28821.20000 36.14200000 1767.66000 114.18000 16.16500 94.35100
28 6 21 20 25 28821.50000 36.14200000 1767.66000 114.18000 16.16500 94.35100
28 6 21 20 26 28801.30000 36.14200000 1767.73000 114.13000 16.16500 94.35100
28 6 21 20 26 28809.00000 36.14200000 1767.99000 114.13000 16.16500 94.35100
28 6 21 20 27 28853.10000 36.14200000 1770.99000 114.13000 16.16500 94.35100
28 6 21 20 27 28858.60000 36.14200000 1770.80000 114.31000 16.16500 94.35100
28 6 21 20 28 28861.70000 36.21700000 1771.14000 114.32000 16.16500 94.35100
28 6 21 20 28 28895.00000 36.30900000 1774.30000 114.33000 16.16500 94.35100
28 6 21 20 28 28909.50000 36.30900000 1776.09000 114.33000 16.16500 94.35100
28 6 21 20 29 28935.10000 36.30900000 1777.51000 114.33000 16.16500 94.35100
28 6 21 20 29 28935.00000 36.30900000 1777.94000 114.33000 16.16500 94.35100
28 6 21 20 30 28962.00000 36.30900000 1780.65000 114.33000 16.16500 94.35100
28 6 21 20 30 28961.90000 36.30900000 1780.33000 114.33000 16.16500 94.35100
28 6 21 20 31 28939.80000 36.30900000 1778.44000 114.50000 16.16500 94.35100
28 6 21 20 31 28962.00000 36.30900000 1778.44000 114.56000 16.16500 94.35100
28 6 21 20 31 28943.30000 36.30900000 1777.52000 114.56000 16.16500 94.35100
28 6 21 20 32 28945.40000 36.30900000 1776.60000 114.56000 16.16500 94.35100
28 6 21 20 32 28955.60000 36.30900000 1776.64000 114.56000 16.16500 94.35100
28 6 21 20 33 28962.10000 36.30900000 1777.06000 114.55000 16.16500 94.35100
28 6 21 20 33 28962.10000 36.30900000 1776.85000 114.55000 16.16500 94.35100
28 6 21 20 34 28972.90000 36.30900000 1776.85000 114.69000 16.16500 94.95800
28 6 21 20 34 28999.00000 36.30900000 1777.52000 114.69000 16.16500 94.95800
28 6 21 20 34 29051.90000 36.30900000 1780.81000 114.69000 16.16500 94.95800
28 6 21 20 35 29038.70000 36.30900000 1781.26000 114.69000 16.16500 94.95800
28 6 21 20 35 29085.70000 36.30900000 1785.87000 115.00000 16.16500 95.10000
28 6 21 20 36 29100.00000 36.30900000 1786.83000 115.07000 16.16500 95.10000
28 6 21 20 36 29100.00000 36.30900000 1785.67000 115.07000 16.16500 95.10000
28 6 21 20 37 29063.50000 36.30900000 1788.88000 115.07000 16.16500 95.10000
28 6 21 20 37 29072.10000 36.30900000 1787.54000 115.02000 16.16500 95.10000
28 6 21 20 37 29079.80000 36.30900000 1785.86000 115.02000 16.16500 95.10000
28 6 21 20 38 29032.60000 36.30900000 1780.99000 115.03000 16.16500 95.83800
28 6 21 20 38 29024.80000 36.30900000 1781.71000 114.94000 16.16500 95.83800
28 6 21 20 39 29017.00000 36.30900000 1781.71000 114.91000 16.16500 95.95000
28 6 21 20 39 29010.10000 36.30900000 1781.16000 114.91000 16.16500 95.95000
28 6 21 20 40 29006.80000 36.30900000 1781.69000 114.91000 16.16500 95.95000
28 6 21 20 40 29006.70000 36.30900000 1781.69000 114.96000 16.16500 95.95000
28 6 21 20 40 29010.00000 36.30900000 1781.41000 114.92000 16.16500 95.95000
28 6 21 20 41 28999.90000 36.30900000 1781.13000 114.89000 16.16500 95.95000
28 6 21 20 41 29000.80000 36.30900000 1781.14000 114.89000 16.16500 95.95000
28 6 21 20 42 29010.60000 36.30900000 1781.83000 114.89000 16.16500 95.95000
28 6 21 20 42 29010.60000 36.30900000 1782.50000 114.92000 16.16500 95.95000
28 6 21 20 43 29035.90000 36.50000000 1785.68000 114.92000 16.16500 95.95000
28 6 21 20 43 29018.00000 36.50000000 1785.37000 114.92000 16.16500 95.95000
28 6 21 20 43 29025.80000 36.50000000 1785.99000 114.92000 16.16500 95.95000
28 6 21 20 44 29025.80000 36.50000000 1785.50000 114.92000 16.16500 95.95000
28 6 21 20 44 29003.40000 36.50000000 1785.50000 114.88000 16.16500 95.95000
28 6 21 20 45 29003.30000 36.50000000 1785.78000 114.88000 16.16500 95.95000
28 6 21 20 45 29010.10000 36.50000000 1785.98000 114.88000 16.16500 95.95000
28 6 21 20 46 28999.00000 36.47500000 1785.01000 114.92000 16.16500 95.95000
28 6 21 20 46 28999.00000 36.47500000 1784.54000 114.92000 16.16500 95.95000
28 6 21 20 46 28999.10000 36.47500000 1782.32000 114.92000 16.16500 95.95000
28 6 21 20 47 28999.00000 36.47500000 1782.23000 114.92000 16.16500 95.95000
28 6 21 20 47 28999.00000 36.47500000 1782.99000 114.85000 16.16500 95.95000
28 6 21 20 48 28999.10000 36.47500000 1782.99000 114.83000 16.16500 95.33100
28 6 21 20 48 28999.00000 36.47500000 1783.00000 114.83000 16.16500 95.33100
28 6 21 20 49 28999.10000 36.47500000 1783.01000 114.83000 16.16500 95.33100
28 6 21 20 49 28977.60000 36.47500000 1783.00000 114.83000 16.16500 95.33100
28 6 21 20 49 28968.30000 36.47500000 1781.34000 114.73000 16.16500 95.33100
28 6 21 20 50 28968.20000 36.47500000 1780.01000 114.73000 16.16500 95.33100
28 6 21 20 50 28968.20000 36.47500000 1780.02000 114.73000 16.16500 95.33100
28 6 21 20 51 28968.20000 36.47500000 1780.46000 114.73000 16.16500 95.33100
28 6 21 20 51 28968.30000 36.47500000 1780.46000 114.78000 16.16500 95.33100
28 6 21 20 52 28968.30000 36.47500000 1781.47000 114.78000 16.16500 95.33100
28 6 21 20 52 28956.70000 36.34900000 1780.78000 114.75000 16.16500 95.33100
28 6 21 20 52 28962.60000 36.34900000 1780.78000 114.75000 16.16500 95.33100
28 6 21 20 53 28962.60000 36.34900000 1780.79000 114.79000 16.16500 95.33100
28 6 21 20 53 28962.60000 36.42500000 1785.69000 114.95000 16.16500 95.33100
28 6 21 20 54 28963.00000 36.42500000 1785.69000 114.95000 16.16500 95.33100
28 6 21 20 54 28970.90000 36.42500000 1784.80000 114.94000 16.16500 95.34700
28 6 21 20 55 28964.60000 36.42500000 1784.68000 114.94000 16.16500 95.34700
28 6 21 20 55 28955.70000 36.42500000 1782.84000 114.94000 16.16500 95.34700
28 6 21 20 55 28964.80000 36.42500000 1783.17000 114.94000 16.16500 95.34700
