M=[
25 7 20 04 18 8241.00000 5.52900000 242.84000 40.62000 20.21200 54.97600
25 7 20 04 19 8241.00000 5.52900000 242.59000 40.62000 20.21200 54.83000
25 7 20 04 19 8241.10000 5.52900000 242.63000 40.62000 20.21200 54.83000
25 7 20 04 20 8241.10000 5.52900000 242.61000 40.62000 20.21200 54.77300
25 7 20 04 20 8241.10000 5.52900000 242.79000 40.62000 20.21200 54.77300
25 7 20 04 21 8241.10000 5.52900000 242.79000 40.62000 20.21200 54.77300
25 7 20 04 21 8241.10000 5.52900000 242.90000 40.62000 20.21200 54.77300
25 7 20 04 22 8242.40000 5.52900000 242.90000 40.62000 20.21200 54.77300
25 7 20 04 22 8242.40000 5.52900000 242.90000 40.52000 20.21200 54.77300
25 7 20 04 22 8241.80000 5.52900000 242.90000 40.52000 20.21200 54.77300
25 7 20 04 23 8242.00000 5.52900000 242.91000 40.52000 20.21200 54.77300
25 7 20 04 23 8241.80000 5.52900000 243.00000 40.52000 20.21200 54.77300
25 7 20 04 24 8241.70000 5.52900000 243.19000 40.52000 20.21200 54.77300
25 7 20 04 24 8241.70000 5.52900000 243.09000 40.52000 20.21200 54.77300
25 7 20 04 25 8241.50000 5.52900000 243.10000 40.52000 20.21200 54.77300
25 7 20 04 25 8241.50000 5.52900000 243.15000 40.52000 20.21200 54.77300
25 7 20 04 26 8241.80000 5.52900000 243.14000 40.52000 20.21200 54.77300
25 7 20 04 26 8241.80000 5.52900000 243.22000 40.52000 20.21200 54.77300
25 7 20 04 27 8241.80000 5.52900000 243.22000 40.43000 20.21200 54.77300
25 7 20 04 27 8241.80000 5.52900000 243.17000 40.43000 20.21200 54.77300
25 7 20 04 27 8241.50000 5.52900000 243.13000 40.43000 20.21200 54.77300
25 7 20 04 28 8241.00000 5.52900000 243.13000 40.43000 20.21200 54.77300
25 7 20 04 28 8241.10000 5.52900000 243.13000 40.43000 20.21200 54.77300
25 7 20 04 29 8241.00000 5.52900000 243.13000 40.43000 20.21200 54.77300
25 7 20 04 29 8240.40000 5.52900000 243.12000 40.43000 20.21200 54.77300
25 7 20 04 30 8240.40000 5.52900000 243.11000 40.43000 20.21200 54.77300
25 7 20 04 30 8240.30000 5.52900000 243.11000 40.43000 20.21200 54.77300
25 7 20 04 31 8240.00000 5.52900000 243.11000 40.43000 20.21200 54.77300
25 7 20 04 31 8240.00000 5.52900000 243.11000 40.43000 20.21200 54.77300
25 7 20 04 32 8240.10000 5.52900000 243.11000 40.43000 20.21200 54.77300
25 7 20 04 32 8240.10000 5.52900000 243.31000 40.43000 20.21200 54.77300
25 7 20 04 32 8240.00000 5.52900000 243.30000 40.43000 20.21200 54.77300
25 7 20 04 33 8240.00000 5.52900000 243.23000 40.43000 20.21200 54.77300
25 7 20 04 33 8240.10000 5.52900000 243.23000 40.41000 20.21200 54.77300
25 7 20 04 34 8240.10000 5.52900000 243.23000 40.41000 20.21200 54.77300
25 7 20 04 34 8240.10000 5.52900000 243.23000 40.41000 20.21200 54.77300
25 7 20 04 35 8240.10000 5.52900000 243.22000 40.41000 20.21200 54.77300
25 7 20 04 35 8240.10000 5.52900000 243.23000 40.41000 20.21200 54.77300
25 7 20 04 36 8240.10000 5.52900000 243.23000 40.41000 20.21200 54.77300
25 7 20 04 36 8240.00000 5.52900000 243.22000 40.41000 20.21200 54.77300
25 7 20 04 37 8240.10000 5.52900000 243.22000 40.41000 20.21200 54.77300
25 7 20 04 37 8240.10000 5.52900000 243.11000 40.41000 20.21200 54.77300
25 7 20 04 37 8240.10000 5.52900000 243.11000 40.41000 20.21200 54.77300
25 7 20 04 38 8240.10000 5.52900000 243.11000 40.41000 20.21200 54.77300
25 7 20 04 38 8240.00000 5.52900000 243.11000 40.56000 20.21200 54.77300
25 7 20 04 39 8240.10000 5.52900000 243.27000 40.56000 20.21200 54.77300
25 7 20 04 39 8240.10000 5.52900000 243.28000 40.58000 20.21200 54.77300
25 7 20 04 40 8240.00000 5.52900000 243.30000 40.60000 20.21200 54.77300
25 7 20 04 40 8240.00000 5.52900000 243.30000 40.60000 20.21200 54.77300
25 7 20 04 41 8240.10000 5.52900000 243.30000 40.60000 20.21200 54.77300
25 7 20 04 41 8240.10000 5.52900000 243.30000 40.60000 20.21200 54.77300
25 7 20 04 41 8240.10000 5.52900000 243.30000 40.60000 20.21200 54.77300
25 7 20 04 42 8237.60000 5.52900000 243.30000 40.60000 20.21200 54.77300
25 7 20 04 42 8237.10000 5.52900000 243.30000 40.60000 20.21200 54.77300
25 7 20 04 43 8235.80000 5.52900000 243.40000 40.60000 20.21200 54.77300
25 7 20 04 43 8238.00000 5.52900000 243.40000 40.60000 20.21200 54.77300
25 7 20 04 44 8237.90000 5.52900000 243.54000 40.62000 20.21200 54.77300
25 7 20 04 44 8237.30000 5.52900000 243.58000 40.62000 20.21200 54.77300
25 7 20 04 45 8238.50000 5.52900000 243.63000 40.62000 20.21200 54.77300
25 7 20 04 45 8238.50000 5.52900000 243.51000 40.62000 20.21200 54.77300
25 7 20 04 45 8238.50000 5.52900000 243.57000 40.62000 20.21200 54.77300
25 7 20 04 46 8240.10000 5.52900000 243.50000 40.62000 20.21200 54.77300
25 7 20 04 46 8240.10000 5.52900000 243.50000 40.62000 20.21200 54.77300
25 7 20 04 47 8240.00000 5.52900000 243.50000 40.62000 20.21200 54.77300
25 7 20 04 47 8240.10000 5.52900000 243.54000 40.62000 20.21200 54.77300
25 7 20 04 48 8238.80000 5.52900000 243.54000 40.62000 20.21200 54.77300
25 7 20 04 48 8238.70000 5.52900000 243.54000 40.62000 20.21200 54.77300
25 7 20 04 49 8240.10000 5.52900000 243.56000 40.62000 20.21200 54.77300
25 7 20 04 49 8240.10000 5.52900000 243.56000 40.62000 20.21200 54.77300
25 7 20 04 50 8239.40000 5.52900000 243.56000 40.62000 20.21200 54.77300
25 7 20 04 50 8238.90000 5.52900000 243.56000 40.37000 20.21200 54.88700
25 7 20 04 50 8238.80000 5.52900000 243.54000 40.36000 20.21200 54.88700
25 7 20 04 51 8238.80000 5.52900000 243.54000 40.37000 20.21200 54.88700
25 7 20 04 51 8238.80000 5.52900000 243.64000 40.37000 20.21200 54.82300
25 7 20 04 52 8238.80000 5.52900000 243.64000 40.37000 20.21200 54.82300
25 7 20 04 52 8238.90000 5.52900000 243.64000 40.37000 20.21200 54.82300
25 7 20 04 53 8238.90000 5.52900000 243.64000 40.37000 20.07700 54.82300
25 7 20 04 53 8238.80000 5.52900000 243.64000 40.44000 20.07700 54.82300
25 7 20 04 54 8238.90000 5.52900000 243.70000 40.44000 20.03100 54.82300
25 7 20 04 54 8238.90000 5.52900000 243.69000 40.44000 20.03100 54.82300
25 7 20 04 55 8238.80000 5.52900000 243.69000 40.44000 20.03100 54.82300
25 7 20 04 55 8240.00000 5.52900000 243.63000 40.44000 20.03100 54.82300
25 7 20 04 55 8240.00000 5.52900000 243.61000 40.44000 20.03100 54.82300
25 7 20 04 56 8240.00000 5.52900000 243.65000 40.44000 20.03100 54.82300
25 7 20 04 56 8239.90000 5.52900000 243.63000 40.44000 20.03100 54.82300
25 7 20 04 57 8240.00000 5.52900000 243.61000 40.44000 20.03100 54.82300
25 7 20 04 57 8240.00000 5.52900000 243.61000 40.44000 20.03100 54.82300
25 7 20 04 58 8240.00000 5.52900000 243.61000 40.44000 20.03100 54.82300
25 7 20 04 58 8240.00000 5.52900000 243.77000 40.44000 20.03100 54.82300
25 7 20 04 59 8240.10000 5.52900000 243.92000 40.44000 20.03100 54.82300
25 7 20 04 59 8240.10000 5.52900000 243.92000 40.44000 20.03100 54.82300
25 7 20 05 00 8240.10000 5.52900000 243.86000 40.44000 20.03100 54.82300
25 7 20 05 00 8240.10000 5.52900000 243.90000 40.44000 20.03100 54.82300
25 7 20 05 00 8240.10000 5.52900000 243.98000 40.44000 20.03100 54.82300
25 7 20 05 01 8240.30000 5.52900000 243.98000 40.44000 20.03100 54.82300
25 7 20 05 01 8243.00000 5.52900000 243.95000 40.44000 20.03100 54.82300
25 7 20 05 02 8246.80000 5.52900000 243.75000 40.44000 20.03100 54.82300
25 7 20 05 02 8266.90000 5.52900000 244.17000 40.44000 20.03100 54.82300
25 7 20 05 03 8263.90000 5.52900000 244.09000 40.71000 20.10400 54.82300
25 7 20 05 03 8271.30000 5.52900000 244.66000 40.79000 20.10400 54.82300
25 7 20 05 04 8273.00000 5.52900000 244.75000 40.79000 20.10400 54.82300
25 7 20 05 05 8273.00000 5.52900000 244.75000 40.79000 20.10800 54.82300
25 7 20 05 05 8265.40000 5.52900000 244.41000 40.79000 20.10800 54.82300
25 7 20 05 06 8265.00000 5.52900000 244.40000 40.79000 20.10800 54.82300
25 7 20 05 06 8251.20000 5.52900000 243.93000 40.79000 20.10800 54.82300
25 7 20 05 07 8251.20000 5.52900000 243.93000 40.79000 20.10800 54.82300
25 7 20 05 07 8253.10000 5.51000000 243.93000 40.79000 20.10800 54.82300
25 7 20 05 08 8250.30000 5.50100000 244.22000 40.79000 20.10800 54.97500
25 7 20 05 08 8250.20000 5.50100000 244.05000 40.79000 20.10800 54.97500
