M=[
26 8 20 09 59 9641.70000 5.46000000 323.85000 49.06000 18.80000 63.59300
26 8 20 10 00 9641.70000 5.46000000 323.85000 49.06000 18.80000 63.59300
26 8 20 10 00 9641.70000 5.46000000 323.85000 49.06000 18.80000 63.59300
26 8 20 10 01 9643.70000 5.46000000 324.07000 49.06000 18.80000 63.59300
26 8 20 10 01 9651.90000 5.46000000 324.35000 49.06000 18.80000 63.59300
26 8 20 10 02 9651.90000 5.46000000 324.47000 49.06000 18.80000 63.59300
26 8 20 10 03 9651.80000 5.46000000 324.53000 49.06000 18.80000 63.90000
26 8 20 10 03 9651.90000 5.46500000 324.76000 49.06000 18.80000 63.90000
26 8 20 10 04 9651.90000 5.46500000 324.80000 49.18000 18.80000 63.90000
26 8 20 10 04 9651.90000 5.46500000 325.00000 49.18000 18.80000 63.90000
26 8 20 10 05 9651.90000 5.46500000 325.38000 49.18000 18.80000 63.90000
26 8 20 10 05 9656.60000 5.46500000 325.29000 49.18000 18.80000 63.90000
26 8 20 10 06 9656.60000 5.46500000 325.31000 49.18000 18.80000 63.90000
26 8 20 10 07 9653.40000 5.46500000 325.25000 49.18000 18.80000 63.90000
26 8 20 10 07 9653.40000 5.47900000 325.00000 49.18000 18.80000 63.90000
26 8 20 10 08 9653.30000 5.47900000 324.68000 49.18000 18.80000 63.90000
26 8 20 10 08 9653.30000 5.47900000 324.99000 49.18000 18.80000 63.90000
26 8 20 10 09 9654.90000 5.47900000 324.99000 49.18000 18.80000 63.90000
26 8 20 10 09 9657.10000 5.47900000 325.27000 49.18000 18.80000 63.90000
26 8 20 10 10 9657.10000 5.47900000 325.28000 49.18000 18.80000 63.90000
26 8 20 10 10 9657.00000 5.47900000 325.30000 49.18000 18.87500 63.90000
26 8 20 10 11 9657.10000 5.47900000 325.17000 49.18000 18.87500 63.90000
26 8 20 10 11 9657.10000 5.47900000 324.87000 49.18000 18.89800 63.90000
26 8 20 10 12 9657.10000 5.47900000 324.90000 49.18000 18.89800 63.90000
26 8 20 10 12 9657.00000 5.47900000 324.71000 49.18000 18.89800 63.90000
26 8 20 10 13 9657.00000 5.47900000 324.87000 49.18000 18.89800 63.90000
26 8 20 10 13 9657.10000 5.47900000 324.69000 49.18000 18.89800 63.90000
26 8 20 10 14 9657.00000 5.47900000 324.88000 49.13000 18.89800 63.90000
26 8 20 10 14 9654.80000 5.47900000 324.85000 49.13000 18.89800 63.89900
26 8 20 10 15 9650.50000 5.47900000 324.91000 49.13000 18.89800 63.89900
26 8 20 10 15 9648.40000 5.47900000 324.73000 49.13000 18.89800 63.89900
26 8 20 10 16 9643.60000 5.47900000 324.60000 49.10000 18.89800 63.89900
26 8 20 10 16 9643.70000 5.47900000 324.35000 49.10000 18.89800 63.89900
26 8 20 10 17 9643.60000 5.47900000 324.08000 49.10000 18.89800 63.89900
26 8 20 10 17 9643.70000 5.47900000 324.04000 49.02000 18.89800 63.66100
26 8 20 10 18 9643.70000 5.47900000 324.20000 49.02000 18.89800 63.66100
26 8 20 10 18 9645.20000 5.47900000 324.43000 49.02000 18.89800 63.66100
26 8 20 10 19 9647.80000 5.47900000 324.47000 49.02000 18.89800 63.66100
26 8 20 10 19 9651.50000 5.47900000 324.47000 49.02000 18.89800 63.66100
26 8 20 10 20 9655.30000 5.47900000 324.64000 49.02000 18.89800 63.66100
26 8 20 10 20 9654.90000 5.47900000 324.61000 49.02000 18.89800 63.66100
26 8 20 10 21 9655.80000 5.47900000 324.61000 49.02000 18.89800 63.66100
26 8 20 10 21 9654.90000 5.47900000 324.70000 49.02000 18.89800 63.66100
26 8 20 10 22 9654.90000 5.47900000 324.70000 49.02000 18.89800 63.66100
26 8 20 10 22 9654.80000 5.47000000 324.61000 49.02000 18.89800 63.66100
26 8 20 10 23 9660.20000 5.47000000 324.84000 49.02000 18.89800 63.66100
26 8 20 10 23 9661.10000 5.47000000 324.90000 49.20000 18.89800 63.66100
26 8 20 10 24 9662.00000 5.47000000 324.96000 49.20000 18.89800 63.66100
26 8 20 10 24 9664.40000 5.47000000 324.95000 49.20000 18.89800 63.66100
26 8 20 10 25 9697.20000 5.47000000 325.85000 49.23000 18.89800 63.66100
26 8 20 10 26 9695.40000 5.48200000 325.82000 49.25000 18.91000 63.66100
26 8 20 10 26 9695.60000 5.48200000 325.97000 49.30000 18.91000 63.66100
26 8 20 10 27 9690.40000 5.48200000 326.24000 49.35000 18.91000 64.14000
26 8 20 10 28 9688.20000 5.48200000 326.20000 49.35000 18.91000 64.14000
26 8 20 10 28 9692.00000 5.48200000 326.20000 49.35000 18.91000 64.14000
26 8 20 10 29 9687.80000 5.48200000 326.28000 49.33000 18.91000 64.14000
26 8 20 10 29 9692.50000 5.48200000 326.28000 49.33000 18.91000 64.14000
26 8 20 10 30 9699.40000 5.48200000 326.53000 49.34000 18.91000 64.14000
26 8 20 10 31 9700.00000 5.48200000 326.97000 49.34000 18.83500 64.15000
26 8 20 10 31 9700.00000 5.48200000 326.85000 49.34000 18.83500 64.15000
26 8 20 10 32 9693.20000 5.48200000 326.60000 49.35000 18.83500 64.15000
26 8 20 10 32 9684.50000 5.48200000 326.61000 49.35000 18.83500 64.15000
26 8 20 10 33 9687.60000 5.48200000 326.45000 49.35000 18.83500 64.15000
26 8 20 10 33 9682.60000 5.48200000 326.28000 49.35000 18.83500 64.15000
26 8 20 10 34 9690.50000 5.48200000 326.52000 49.35000 18.83500 64.15000
26 8 20 10 35 9684.50000 5.48200000 326.42000 49.35000 18.83500 64.15000
26 8 20 10 35 9687.60000 5.48200000 326.31000 49.35000 18.83500 64.15000
26 8 20 10 36 9688.70000 5.48200000 326.31000 49.35000 18.83500 64.15000
26 8 20 10 36 9688.70000 5.48200000 326.07000 49.35000 18.83500 64.12000
26 8 20 10 37 9688.70000 5.48200000 326.14000 49.35000 18.83500 64.12000
26 8 20 10 38 9688.60000 5.48200000 326.01000 49.35000 18.83500 63.98100
26 8 20 10 38 9688.70000 5.48200000 326.21000 49.30000 18.83500 63.98100
26 8 20 10 39 9688.80000 5.48200000 326.21000 49.29000 18.83500 63.98100
26 8 20 10 39 9687.60000 5.48200000 326.22000 49.22000 18.83500 63.98100
26 8 20 10 40 9687.60000 5.48200000 326.22000 49.22000 18.83500 63.98100
26 8 20 10 40 9687.60000 5.48200000 326.18000 49.22000 18.83500 63.98100
26 8 20 10 40 9685.10000 5.48200000 326.17000 49.22000 18.83500 63.98100
26 8 20 10 41 9685.00000 5.48200000 326.18000 49.22000 18.83500 63.98100
26 8 20 10 41 9685.00000 5.48200000 326.18000 49.22000 18.83500 63.98100
26 8 20 10 42 9685.90000 5.48200000 326.21000 49.27000 18.83500 63.98100
26 8 20 10 42 9685.90000 5.48200000 326.22000 49.27000 18.83500 63.98100
26 8 20 10 43 9685.10000 5.48200000 326.19000 49.27000 18.83500 63.98100
26 8 20 10 43 9685.20000 5.48200000 326.02000 49.27000 18.83500 63.98100
26 8 20 10 44 9685.20000 5.48200000 326.02000 49.23000 18.83500 63.98100
26 8 20 10 44 9685.10000 5.48200000 326.02000 49.23000 18.83500 63.98100
26 8 20 10 45 9680.50000 5.48200000 326.01000 49.20000 18.83500 63.98100
26 8 20 10 45 9680.00000 5.48200000 326.01000 49.26000 18.83500 63.98100
26 8 20 10 46 9677.80000 5.48200000 326.02000 49.26000 18.83500 63.98100
26 8 20 10 46 9673.40000 5.48200000 325.30000 49.26000 18.89600 63.98100
26 8 20 10 47 9674.40000 5.48200000 325.31000 49.26000 18.89600 63.98100
26 8 20 10 47 9674.30000 5.48200000 325.31000 49.26000 18.89600 63.98100
26 8 20 10 48 9673.50000 5.48200000 325.47000 49.26000 18.89600 63.98100
26 8 20 10 48 9673.50000 5.48200000 325.58000 49.26000 18.89600 63.98100
26 8 20 10 49 9673.50000 5.48200000 325.64000 49.26000 18.89600 63.98100
26 8 20 10 49 9673.00000 5.48200000 325.67000 49.26000 18.89600 63.98100
26 8 20 10 50 9672.90000 5.48200000 325.49000 49.21000 18.83400 63.91800
26 8 20 10 50 9675.00000 5.48200000 325.42000 49.16000 18.83400 63.91800
26 8 20 10 51 9666.20000 5.48200000 325.23000 49.16000 18.83400 63.91800
26 8 20 10 51 9665.40000 5.48200000 325.24000 49.16000 18.83400 63.91800
26 8 20 10 52 9665.50000 5.48200000 325.00000 49.16000 18.83400 63.91800
26 8 20 10 52 9661.90000 5.48600000 324.95000 49.15000 18.83400 63.91800
26 8 20 10 53 9662.70000 5.48600000 324.86000 49.09000 18.83400 63.91800
26 8 20 10 53 9663.40000 5.48600000 324.90000 49.09000 18.83400 63.91800
26 8 20 10 54 9663.20000 5.48600000 324.90000 49.09000 18.83400 63.91800
26 8 20 10 54 9663.50000 5.48600000 324.90000 49.09000 18.87000 63.91800
26 8 20 10 55 9667.10000 5.47000000 324.87000 49.09000 18.87000 63.91800
26 8 20 10 56 9663.40000 5.47000000 324.92000 49.09000 18.87000 63.91800
26 8 20 10 56 9662.00000 5.47000000 324.92000 49.09000 18.87000 63.91800
26 8 20 10 57 9661.30000 5.47000000 324.79000 49.11000 18.87000 63.91800
