M=[
 7 9 20 22 42 8783.00000 4.38700000 298.97000 41.12000 14.35000 52.82100
 7 9 20 22 42 8780.10000 4.38700000 298.97000 41.12000 14.35000 52.82100
 7 9 20 22 43 8790.00000 4.38700000 299.50000 41.12000 14.35000 52.82100
 7 9 20 22 43 8786.90000 4.38700000 299.59000 41.12000 14.35000 52.93900
 7 9 20 22 44 8792.00000 4.38700000 299.89000 41.12000 14.35000 52.93900
 7 9 20 22 44 8795.00000 4.38700000 299.99000 41.12000 14.35000 52.93900
 7 9 20 22 45 8792.00000 4.38700000 299.99000 41.12000 14.35000 52.93900
 7 9 20 22 45 8793.00000 4.38700000 300.31000 41.12000 14.35000 52.93900
 7 9 20 22 46 8797.00000 4.38700000 300.76000 41.30000 14.35000 52.93900
 7 9 20 22 46 8793.60000 4.38700000 299.98000 41.29000 14.35000 52.93900
 7 9 20 22 47 8798.90000 4.38700000 300.67000 41.29000 14.19900 52.93900
 7 9 20 22 47 8793.10000 4.38700000 299.92000 41.29000 14.19900 52.93900
 7 9 20 22 47 8787.30000 4.38700000 299.64000 41.29000 14.19900 52.93900
 7 9 20 22 48 8795.80000 4.38900000 300.13000 41.29000 14.19900 52.93900
 7 9 20 22 48 8791.20000 4.38900000 299.79000 41.26000 14.19900 52.93900
 7 9 20 22 49 8793.00000 4.38900000 299.88000 41.26000 14.19900 52.93900
 7 9 20 22 49 8801.00000 4.38900000 299.88000 41.26000 14.19900 52.93900
 7 9 20 22 50 8805.30000 4.38900000 300.14000 41.26000 14.19900 52.93900
 7 9 20 22 50 8814.20000 4.38900000 300.73000 41.39000 14.23800 52.93900
 7 9 20 22 51 8815.10000 4.38900000 300.95000 41.39000 14.23800 52.93900
 7 9 20 22 51 8815.10000 4.38900000 300.79000 41.39000 14.23800 52.93900
 7 9 20 22 52 8805.50000 4.38900000 300.22000 41.36000 14.23800 52.93900
 7 9 20 22 52 8806.30000 4.38900000 300.27000 41.36000 14.23800 52.93900
 7 9 20 22 53 8806.40000 4.35700000 300.22000 41.36000 14.23800 52.93900
 7 9 20 22 53 8802.40000 4.35700000 299.46000 41.20000 14.23800 52.93900
 7 9 20 22 54 8794.20000 4.35700000 299.36000 41.20000 14.23800 52.93900
 7 9 20 22 54 8780.00000 4.35700000 298.92000 41.20000 14.23800 52.55300
 7 9 20 22 55 8792.50000 4.35700000 299.13000 41.20000 14.23800 52.55300
 7 9 20 22 55 8803.40000 4.35700000 299.30000 41.20000 14.23800 52.55300
 7 9 20 22 56 8799.20000 4.35700000 299.22000 41.20000 14.23800 52.55300
 7 9 20 22 56 8804.00000 4.35700000 299.25000 41.20000 14.23800 52.55300
 7 9 20 22 57 8807.10000 4.35700000 299.21000 41.20000 14.23800 52.55300
 7 9 20 22 57 8796.90000 4.35700000 298.37000 41.20000 14.23800 52.55300
 7 9 20 22 57 8802.80000 4.35700000 298.60000 41.14000 14.23800 52.55300
 7 9 20 22 58 8802.30000 4.35700000 298.61000 41.14000 14.23800 52.55300
 7 9 20 22 58 8802.30000 4.35700000 298.28000 41.10000 14.23800 52.55300
 7 9 20 22 59 8802.20000 4.35700000 298.14000 41.10000 14.23800 52.55300
 7 9 20 22 59 8805.80000 4.35700000 299.03000 41.10000 14.23800 52.55300
 7 9 20 23 00 8829.00000 4.35700000 299.36000 41.16000 14.23800 52.55300
 7 9 20 23 00 8821.30000 4.39100000 299.34000 41.16000 14.23800 52.55300
 7 9 20 23 01 8822.50000 4.39100000 299.27000 41.16000 14.23800 52.55300
 7 9 20 23 01 8816.90000 4.39100000 299.10000 41.16000 14.23800 52.56700
 7 9 20 23 02 8814.50000 4.39100000 298.74000 41.16000 14.23800 52.56700
 7 9 20 23 02 8814.60000 4.39100000 299.00000 41.16000 14.23800 52.56700
 7 9 20 23 03 8811.90000 4.39100000 298.73000 41.16000 14.23800 52.56700
 7 9 20 23 03 8811.90000 4.39100000 298.73000 41.16000 14.23800 52.56700
 7 9 20 23 03 8796.20000 4.39100000 298.89000 41.16000 14.23800 52.56700
 7 9 20 23 04 8796.30000 4.39100000 298.03000 41.16000 14.23800 52.56700
 7 9 20 23 04 8795.60000 4.39100000 298.03000 41.16000 14.23800 52.56700
 7 9 20 23 05 8797.80000 4.39100000 298.28000 41.16000 14.23800 52.56700
 7 9 20 23 05 8795.60000 4.39100000 298.18000 41.16000 14.23800 52.56700
 7 9 20 23 06 8793.40000 4.39100000 298.61000 41.16000 14.23800 52.56700
 7 9 20 23 06 8793.40000 4.39100000 298.61000 41.16000 14.23800 52.56700
 7 9 20 23 07 8793.40000 4.39100000 298.61000 41.16000 14.23500 52.56700
 7 9 20 23 07 8793.40000 4.39100000 298.60000 41.16000 14.23500 52.56700
 7 9 20 23 08 8793.50000 4.39100000 298.60000 41.14000 14.23500 52.56700
 7 9 20 23 08 8797.10000 4.39100000 298.60000 41.17000 14.23500 52.56700
 7 9 20 23 08 8799.20000 4.39100000 298.60000 41.17000 14.13800 52.56700
 7 9 20 23 09 8795.00000 4.39100000 298.34000 41.17000 14.13800 52.56700
 7 9 20 23 09 8786.40000 4.39100000 298.34000 41.17000 14.13800 52.56700
 7 9 20 23 10 8791.60000 4.39100000 298.34000 41.17000 14.13800 52.56700
 7 9 20 23 10 8792.20000 4.39100000 298.47000 41.17000 14.13800 52.56700
 7 9 20 23 11 8792.80000 4.39100000 298.47000 41.17000 14.13800 52.56700
 7 9 20 23 11 8798.30000 4.39100000 298.47000 41.17000 14.13800 52.56700
 7 9 20 23 12 8799.10000 4.37000000 298.47000 41.17000 14.13800 52.56700
 7 9 20 23 12 8800.00000 4.37000000 299.30000 41.17000 14.13800 52.56700
 7 9 20 23 12 8800.00000 4.37000000 299.30000 41.17000 14.13800 52.56700
 7 9 20 23 13 8800.00000 4.37000000 299.30000 41.17000 14.13800 52.56700
 7 9 20 23 13 8799.90000 4.37000000 299.59000 41.17000 14.13800 52.56700
 7 9 20 23 14 8799.90000 4.37000000 299.59000 41.17000 14.13800 52.56700
 7 9 20 23 14 8800.00000 4.37000000 299.84000 41.17000 14.13800 52.56700
 7 9 20 23 15 8799.00000 4.37000000 299.90000 41.17000 14.13800 52.56700
 7 9 20 23 15 8791.60000 4.37000000 299.81000 41.17000 14.13800 52.56700
 7 9 20 23 15 8793.10000 4.37000000 299.81000 41.51000 14.13800 52.56700
 7 9 20 23 16 8799.90000 4.37000000 300.00000 41.51000 14.13800 52.56700
 7 9 20 23 16 8800.00000 4.37000000 300.00000 41.58000 14.13800 52.56700
 7 9 20 23 17 8812.60000 4.37000000 300.30000 41.58000 14.13800 52.56700
 7 9 20 23 17 8814.60000 4.37000000 300.46000 41.58000 14.13800 52.56700
 7 9 20 23 18 8814.80000 4.37000000 300.83000 41.63000 14.13800 52.56700
 7 9 20 23 18 8814.90000 4.37000000 300.38000 41.63000 14.13800 52.56700
 7 9 20 23 19 8814.90000 4.37000000 300.38000 41.63000 14.13800 52.56700
 7 9 20 23 19 8803.70000 4.37000000 299.95000 41.59000 14.13800 52.56700
 7 9 20 23 20 8798.30000 4.37000000 299.95000 41.58000 14.13800 52.56700
 7 9 20 23 20 8796.70000 4.37000000 299.59000 41.58000 14.13800 52.56700
 7 9 20 23 21 8796.70000 4.37000000 299.43000 41.58000 14.13800 52.56700
 7 9 20 23 21 8798.30000 4.37000000 299.56000 41.58000 14.13800 52.56700
 7 9 20 23 21 8799.00000 4.37000000 299.56000 41.60000 14.13800 52.56700
 7 9 20 23 22 8788.80000 4.37000000 299.56000 41.51000 14.13800 52.56700
 7 9 20 23 22 8788.80000 4.37000000 299.56000 41.51000 14.13800 52.56700
 7 9 20 23 23 8788.80000 4.37000000 298.87000 41.51000 14.13800 52.56700
 7 9 20 23 23 8788.80000 4.37000000 298.87000 41.51000 14.13800 52.56700
 7 9 20 23 24 8788.40000 4.37000000 299.10000 41.51000 14.13800 52.56700
 7 9 20 23 24 8785.60000 4.37000000 298.87000 41.51000 14.13800 52.56700
 7 9 20 23 24 8780.10000 4.37000000 298.87000 41.51000 14.13800 52.56700
 7 9 20 23 25 8787.20000 4.37000000 298.87000 41.51000 14.13800 52.56700
 7 9 20 23 25 8787.90000 4.37000000 299.10000 41.51000 14.13800 52.56700
 7 9 20 23 26 8787.10000 4.37000000 298.92000 41.51000 14.13800 52.56700
 7 9 20 23 26 8788.50000 4.37000000 298.92000 41.51000 14.13800 52.56700
 7 9 20 23 27 8788.50000 4.37000000 299.32000 41.51000 14.13800 52.56700
 7 9 20 23 27 8789.40000 4.37000000 299.19000 41.51000 14.13800 52.56700
 7 9 20 23 27 8786.00000 4.37000000 299.04000 41.51000 14.13800 52.56700
 7 9 20 23 28 8780.70000 4.37000000 298.56000 41.51000 14.13800 52.56700
 7 9 20 23 28 8780.80000 4.37000000 298.56000 41.51000 14.13800 52.56700
 7 9 20 23 29 8783.00000 4.37000000 298.78000 41.32000 14.13800 52.56700
 7 9 20 23 29 8784.90000 4.37000000 298.78000 41.32000 14.13800 52.56700
 7 9 20 23 30 8787.60000 4.37000000 298.78000 41.32000 14.13800 52.56700
 7 9 20 23 30 8791.00000 4.37000000 298.78000 41.32000 14.13800 52.56700
 7 9 20 23 30 8800.00000 4.37000000 300.44000 41.32000 14.13800 52.56700
 7 9 20 23 31 8801.00000 4.37000000 300.44000 41.32000 14.13800 52.56700
