M=[
25 11 20 03 29 16000.60000 6.28500000 499.96000 73.89000 14.71100 70.22600
25 11 20 03 30 16000.60000 6.28500000 499.96000 73.89000 14.71100 70.22600
25 11 20 03 30 16008.80000 6.28500000 500.22000 73.96000 14.71100 70.22600
25 11 20 03 30 15994.60000 6.28700000 500.22000 73.96000 14.71100 70.22600
25 11 20 03 31 15994.60000 6.28700000 500.22000 73.96000 14.71100 70.22600
25 11 20 03 31 15994.50000 6.28700000 500.00000 73.96000 14.71100 70.22600
25 11 20 03 32 15994.50000 6.28700000 500.00000 73.89000 14.71100 70.22600
25 11 20 03 32 15994.50000 6.28700000 499.57000 73.89000 14.71100 69.92600
25 11 20 03 33 15985.20000 6.28700000 499.26000 73.88000 14.71100 69.92600
25 11 20 03 33 15985.10000 6.27100000 500.04000 73.88000 14.71100 69.92600
25 11 20 03 33 15990.40000 6.27100000 500.04000 73.88000 14.71100 69.92600
25 11 20 03 34 15999.00000 6.27100000 500.27000 73.88000 14.73700 69.92600
25 11 20 03 34 15999.00000 6.27100000 500.27000 73.95000 14.73700 69.92600
25 11 20 03 35 16003.00000 6.27100000 499.83000 73.89000 14.73700 69.92600
25 11 20 03 35 16003.00000 6.27100000 499.83000 73.89000 14.73700 69.92600
25 11 20 03 36 15985.20000 6.27100000 499.65000 73.89000 14.72200 69.92600
25 11 20 03 36 15985.20000 6.27100000 499.20000 73.89000 14.72200 69.92600
25 11 20 03 36 15985.20000 6.27100000 499.00000 73.87000 14.72200 69.92600
25 11 20 03 37 15970.20000 6.27100000 498.29000 73.71000 14.72200 69.30000
25 11 20 03 37 15966.30000 6.27100000 497.77000 73.66000 14.72200 69.30000
25 11 20 03 38 15951.30000 6.27100000 497.29000 73.58000 14.72200 69.17400
25 11 20 03 38 15963.90000 6.27100000 497.84000 73.57000 14.72200 69.17400
25 11 20 03 39 15963.90000 6.27100000 497.76000 73.57000 14.70800 69.17400
25 11 20 03 39 15964.20000 6.27100000 497.74000 73.57000 14.70800 69.17400
25 11 20 03 39 15971.70000 6.27100000 497.74000 73.57000 14.70800 69.17400
25 11 20 03 40 15975.70000 6.27100000 497.10000 73.57000 14.70800 69.17400
25 11 20 03 40 15966.30000 6.27100000 496.93000 73.57000 14.70800 69.17400
25 11 20 03 41 15951.10000 6.27100000 496.55000 73.50000 14.70800 69.17400
25 11 20 03 41 15951.10000 6.27100000 495.79000 73.50000 14.70800 69.17400
25 11 20 03 42 15951.10000 6.27100000 496.01000 73.35000 14.70800 69.17400
25 11 20 03 42 15934.30000 6.27100000 495.66000 73.34000 14.70800 69.17400
25 11 20 03 42 15924.00000 6.19700000 494.63000 73.20000 14.70800 68.69000
25 11 20 03 43 15923.10000 6.19700000 495.56000 73.31000 14.70800 68.82000
25 11 20 03 43 15934.50000 6.21700000 495.29000 73.31000 14.71900 68.64900
25 11 20 03 44 15925.00000 6.21700000 494.87000 73.31000 14.71900 68.64900
25 11 20 03 44 15932.40000 6.21700000 494.97000 73.31000 14.71900 68.64000
25 11 20 03 45 15923.80000 6.21700000 494.97000 73.18000 14.71900 68.64000
25 11 20 03 45 15925.00000 6.21700000 494.38000 73.23000 14.71900 68.64000
25 11 20 03 45 15926.70000 6.21700000 495.57000 73.23000 14.71900 68.64000
25 11 20 03 46 15939.20000 6.21700000 495.57000 73.30000 14.71900 68.64000
25 11 20 03 46 15939.20000 6.19900000 493.87000 73.12000 14.71900 68.64000
25 11 20 03 47 15919.00000 6.19900000 493.61000 73.10000 14.71900 68.64000
25 11 20 03 47 15907.60000 6.19800000 492.98000 73.01000 14.71900 68.46000
25 11 20 03 48 15904.80000 6.19800000 492.43000 72.95000 14.71900 68.46000
25 11 20 03 48 15901.10000 6.19800000 492.43000 72.69000 14.71900 68.03600
25 11 20 03 48 15900.00000 6.19800000 492.46000 72.92000 14.56100 68.19900
25 11 20 03 49 15900.00000 6.19800000 492.74000 72.99000 14.56100 68.19900
25 11 20 03 49 15905.10000 6.19800000 493.26000 73.02000 14.56100 67.96400
25 11 20 03 50 15901.30000 6.19800000 492.82000 73.01000 14.56100 67.94700
25 11 20 03 50 15900.00000 6.19800000 492.35000 73.01000 14.67800 67.69300
25 11 20 03 51 15889.00000 6.13600000 492.11000 73.01000 14.67800 67.69300
25 11 20 03 51 15889.00000 6.12000000 492.16000 73.01000 14.64100 67.85600
25 11 20 03 51 15885.10000 6.12000000 491.67000 73.01000 14.61600 67.85600
25 11 20 03 52 15875.00000 6.13500000 491.76000 73.01000 14.63400 67.85600
25 11 20 03 52 15831.50000 6.13500000 492.52000 72.99000 14.63400 67.85600
25 11 20 03 53 15842.40000 6.13500000 493.32000 73.09000 14.63400 67.85600
25 11 20 03 53 15850.40000 6.13500000 493.49000 73.10000 14.63400 67.85600
25 11 20 03 54 15815.10000 6.13500000 492.24000 72.80000 14.63400 67.71000
25 11 20 03 54 15810.90000 6.13500000 491.80000 72.71000 14.63400 67.71000
25 11 20 03 54 15834.20000 6.12200000 491.20000 72.71000 14.63400 67.80000
25 11 20 03 55 15840.40000 6.12200000 491.77000 72.71000 14.63400 67.80000
25 11 20 03 55 15827.10000 6.12200000 490.46000 72.58000 14.63400 67.80000
25 11 20 03 56 15817.30000 6.12200000 489.86000 72.53000 14.63400 67.66500
25 11 20 03 56 15804.00000 6.09000000 489.39000 72.40000 14.63400 67.66500
25 11 20 03 57 15804.00000 6.11900000 489.21000 72.52000 14.63400 67.36700
25 11 20 03 57 15780.10000 6.09700000 488.46000 72.28000 14.62000 67.10300
25 11 20 03 57 15780.50000 6.09700000 489.34000 72.24000 14.62000 67.10300
25 11 20 03 58 15787.10000 6.09700000 490.04000 72.24000 14.62000 67.10300
25 11 20 03 58 15801.60000 6.09700000 489.90000 72.37000 14.62000 67.10300
25 11 20 03 59 15800.00000 6.09700000 489.90000 72.41000 14.62000 67.10300
25 11 20 03 59 15821.60000 6.13800000 491.07000 72.54000 14.62000 67.68800
25 11 20 04 00 15814.20000 6.13800000 491.08000 72.54000 14.62000 67.72800
25 11 20 04 00 15787.60000 6.13800000 489.10000 72.54000 14.62000 67.72800
25 11 20 04 00 15756.30000 6.13800000 488.45000 72.38000 14.62000 67.72800
25 11 20 04 01 15796.60000 6.13800000 489.07000 72.42000 14.62000 67.72800
25 11 20 04 01 15814.10000 6.13800000 489.52000 72.50000 14.62000 67.68700
25 11 20 04 02 15821.70000 6.13800000 490.27000 72.50000 14.62000 67.68700
25 11 20 04 02 15827.30000 6.13800000 490.87000 72.56000 14.62000 67.68700
25 11 20 04 03 15839.90000 6.13800000 492.06000 72.62000 14.62000 67.68700
25 11 20 04 03 15842.60000 6.13800000 493.67000 72.78000 14.62000 68.41600
25 11 20 04 03 15849.00000 6.13800000 492.70000 72.94000 14.62000 68.43400
25 11 20 04 04 15839.60000 6.13800000 493.19000 73.03000 14.62000 68.49900
25 11 20 04 04 15839.60000 6.13800000 493.06000 73.07000 14.62000 68.49500
25 11 20 04 05 15831.00000 6.13800000 492.62000 73.07000 14.62000 68.54800
25 11 20 04 05 15831.70000 6.13800000 492.62000 73.02000 14.62000 68.54800
25 11 20 04 06 15827.80000 6.13800000 491.98000 72.90000 14.62000 68.59800
25 11 20 04 06 15820.70000 6.13800000 492.25000 72.91000 14.62000 68.66700
25 11 20 04 06 15820.70000 6.13800000 493.46000 73.15000 14.62000 68.66700
25 11 20 04 07 15842.10000 6.14400000 493.39000 73.15000 14.62000 68.72900
25 11 20 04 07 15842.10000 6.14400000 493.91000 73.23000 14.62000 68.72900
25 11 20 04 08 15863.00000 6.14400000 493.90000 73.23000 14.62000 68.72900
25 11 20 04 08 15842.20000 6.14400000 493.90000 73.23000 14.60500 68.61200
25 11 20 04 09 15840.00000 6.14400000 492.65000 73.01000 14.60500 68.61200
25 11 20 04 09 15824.00000 6.14400000 492.56000 72.94000 14.60500 68.61200
25 11 20 04 09 15827.50000 6.14400000 492.56000 72.94000 14.60500 68.61200
25 11 20 04 10 15848.90000 6.14400000 493.76000 72.91000 14.60500 68.54700
25 11 20 04 10 15812.00000 6.14400000 493.10000 72.91000 14.60500 68.54700
25 11 20 04 11 15802.10000 6.14400000 491.96000 72.69000 14.60500 68.37000
25 11 20 04 11 15810.70000 6.14400000 492.83000 72.63000 14.60500 68.32200
25 11 20 04 12 15827.20000 6.14400000 493.27000 72.66000 14.60500 68.32200
25 11 20 04 12 15837.00000 6.14400000 493.27000 72.76000 14.60500 68.32200
25 11 20 04 12 15836.90000 6.14400000 493.27000 72.79000 14.60500 68.46000
25 11 20 04 13 15830.20000 6.14400000 493.53000 72.74000 14.60500 68.46000
25 11 20 04 13 15840.30000 6.14400000 493.66000 72.74000 14.60500 68.46000
25 11 20 04 14 15822.20000 6.14400000 493.49000 72.74000 14.60500 68.46000
25 11 20 04 14 15822.20000 6.14400000 493.52000 72.74000 14.60500 68.46000
