M=[
30 4 21 16 28 47377.90000 30.34200000 2286.99000 224.20000 34.80000 203.49400
30 4 21 16 29 47375.60000 30.34200000 2287.00000 224.03000 34.80000 203.49400
30 4 21 16 29 47347.10000 30.20200000 2287.00000 223.67000 34.80000 203.49400
30 4 21 16 30 47324.70000 30.32400000 2286.62000 223.67000 34.80000 203.49400
30 4 21 16 30 47392.30000 30.32400000 2287.00000 224.18000 34.80000 203.49400
30 4 21 16 31 47417.40000 30.32400000 2287.00000 224.15000 34.80000 203.49400
30 4 21 16 31 47420.00000 30.32400000 2287.00000 224.18000 34.80000 203.49400
30 4 21 16 31 47483.90000 30.32400000 2287.00000 224.33000 34.80000 203.11100
30 4 21 16 32 47484.00000 30.32400000 2287.00000 224.43000 34.80000 203.11100
30 4 21 16 32 47484.00000 30.32400000 2287.00000 224.43000 34.80000 203.11100
30 4 21 16 33 47484.00000 30.32400000 2287.00000 224.50000 34.80000 203.11100
30 4 21 16 33 47495.40000 30.32400000 2287.00000 224.95000 34.77300 203.11100
30 4 21 16 34 47455.40000 30.32400000 2287.00000 224.74000 34.77300 203.32100
30 4 21 16 34 47460.00000 30.30400000 2286.99000 224.77000 34.77300 204.19000
30 4 21 16 34 47435.50000 30.30400000 2287.00000 224.77000 34.77300 204.46100
30 4 21 16 35 47451.90000 30.30400000 2287.00000 224.60000 34.77300 204.46100
30 4 21 16 35 47488.50000 30.30400000 2287.00000 224.74000 34.77300 204.46100
30 4 21 16 36 47488.70000 30.30400000 2287.00000 224.85000 34.77300 204.75400
30 4 21 16 36 47500.00000 30.18400000 2287.00000 224.91000 34.77300 205.10600
30 4 21 16 37 47505.50000 30.18400000 2287.00000 225.00000 34.77300 205.10600
30 4 21 16 37 47478.00000 30.24200000 2286.99000 224.99000 34.77300 205.10600
30 4 21 16 37 47479.10000 30.24600000 2286.99000 224.95000 34.54500 205.10600
30 4 21 16 38 47478.00000 30.25800000 2287.00000 224.72000 34.54600 205.10600
30 4 21 16 38 47450.00000 30.25800000 2287.00000 224.59000 34.54600 205.10600
30 4 21 16 39 47450.00000 30.25800000 2287.00000 224.47000 34.54600 205.10600
30 4 21 16 39 47414.80000 30.25800000 2287.00000 224.54000 34.54600 205.10600
30 4 21 16 40 47408.60000 30.25800000 2287.00000 224.18000 34.56300 205.10600
30 4 21 16 40 47418.90000 30.25800000 2286.99000 224.34000 34.56300 204.27000
30 4 21 16 40 47422.20000 30.25800000 2287.00000 224.32000 34.56300 204.27000
30 4 21 16 41 47422.30000 30.25800000 2286.99000 224.32000 34.56300 204.27000
30 4 21 16 41 47422.20000 30.25800000 2286.99000 224.27000 34.56300 204.27000
30 4 21 16 42 47422.30000 30.12200000 2287.00000 224.13000 34.56300 204.27000
30 4 21 16 42 47422.80000 30.12200000 2287.00000 224.13000 34.56300 204.27000
30 4 21 16 43 47425.10000 30.10500000 2287.00000 224.19000 34.56300 204.27000
30 4 21 16 43 47440.00000 30.10500000 2286.93000 224.32000 34.56300 204.27000
30 4 21 16 43 47450.60000 30.10500000 2287.00000 224.31000 34.56300 204.27000
30 4 21 16 44 47464.60000 30.10000000 2286.99000 224.31000 34.56300 204.27000
30 4 21 16 44 47425.00000 30.10000000 2287.00000 224.32000 34.56300 204.27000
30 4 21 16 45 47427.50000 30.10000000 2287.00000 224.06000 34.56300 204.27000
30 4 21 16 45 47446.90000 30.10000000 2287.00000 224.07000 34.56300 204.27000
30 4 21 16 46 47447.80000 30.07400000 2287.00000 224.28000 34.56300 204.27000
30 4 21 16 46 47447.80000 30.07400000 2287.00000 224.28000 34.56300 204.27000
30 4 21 16 46 47442.90000 30.07400000 2287.00000 224.28000 34.56300 204.27000
30 4 21 16 47 47389.20000 30.07400000 2287.00000 224.12000 34.56300 204.27000
30 4 21 16 47 47340.20000 30.07400000 2287.00000 224.00000 34.56300 204.27000
30 4 21 16 48 47336.00000 30.03800000 2286.99000 224.00000 34.54000 204.27000
30 4 21 16 48 47338.90000 30.03800000 2287.00000 224.00000 34.54000 204.27000
30 4 21 16 49 47337.10000 30.03800000 2287.00000 224.00000 34.54000 204.27000
30 4 21 16 49 47310.40000 30.03800000 2286.99000 223.51000 34.54000 204.27000
30 4 21 16 49 47308.80000 30.03800000 2289.96000 223.50000 34.54000 204.27000
30 4 21 16 50 47303.50000 30.06200000 2290.00000 223.39000 34.54000 204.27000
30 4 21 16 50 47303.60000 30.06200000 2290.00000 223.42000 34.54000 204.27000
30 4 21 16 51 47234.40000 29.98200000 2289.99000 223.14000 34.54000 204.27000
30 4 21 16 51 47205.60000 29.98200000 2289.10000 222.69000 34.54000 204.27000
30 4 21 16 52 47217.00000 29.98200000 2289.96000 222.59000 34.54000 202.26300
30 4 21 16 52 47263.00000 29.98200000 2291.31000 223.05000 34.54000 202.72600
30 4 21 16 52 47257.30000 29.98200000 2295.00000 222.97000 34.54000 202.72600
30 4 21 16 53 47235.50000 29.98200000 2295.69000 222.95000 34.54000 202.72600
30 4 21 16 53 47231.10000 29.97700000 2296.99000 222.78000 34.54000 202.72600
30 4 21 16 54 47221.00000 29.97700000 2298.11000 222.77000 34.54000 202.43000
30 4 21 16 54 47214.20000 29.97700000 2298.10000 223.00000 34.54000 202.43000
30 4 21 16 55 47219.90000 29.97700000 2299.74000 222.75000 34.42000 202.43000
30 4 21 16 55 47220.00000 29.97700000 2299.87000 222.89000 34.42000 202.43000
30 4 21 16 55 47188.00000 29.97700000 2299.87000 222.72000 34.42000 202.43000
30 4 21 16 56 47196.30000 29.97700000 2299.87000 222.64000 34.42000 202.43000
30 4 21 16 56 47155.10000 29.97700000 2299.87000 222.56000 34.42000 202.43000
30 4 21 16 57 47121.10000 29.91200000 2298.40000 222.45000 34.42000 202.43000
30 4 21 16 57 47151.00000 29.91200000 2298.94000 222.25000 34.42000 202.43000
30 4 21 16 58 47145.30000 29.91200000 2299.87000 222.65000 34.42000 202.43000
30 4 21 16 58 47139.70000 29.91200000 2303.00000 222.62000 34.42000 202.59000
30 4 21 16 58 47143.00000 29.88100000 2304.00000 222.59000 34.42000 202.59000
30 4 21 16 59 47142.90000 29.88100000 2304.93000 222.57000 34.42000 202.61300
30 4 21 16 59 47143.00000 29.88100000 2304.93000 222.69000 34.42000 202.61300
30 4 21 17 00 47153.50000 29.91200000 2304.93000 222.86000 34.42000 202.56000
30 4 21 17 00 47219.00000 29.90900000 2303.47000 222.77000 34.42000 202.56000
30 4 21 17 01 47220.00000 29.89200000 2303.26000 222.77000 34.57200 202.56000
30 4 21 17 01 47220.30000 29.89200000 2302.52000 222.77000 34.57200 202.56000
30 4 21 17 01 47227.20000 29.89200000 2303.49000 222.89000 34.57200 202.56000
30 4 21 17 02 47224.10000 29.94200000 2303.49000 222.93000 34.42100 202.56000
30 4 21 17 02 47236.80000 29.94200000 2304.03000 222.93000 34.42100 202.56000
30 4 21 17 03 47236.90000 29.94200000 2304.02000 222.88000 34.42100 202.56000
30 4 21 17 03 47195.30000 29.94200000 2300.48000 222.88000 34.42100 202.56000
30 4 21 17 04 47206.90000 29.94200000 2299.78000 222.89000 34.42100 202.56000
30 4 21 17 04 47218.50000 29.94200000 2300.41000 222.93000 34.42100 202.87200
30 4 21 17 04 47218.70000 29.94200000 2300.41000 222.90000 34.42100 202.87200
30 4 21 17 05 47229.10000 29.94200000 2300.42000 222.84000 34.42100 202.87200
30 4 21 17 05 47229.00000 29.94200000 2300.17000 222.84000 34.42100 202.87200
30 4 21 17 06 47197.00000 29.94200000 2300.00000 222.83000 34.42100 202.87200
30 4 21 17 06 47204.80000 29.94200000 2300.84000 222.85000 34.42100 202.87200
30 4 21 17 07 47196.30000 29.97400000 2301.20000 222.73000 34.42100 202.87200
30 4 21 17 07 47195.60000 29.97400000 2301.20000 222.81000 34.42100 202.87200
30 4 21 17 07 47190.10000 29.97400000 2301.17000 222.72000 34.42100 202.87200
30 4 21 17 08 47191.70000 29.97400000 2300.01000 222.70000 34.42100 202.87200
30 4 21 17 08 47193.80000 29.97400000 2299.83000 222.70000 34.42100 202.87200
30 4 21 17 09 47205.60000 29.97400000 2300.00000 222.70000 34.42100 202.87200
30 4 21 17 09 47207.80000 29.97400000 2300.00000 222.70000 34.42100 202.87200
30 4 21 17 10 47211.70000 29.97400000 2300.00000 222.70000 34.42100 202.87200
30 4 21 17 10 47211.90000 30.02900000 2301.20000 222.49000 34.42100 202.87200
30 4 21 17 10 47212.00000 30.02900000 2302.12000 222.57000 34.42100 202.87200
30 4 21 17 11 47175.80000 30.02900000 2302.06000 222.37000 34.42100 202.88500
30 4 21 17 11 47183.50000 30.02900000 2302.01000 222.31000 34.42100 202.88500
30 4 21 17 12 47198.10000 29.96600000 2302.01000 222.12000 34.42100 202.88500
