M=[
 4 6 20 05 51 8598.50000 6.20900000 216.84000 42.45000 12.96700 46.70500
 4 6 20 05 52 8608.40000 6.20900000 217.04000 42.49000 12.96700 46.70500
 4 6 20 05 52 8605.40000 6.20900000 217.04000 42.49000 12.96700 46.70500
 4 6 20 05 53 8607.80000 6.20900000 217.04000 42.49000 12.96700 46.70500
 4 6 20 05 53 8605.70000 6.20900000 216.90000 42.49000 12.96700 46.70500
 4 6 20 05 54 8605.70000 6.23600000 216.89000 42.49000 12.96700 46.70500
 4 6 20 05 54 8607.80000 6.20900000 217.08000 42.49000 12.96700 46.70500
 4 6 20 05 55 8607.20000 6.20900000 217.08000 42.49000 12.96700 46.70500
 4 6 20 05 55 8607.70000 6.20900000 217.12000 42.49000 12.96700 46.70500
 4 6 20 05 56 8606.80000 6.20900000 217.08000 42.49000 12.96700 46.69700
 4 6 20 05 56 8607.20000 6.20900000 217.08000 42.54000 12.96700 46.78500
 4 6 20 05 57 8606.90000 6.20900000 216.96000 42.54000 12.96700 46.78500
 4 6 20 05 57 8608.90000 6.20900000 216.96000 42.54000 12.96700 46.78500
 4 6 20 05 58 8606.70000 6.20900000 216.96000 42.54000 12.96700 46.78500
 4 6 20 05 58 8608.70000 6.23600000 217.10000 42.49000 12.96700 46.78500
 4 6 20 05 59 8609.50000 6.23600000 217.10000 42.54000 12.96700 46.78500
 4 6 20 05 59 8613.00000 6.23700000 217.12000 42.52000 12.96700 46.78500
 4 6 20 06 00 8613.80000 6.20900000 217.28000 42.52000 12.96500 46.78500
 4 6 20 06 00 8611.10000 6.21700000 217.14000 42.52000 12.96700 46.78500
 4 6 20 06 01 8611.20000 6.21700000 217.11000 42.52000 12.96700 46.78500
 4 6 20 06 01 8611.30000 6.21700000 217.09000 42.52000 12.96700 46.78500
 4 6 20 06 02 8611.20000 6.21700000 217.09000 42.52000 12.96700 46.78500
 4 6 20 06 02 8611.50000 6.21700000 217.09000 42.52000 12.96700 46.69700
 4 6 20 06 03 8611.40000 6.21700000 217.09000 42.52000 12.96700 46.78500
 4 6 20 06 03 8611.50000 6.21700000 217.09000 42.52000 12.96700 46.78500
 4 6 20 06 04 8610.80000 6.21700000 216.97000 42.52000 12.96700 46.78500
 4 6 20 06 04 8605.60000 6.21700000 216.97000 42.57000 12.96700 46.78500
 4 6 20 06 05 8603.30000 6.21700000 216.96000 42.57000 12.96700 46.78500
 4 6 20 06 05 8599.10000 6.20400000 216.89000 42.57000 12.96700 46.78500
 4 6 20 06 06 8598.00000 6.20400000 216.67000 42.57000 12.96700 46.78500
 4 6 20 06 06 8602.80000 6.21700000 216.70000 42.57000 12.96700 46.78500
 4 6 20 06 07 8603.00000 6.20400000 216.70000 42.57000 12.96700 46.78500
 4 6 20 06 07 8600.60000 6.20400000 216.70000 42.52000 12.96700 46.77000
 4 6 20 06 08 8602.60000 6.20400000 216.67000 42.47000 12.96700 46.77000
 4 6 20 06 08 8602.60000 6.20400000 216.71000 42.47000 12.96700 46.77000
 4 6 20 06 09 8602.60000 6.20400000 216.66000 42.47000 12.96700 46.77000
 4 6 20 06 10 8602.50000 6.20400000 216.71000 42.47000 12.96700 46.77000
 4 6 20 06 10 8602.60000 6.20400000 216.71000 42.47000 12.96700 46.77000
 4 6 20 06 11 8602.60000 6.20400000 216.81000 42.42000 12.96700 46.77000
 4 6 20 06 11 8602.80000 6.20400000 216.82000 42.44000 12.96700 46.70500
 4 6 20 06 12 8601.70000 6.20400000 216.82000 42.44000 12.96700 46.77000
 4 6 20 06 12 8600.10000 6.21700000 216.82000 42.44000 12.96700 46.77000
 4 6 20 06 13 8602.50000 6.20400000 216.61000 42.47000 12.96700 46.77000
 4 6 20 06 13 8598.80000 6.20400000 216.82000 42.47000 12.96700 46.77000
 4 6 20 06 14 8598.80000 6.20400000 216.67000 42.47000 12.96700 46.77000
 4 6 20 06 14 8600.00000 6.20400000 216.64000 42.47000 12.96700 46.77000
 4 6 20 06 15 8600.00000 6.20400000 216.77000 42.47000 12.96700 46.77000
 4 6 20 06 15 8600.00000 6.20400000 216.57000 42.47000 12.96700 46.77000
 4 6 20 06 16 8600.00000 6.20400000 216.56000 42.47000 12.96700 46.77000
 4 6 20 06 16 8600.50000 6.20400000 216.53000 42.47000 12.96700 46.77000
 4 6 20 06 17 8600.50000 6.20400000 216.53000 42.47000 12.96700 46.77000
 4 6 20 06 17 8599.00000 6.20400000 216.64000 42.40000 12.95900 46.77000
 4 6 20 06 18 8598.90000 6.20400000 216.74000 42.40000 12.95900 46.77000
 4 6 20 06 18 8602.40000 6.20400000 216.74000 42.41000 12.95900 46.77000
 4 6 20 06 19 8602.40000 6.20400000 216.82000 42.41000 12.95900 46.77000
 4 6 20 06 19 8602.50000 6.20400000 216.80000 42.41000 12.95900 46.77000
 4 6 20 06 20 8602.50000 6.20400000 216.89000 42.46000 12.91400 46.77000
 4 6 20 06 20 8602.50000 6.20400000 216.89000 42.46000 12.91400 46.77000
 4 6 20 06 21 8602.50000 6.20400000 216.90000 42.41000 12.91400 46.77000
 4 6 20 06 21 8605.30000 6.20400000 216.80000 42.47000 12.91400 46.77000
 4 6 20 06 22 8606.40000 6.20400000 216.80000 42.47000 12.91400 46.77000
 4 6 20 06 22 8606.40000 6.21700000 216.89000 42.47000 12.91400 46.77000
 4 6 20 06 23 8605.30000 6.20100000 217.01000 42.47000 12.95900 46.69700
 4 6 20 06 23 8605.20000 6.20100000 217.01000 42.47000 12.91400 46.77000
 4 6 20 06 24 8605.30000 6.20100000 217.01000 42.47000 12.91400 46.77000
 4 6 20 06 24 8608.80000 6.20100000 217.09000 42.49000 12.91400 46.97100
 4 6 20 06 25 8608.00000 6.20100000 217.09000 42.51000 12.91400 46.97100
 4 6 20 06 25 8608.10000 6.20100000 217.09000 42.51000 12.91400 46.97100
 4 6 20 06 26 8608.10000 6.20100000 217.23000 42.51000 12.95900 46.97100
 4 6 20 06 26 8608.10000 6.20100000 217.16000 42.51000 12.91400 46.97100
 4 6 20 06 27 8608.90000 6.20100000 217.09000 42.51000 12.92900 46.97100
 4 6 20 06 27 8609.40000 6.20100000 217.18000 42.51000 12.92900 46.97100
 4 6 20 06 28 8609.10000 6.20100000 217.20000 42.51000 12.92900 46.97100
 4 6 20 06 28 8609.90000 6.20100000 217.17000 42.51000 12.92900 46.97100
 4 6 20 06 29 8610.00000 6.20100000 217.15000 42.51000 12.92900 46.97100
 4 6 20 06 29 8610.00000 6.20100000 217.15000 42.51000 12.92900 46.78500
 4 6 20 06 30 8610.00000 6.20100000 217.17000 42.51000 12.92900 46.97100
 4 6 20 06 30 8609.90000 6.20100000 217.28000 42.51000 12.92900 46.97100
 4 6 20 06 31 8609.90000 6.20100000 217.29000 42.51000 12.92900 46.78500
 4 6 20 06 31 8613.20000 6.20100000 217.29000 42.51000 12.92900 46.97100
 4 6 20 06 32 8613.20000 6.20100000 217.46000 42.49000 12.92900 46.97100
 4 6 20 06 32 8615.50000 6.20100000 217.46000 42.51000 12.92900 46.97100
 4 6 20 06 33 8614.50000 6.20100000 217.47000 42.51000 12.92900 46.97100
 4 6 20 06 33 8614.50000 6.20100000 217.56000 42.51000 12.92900 46.97100
 4 6 20 06 34 8619.70000 6.20100000 217.47000 42.51000 12.92900 46.97100
 4 6 20 06 34 8619.80000 6.20100000 217.65000 42.51000 12.92900 46.97100
 4 6 20 06 35 8618.30000 6.20100000 217.69000 42.51000 12.92900 46.97100
 4 6 20 06 35 8620.00000 6.20600000 217.69000 42.47000 12.92900 46.97100
 4 6 20 06 36 8620.00000 6.20100000 217.80000 42.49000 12.92900 46.97100
 4 6 20 06 36 8622.00000 6.20600000 217.80000 42.67000 12.92900 46.97100
 4 6 20 06 37 8621.20000 6.20600000 217.90000 42.67000 12.92900 46.97100
 4 6 20 06 37 8621.20000 6.20600000 217.83000 42.67000 12.92900 46.97100
 4 6 20 06 38 8621.20000 6.20600000 217.88000 42.68000 12.92900 46.97100
 4 6 20 06 38 8621.50000 6.20600000 217.94000 42.68000 12.92900 46.97100
 4 6 20 06 39 8621.10000 6.20600000 217.94000 42.68000 12.92900 46.97100
 4 6 20 06 39 8621.10000 6.20600000 217.94000 42.68000 12.92900 46.97100
 4 6 20 06 40 8621.20000 6.20600000 217.91000 42.68000 12.92900 46.97100
 4 6 20 06 40 8621.20000 6.20600000 217.91000 42.70000 12.92900 46.97100
 4 6 20 06 41 8621.10000 6.20600000 218.04000 42.74000 12.92900 46.97100
 4 6 20 06 41 8621.10000 6.20100000 218.02000 42.74000 12.92900 46.97100
 4 6 20 06 42 8621.20000 6.20600000 218.03000 42.74000 12.95400 46.97100
 4 6 20 06 43 8621.20000 6.20600000 218.10000 42.74000 12.92900 46.97100
 4 6 20 06 43 8627.40000 6.20600000 218.27000 42.74000 12.98300 46.97100
 4 6 20 06 44 8627.40000 6.20600000 218.23000 42.74000 12.98300 46.97100
 4 6 20 06 44 8628.20000 6.20100000 218.17000 42.78000 12.98300 46.97100
 4 6 20 06 45 8631.70000 6.20600000 218.21000 42.78000 12.98300 46.69700
 4 6 20 06 45 8631.90000 6.20600000 218.21000 42.78000 12.98300 46.97100
 4 6 20 06 46 8633.50000 6.20600000 218.46000 42.78000 12.92900 46.97100
 4 6 20 06 46 8632.30000 6.20600000 218.48000 42.78000 12.98300 46.97100
