M=[
20 3 21 21 51 49309.90000 10.55500000 1539.98000 170.41000 27.19900 131.94800
20 3 21 21 51 49309.90000 10.55500000 1540.02000 170.41000 27.19900 131.94800
20 3 21 21 52 49310.00000 10.55500000 1540.03000 170.41000 27.19900 131.94800
20 3 21 21 52 49310.00000 10.55500000 1540.57000 170.41000 27.19900 131.94800
20 3 21 21 52 49329.90000 10.55500000 1540.58000 170.56000 27.19900 131.94800
20 3 21 21 53 49336.90000 10.55500000 1540.23000 170.56000 27.19900 131.94800
20 3 21 21 53 49336.60000 10.55500000 1540.25000 170.56000 27.19900 131.94800
20 3 21 21 54 49336.60000 10.55500000 1539.72000 170.56000 27.19900 131.94800
20 3 21 21 54 49336.70000 10.55500000 1539.72000 170.56000 27.19900 132.41900
20 3 21 21 55 49336.60000 10.55500000 1539.79000 170.56000 27.19900 132.40900
20 3 21 21 55 49336.70000 10.55500000 1539.79000 170.40000 27.19900 132.40900
20 3 21 21 55 49337.60000 10.55500000 1540.46000 170.40000 27.19900 132.40900
20 3 21 21 56 49344.50000 10.55500000 1540.46000 169.94000 27.19900 132.37600
20 3 21 21 56 49354.40000 10.55500000 1540.46000 169.94000 27.19900 132.37600
20 3 21 21 57 49357.60000 10.55500000 1540.58000 169.94000 27.19900 132.37600
20 3 21 21 57 49362.00000 10.55500000 1540.58000 169.94000 27.19900 132.37600
20 3 21 21 58 49362.00000 10.55500000 1540.53000 169.94000 27.19900 132.57500
20 3 21 21 58 49360.40000 10.55500000 1540.49000 169.94000 27.19900 132.57500
20 3 21 21 58 49357.70000 10.55500000 1540.48000 169.93000 27.19900 132.57500
20 3 21 21 59 49357.60000 10.55500000 1540.49000 169.93000 27.19900 132.58500
20 3 21 21 59 49353.90000 10.55500000 1540.49000 169.93000 27.19900 132.58500
20 3 21 22 00 49354.60000 10.55500000 1540.57000 169.94000 27.19900 132.58500
20 3 21 22 00 49360.90000 10.55500000 1540.57000 169.94000 27.19900 132.58500
20 3 21 22 01 49365.60000 10.55500000 1541.42000 169.94000 27.19900 132.58500
20 3 21 22 01 49368.50000 10.55500000 1541.43000 169.94000 27.19900 132.58500
20 3 21 22 01 49370.60000 10.55500000 1541.46000 169.94000 27.19900 132.58500
20 3 21 22 02 49393.10000 10.55500000 1541.58000 169.94000 27.19900 132.58500
20 3 21 22 02 49393.20000 10.55500000 1542.42000 169.94000 27.19900 132.58500
20 3 21 22 03 49398.20000 10.55500000 1542.43000 170.09000 27.19900 132.58500
20 3 21 22 03 49400.00000 10.55400000 1542.43000 170.09000 27.19900 132.58500
20 3 21 22 04 49398.20000 10.55400000 1542.43000 170.09000 27.19900 132.58500
20 3 21 22 04 49365.70000 10.56800000 1542.42000 170.09000 27.19900 132.58500
20 3 21 22 04 49370.10000 10.56800000 1542.81000 170.09000 27.19900 132.58500
20 3 21 22 05 49363.80000 10.56800000 1542.64000 170.09000 27.19900 132.58500
20 3 21 22 05 49312.20000 10.56800000 1542.64000 170.09000 27.19900 132.58500
20 3 21 22 06 49337.40000 10.56800000 1541.91000 169.98000 27.19900 132.58500
20 3 21 22 06 49379.90000 10.56800000 1541.91000 170.12000 27.19900 132.58500
20 3 21 22 07 49379.90000 10.56800000 1542.99000 170.12000 27.19900 132.58500
20 3 21 22 07 49389.80000 10.56800000 1543.00000 170.12000 27.19900 132.58500
20 3 21 22 07 49389.80000 10.56800000 1543.00000 170.34000 27.19900 132.58500
20 3 21 22 08 49389.80000 10.56800000 1542.99000 170.36000 27.19900 132.58500
20 3 21 22 08 49398.90000 10.56800000 1543.00000 170.36000 27.19900 132.58500
20 3 21 22 09 49398.90000 10.56800000 1543.59000 170.33000 27.19900 132.58500
20 3 21 22 09 49389.90000 10.56800000 1543.59000 170.08000 27.19900 132.58500
20 3 21 22 10 49389.90000 10.59300000 1543.59000 170.08000 27.19900 132.58500
20 3 21 22 10 49381.70000 10.59300000 1543.59000 170.01000 27.19900 132.58500
20 3 21 22 10 49381.60000 10.59300000 1543.59000 170.10000 27.19900 132.58500
20 3 21 22 11 49381.70000 10.59300000 1543.59000 170.10000 27.19900 132.58500
20 3 21 22 11 49354.20000 10.59300000 1543.59000 170.10000 27.19900 132.58500
20 3 21 22 12 49353.70000 10.59300000 1543.59000 170.02000 27.19900 132.58500
20 3 21 22 12 49349.70000 10.59300000 1542.98000 170.02000 27.19900 132.58500
20 3 21 22 13 49349.60000 10.59300000 1542.77000 169.99000 27.19900 132.58500
20 3 21 22 13 49334.90000 10.59300000 1542.31000 169.99000 27.19900 132.58500
20 3 21 22 13 49338.60000 10.60200000 1542.56000 169.99000 27.19900 132.58500
20 3 21 22 14 49341.20000 10.60200000 1542.56000 169.99000 27.19900 132.58500
20 3 21 22 14 49335.50000 10.60200000 1542.62000 169.99000 27.19900 132.58500
20 3 21 22 15 49336.80000 10.60200000 1542.26000 169.99000 27.19900 132.58500
20 3 21 22 15 49326.10000 10.60200000 1541.64000 169.99000 27.19900 132.58500
20 3 21 22 16 49286.30000 10.60200000 1542.38000 169.99000 27.19900 132.58500
20 3 21 22 16 49288.70000 10.60200000 1541.58000 169.94000 27.19900 132.58500
20 3 21 22 16 49288.20000 10.60200000 1542.08000 169.94000 27.19900 132.58500
20 3 21 22 17 49288.30000 10.60200000 1542.10000 169.94000 27.19900 132.58500
20 3 21 22 17 49305.60000 10.60200000 1541.90000 169.91000 27.19900 132.58500
20 3 21 22 18 49303.30000 10.60200000 1541.79000 169.97000 27.19900 132.58500
20 3 21 22 18 49300.40000 10.60200000 1542.09000 169.93000 27.19900 132.58500
20 3 21 22 19 49320.20000 10.60200000 1542.24000 169.93000 27.19900 132.58500
20 3 21 22 19 49308.60000 10.60200000 1542.00000 169.96000 27.19900 132.58500
20 3 21 22 19 49301.40000 10.60200000 1542.00000 169.89000 27.19900 132.58500
20 3 21 22 20 49294.30000 10.60200000 1541.89000 169.86000 27.19900 132.58500
20 3 21 22 20 49293.50000 10.60200000 1541.89000 169.86000 27.19900 132.58500
20 3 21 22 21 49293.50000 10.60200000 1541.92000 169.86000 27.19900 132.58500
20 3 21 22 21 49312.60000 10.60200000 1541.92000 169.86000 27.19900 133.39700
20 3 21 22 22 49316.60000 10.60200000 1542.90000 169.86000 27.19900 133.49100
20 3 21 22 22 49309.30000 10.60200000 1542.90000 169.86000 27.19900 133.77100
20 3 21 22 22 49300.10000 10.60200000 1541.87000 169.86000 27.19900 134.00000
20 3 21 22 23 49300.00000 10.60200000 1541.38000 169.86000 27.19900 134.00000
20 3 21 22 23 49250.20000 10.59000000 1540.92000 169.71000 27.19900 134.00000
20 3 21 22 24 49250.10000 10.59000000 1540.35000 169.58000 27.19900 133.80800
20 3 21 22 24 49250.10000 10.59000000 1540.35000 169.58000 27.19900 133.85300
20 3 21 22 25 49250.10000 10.55900000 1541.88000 169.58000 27.19900 133.86400
20 3 21 22 25 49290.40000 10.55900000 1542.43000 170.00000 27.19900 133.86400
20 3 21 22 25 49290.40000 10.55900000 1542.43000 170.24000 27.19900 133.86400
20 3 21 22 26 49271.20000 10.55900000 1541.88000 170.24000 27.19900 133.86400
20 3 21 22 26 49272.80000 10.55900000 1541.89000 170.16000 27.19900 133.69100
20 3 21 22 27 49250.10000 10.55900000 1541.08000 170.05000 27.19900 133.69100
20 3 21 22 27 49255.90000 10.55900000 1541.23000 169.95000 27.19900 133.69100
20 3 21 22 28 49286.50000 10.59400000 1541.89000 169.95000 27.19900 133.69100
20 3 21 22 28 49250.80000 10.59400000 1540.51000 170.18000 27.19900 133.69100
20 3 21 22 28 49266.70000 10.59400000 1540.71000 170.18000 27.19900 133.69100
20 3 21 22 29 49292.20000 10.59400000 1541.00000 170.14000 27.19900 133.69100
20 3 21 22 29 49292.70000 10.59400000 1541.56000 170.22000 27.19900 133.80000
20 3 21 22 30 49295.10000 10.59400000 1542.00000 170.22000 27.19900 133.80000
20 3 21 22 30 49286.80000 10.59400000 1542.22000 170.22000 27.36900 134.06800
20 3 21 22 31 49299.40000 10.59400000 1542.11000 170.34000 27.36900 134.06800
20 3 21 22 31 49299.50000 10.59400000 1541.92000 170.31000 27.36900 134.06800
20 3 21 22 31 49305.10000 10.59400000 1542.68000 170.31000 27.36900 134.06800
20 3 21 22 32 49305.10000 10.59400000 1542.26000 170.42000 27.36900 134.06800
20 3 21 22 32 49316.60000 10.59400000 1542.19000 170.42000 27.36900 134.06800
20 3 21 22 33 49316.60000 10.59400000 1542.36000 170.37000 27.36900 133.80200
20 3 21 22 33 49308.10000 10.59400000 1542.13000 170.37000 27.36900 133.80200
20 3 21 22 34 49265.80000 10.59400000 1541.08000 170.37000 27.36900 133.80200
20 3 21 22 34 49210.70000 10.59400000 1539.70000 170.29000 27.36900 133.87200
