M=[
12 11 20 15 06 13571.80000 4.28100000 389.65000 49.63000 13.50800 51.95800
12 11 20 15 07 13571.90000 4.28100000 389.55000 49.62000 13.50800 51.95800
12 11 20 15 07 13570.20000 4.28100000 389.55000 49.62000 13.50800 51.95800
12 11 20 15 08 13563.40000 4.28100000 389.50000 49.62000 13.50800 51.95800
12 11 20 15 08 13563.10000 4.28100000 389.07000 49.62000 13.50800 51.95800
12 11 20 15 09 13563.00000 4.28100000 389.32000 49.58000 13.50800 51.95800
12 11 20 15 09 13577.10000 4.28100000 389.53000 49.59000 13.50800 51.95800
12 11 20 15 09 13578.60000 4.28100000 389.59000 49.59000 13.50800 51.95800
12 11 20 15 10 13582.30000 4.28100000 389.50000 49.59000 13.50800 51.95800
12 11 20 15 10 13582.30000 4.28100000 389.51000 49.59000 13.50800 51.95800
12 11 20 15 11 13582.40000 4.28100000 390.29000 49.75000 13.50800 52.21400
12 11 20 15 11 13585.00000 4.28100000 390.32000 49.75000 13.50800 52.21400
12 11 20 15 12 13601.30000 4.28100000 390.56000 49.75000 13.50800 52.21400
12 11 20 15 12 13601.30000 4.28100000 390.56000 49.74000 13.50800 52.21400
12 11 20 15 12 13608.40000 4.28100000 390.57000 49.78000 13.50800 52.21400
12 11 20 15 13 13601.30000 4.28100000 390.57000 49.78000 13.50800 52.21400
12 11 20 15 13 13604.70000 4.28100000 390.56000 49.78000 13.50800 52.16600
12 11 20 15 14 13604.70000 4.28100000 390.56000 49.75000 13.50800 52.16600
12 11 20 15 14 13601.40000 4.28100000 390.56000 49.75000 13.50800 52.16600
12 11 20 15 15 13600.00000 4.28100000 390.56000 49.75000 13.50800 52.16600
12 11 20 15 15 13591.20000 4.28100000 390.32000 49.75000 13.50800 52.16600
12 11 20 15 15 13591.30000 4.28100000 390.36000 49.75000 13.50800 52.16600
12 11 20 15 16 13591.10000 4.28100000 390.13000 49.75000 13.50800 52.16600
12 11 20 15 16 13591.30000 4.28100000 390.12000 49.78000 13.50800 52.16600
12 11 20 15 17 13600.00000 4.28100000 390.37000 49.78000 13.50800 52.16600
12 11 20 15 17 13609.90000 4.28100000 390.38000 49.78000 13.50800 52.16600
12 11 20 15 18 13616.00000 4.28100000 390.46000 49.78000 13.50800 52.16600
12 11 20 15 18 13624.50000 4.28100000 390.60000 49.84000 13.50800 52.16600
12 11 20 15 18 13630.00000 4.28100000 390.66000 49.84000 13.50800 52.16600
12 11 20 15 19 13627.20000 4.28100000 390.57000 49.84000 13.50800 52.16600
12 11 20 15 19 13630.30000 4.28100000 390.54000 49.86000 13.50800 52.16600
12 11 20 15 20 13618.00000 4.28100000 390.54000 49.87000 13.50800 52.28800
12 11 20 15 20 13617.90000 4.28100000 390.54000 49.87000 13.50800 52.28800
12 11 20 15 21 13617.90000 4.28100000 390.54000 49.87000 13.50800 52.28800
12 11 20 15 21 13618.00000 4.28100000 390.54000 49.87000 13.50800 52.27700
12 11 20 15 21 13618.00000 4.28100000 390.37000 49.89000 13.50800 52.27700
12 11 20 15 22 13610.10000 4.28100000 389.93000 49.89000 13.50800 52.26100
12 11 20 15 22 13610.00000 4.28100000 389.86000 49.89000 13.50800 52.26100
12 11 20 15 23 13610.10000 4.28100000 389.86000 49.89000 13.50800 52.26100
12 11 20 15 23 13610.10000 4.28100000 389.86000 49.89000 13.35600 52.26100
12 11 20 15 24 13610.00000 4.28100000 389.68000 49.89000 13.35600 52.26100
12 11 20 15 24 13600.10000 4.28100000 389.69000 49.89000 13.35600 52.26100
12 11 20 15 24 13600.40000 4.28100000 389.88000 49.89000 13.35600 52.26100
12 11 20 15 25 13603.60000 4.28100000 389.88000 49.89000 13.35600 52.26100
12 11 20 15 25 13607.40000 4.28100000 389.69000 49.86000 13.35600 52.26100
12 11 20 15 26 13612.20000 4.28100000 389.82000 49.86000 13.35600 52.29000
12 11 20 15 26 13613.50000 4.28100000 390.02000 49.86000 13.35600 52.29000
12 11 20 15 27 13612.70000 4.28100000 389.92000 49.86000 13.35600 52.29000
12 11 20 15 27 13612.70000 4.28100000 389.91000 49.86000 13.35600 52.29000
12 11 20 15 27 13612.80000 4.28100000 389.90000 49.86000 13.35600 52.29000
12 11 20 15 28 13612.70000 4.28100000 389.90000 49.79000 13.35600 52.29000
12 11 20 15 28 13614.40000 4.28100000 389.90000 49.79000 13.35600 52.29000
12 11 20 15 29 13631.90000 4.28100000 390.16000 49.79000 13.35600 52.29000
12 11 20 15 29 13632.30000 4.28100000 390.16000 49.79000 13.35600 52.29000
12 11 20 15 30 13628.30000 4.28100000 390.02000 49.79000 13.35600 52.29000
12 11 20 15 30 13626.70000 4.28100000 389.95000 49.79000 13.35600 52.29000
12 11 20 15 30 13625.10000 4.28100000 389.92000 49.85000 13.35600 52.29000
12 11 20 15 31 13616.20000 4.28100000 389.44000 49.85000 13.35600 52.29000
12 11 20 15 31 13612.10000 4.28100000 389.50000 49.85000 13.56000 52.29000
12 11 20 15 32 13624.20000 4.28100000 389.45000 49.85000 13.21600 52.29000
12 11 20 15 32 13622.90000 4.28100000 389.40000 49.85000 13.21600 52.29000
12 11 20 15 33 13632.20000 4.28100000 389.40000 49.85000 13.21600 52.29000
12 11 20 15 33 13643.50000 4.28100000 389.41000 49.85000 13.21600 52.29000
12 11 20 15 33 13651.30000 4.28100000 390.00000 49.85000 13.21600 52.29000
12 11 20 15 34 13655.00000 4.28100000 389.90000 49.85000 13.21600 52.29000
12 11 20 15 34 13652.50000 4.28100000 389.99000 49.85000 13.21600 52.29000
12 11 20 15 35 13649.80000 4.28100000 389.87000 49.90000 13.21600 52.29000
12 11 20 15 35 13643.90000 4.28100000 389.74000 49.87000 13.28800 52.29000
12 11 20 15 36 13643.90000 4.28100000 389.66000 49.86000 13.28800 52.29000
12 11 20 15 36 13644.90000 4.28100000 389.71000 49.86000 13.28800 52.29000
12 11 20 15 36 13645.80000 4.28100000 389.66000 49.86000 13.28800 52.29000
12 11 20 15 37 13643.80000 4.27500000 389.28000 49.86000 13.42100 52.29000
12 11 20 15 37 13636.70000 4.27500000 389.00000 49.86000 13.42100 52.29000
12 11 20 15 38 13628.40000 4.27500000 388.84000 49.86000 13.42100 52.29000
12 11 20 15 38 13624.90000 4.27200000 388.83000 49.80000 13.42100 52.29000
12 11 20 15 39 13628.60000 4.27200000 388.79000 49.80000 13.42100 52.29000
12 11 20 15 39 13628.60000 4.27200000 388.98000 49.80000 13.42100 52.29000
12 11 20 15 39 13628.50000 4.27200000 388.93000 49.80000 13.42100 52.29000
12 11 20 15 40 13644.90000 4.27200000 388.90000 49.80000 13.42100 52.29000
12 11 20 15 40 13644.70000 4.27200000 389.12000 49.80000 13.42100 52.29000
12 11 20 15 41 13646.50000 4.27200000 389.19000 49.85000 13.42100 52.29000
12 11 20 15 41 13643.00000 4.27200000 389.18000 49.85000 13.42100 52.29000
12 11 20 15 41 13602.50000 4.27000000 388.11000 49.72000 13.42100 52.29000
12 11 20 15 42 13610.20000 4.27000000 388.10000 49.71000 13.42100 52.29000
12 11 20 15 42 13606.90000 4.27000000 388.44000 49.71000 13.42100 52.29000
12 11 20 15 43 13617.90000 4.27000000 388.24000 49.75000 13.42100 52.29000
12 11 20 15 43 13621.90000 4.27000000 388.49000 49.78000 13.42100 52.29000
12 11 20 15 44 13631.00000 4.27000000 388.69000 49.78000 13.42100 52.29000
12 11 20 15 44 13646.60000 4.27000000 388.69000 49.77000 13.42100 52.29000
12 11 20 15 44 13650.00000 4.27000000 388.69000 49.77000 13.42100 52.29000
12 11 20 15 45 13660.30000 4.27000000 388.69000 49.83000 13.32900 52.29000
12 11 20 15 45 13656.60000 4.27000000 389.44000 49.83000 13.32900 52.29000
12 11 20 15 46 13653.10000 4.27000000 389.43000 49.83000 13.21900 52.29000
12 11 20 15 46 13660.20000 4.27000000 388.70000 49.83000 13.21900 52.29000
12 11 20 15 47 13648.20000 4.27000000 388.71000 49.83000 13.21900 52.45300
12 11 20 15 47 13648.80000 4.27000000 388.71000 49.83000 13.21900 52.45300
12 11 20 15 47 13643.10000 4.27000000 388.70000 49.83000 13.21900 52.45300
12 11 20 15 48 13645.60000 4.27000000 388.70000 49.83000 13.21900 52.45300
12 11 20 15 48 13639.50000 4.27000000 388.70000 49.83000 13.43500 52.45300
12 11 20 15 49 13638.80000 4.27000000 388.71000 49.83000 13.43500 52.45300
12 11 20 15 49 13643.40000 4.27000000 388.71000 49.83000 13.21600 52.45300
12 11 20 15 50 13638.90000 4.27200000 388.71000 49.83000 13.21600 52.45300
12 11 20 15 50 13643.00000 4.27200000 388.71000 49.74000 13.21600 52.45300
12 11 20 15 50 13663.60000 4.27200000 389.42000 49.82000 13.31600 52.81700
12 11 20 15 51 13655.20000 4.27200000 389.58000 49.82000 13.31600 52.81700
12 11 20 15 51 13671.30000 4.27500000 390.87000 49.82000 13.31600 52.81700
