M=[
31 7 20 23 19 9599.90000 6.23200000 291.84000 49.05000 16.97200 62.98000
31 7 20 23 19 9600.00000 6.23200000 292.07000 49.08000 16.97200 62.98000
31 7 20 23 20 9600.00000 6.23200000 292.07000 49.08000 16.97200 62.98000
31 7 20 23 20 9600.00000 6.23200000 292.07000 49.08000 16.97200 62.98000
31 7 20 23 21 9600.00000 6.23200000 291.94000 49.09000 16.97200 62.98000
31 7 20 23 21 9599.90000 6.23200000 291.94000 49.10000 16.97200 62.98000
31 7 20 23 22 9600.00000 6.23200000 292.50000 49.10000 16.97200 62.98000
31 7 20 23 22 9610.40000 6.23200000 292.65000 49.17000 16.97200 62.98000
31 7 20 23 23 9611.40000 6.23200000 292.87000 49.17000 16.97200 63.48200
31 7 20 23 23 9617.80000 6.23200000 293.04000 49.19000 16.97200 63.48200
31 7 20 23 23 9617.80000 6.23200000 293.00000 49.19000 16.97200 63.48200
31 7 20 23 24 9617.80000 6.23200000 293.25000 49.19000 16.97200 63.48200
31 7 20 23 24 9621.40000 6.23200000 293.09000 49.19000 16.97200 63.48200
31 7 20 23 25 9621.40000 6.23200000 293.20000 49.19000 16.97200 63.48200
31 7 20 23 25 9619.70000 6.23200000 293.20000 49.19000 16.99700 63.48200
31 7 20 23 26 9617.00000 6.23200000 293.21000 49.19000 16.99700 63.32000
31 7 20 23 26 9616.20000 6.23200000 293.10000 49.19000 16.99700 63.28300
31 7 20 23 27 9616.20000 6.23200000 293.10000 49.19000 16.99700 63.28300
31 7 20 23 27 9617.20000 6.23200000 293.10000 49.19000 16.99700 63.17800
31 7 20 23 28 9616.60000 6.23200000 293.35000 49.19000 16.99700 63.17800
31 7 20 23 28 9615.10000 6.23200000 293.23000 49.19000 16.99700 63.17800
31 7 20 23 29 9619.50000 6.23200000 293.23000 49.28000 16.99700 63.17800
31 7 20 23 29 9621.20000 6.23600000 293.38000 49.28000 16.99700 63.17800
31 7 20 23 30 9619.60000 6.23600000 293.34000 49.28000 16.97100 63.17800
31 7 20 23 30 9619.50000 6.23600000 293.34000 49.28000 16.97100 63.17800
31 7 20 23 31 9622.20000 6.23600000 293.60000 49.28000 16.97100 63.17800
31 7 20 23 31 9623.30000 6.23600000 293.64000 49.28000 16.97100 63.17800
31 7 20 23 32 9623.30000 6.23600000 293.70000 49.28000 16.97100 63.17800
31 7 20 23 32 9623.60000 6.23600000 293.96000 49.31000 16.97100 63.17800
31 7 20 23 32 9623.50000 6.23600000 293.96000 49.31000 16.97100 63.17800
31 7 20 23 33 9623.50000 6.23600000 293.89000 49.31000 16.97100 63.17800
31 7 20 23 33 9623.50000 6.23600000 293.97000 49.31000 16.97100 63.17800
31 7 20 23 34 9623.60000 6.23600000 294.00000 49.24000 16.97100 63.17800
31 7 20 23 34 9623.50000 6.23600000 294.06000 49.24000 16.97100 63.17800
31 7 20 23 35 9623.60000 6.23600000 294.49000 49.24000 16.97100 63.17800
31 7 20 23 35 9623.70000 6.23600000 294.49000 49.24000 16.97100 63.17800
31 7 20 23 36 9623.60000 6.23600000 294.49000 49.24000 16.97100 63.17800
31 7 20 23 36 9626.70000 6.23600000 294.49000 49.34000 16.97100 63.17800
31 7 20 23 37 9630.10000 6.23600000 294.55000 49.34000 16.97100 63.17800
31 7 20 23 37 9633.10000 6.23600000 294.55000 49.34000 16.97100 63.17800
31 7 20 23 38 9648.10000 6.23600000 294.59000 49.34000 16.97100 63.17800
31 7 20 23 38 9644.70000 6.23600000 294.59000 49.34000 16.97100 63.17800
31 7 20 23 39 9644.80000 6.23600000 294.59000 49.34000 16.97100 63.17800
31 7 20 23 39 9641.70000 6.23600000 294.58000 49.36000 16.97100 63.17800
31 7 20 23 39 9639.70000 6.23600000 294.41000 49.43000 16.97100 63.17800
31 7 20 23 40 9642.10000 6.23600000 294.38000 49.43000 16.97100 63.17800
31 7 20 23 40 9642.80000 6.23600000 294.59000 49.43000 16.99200 63.17800
31 7 20 23 41 9643.10000 6.23600000 294.59000 49.43000 16.99200 63.17800
31 7 20 23 41 9643.10000 6.23600000 294.60000 49.43000 16.99200 63.17800
31 7 20 23 42 9642.00000 6.27000000 294.51000 49.43000 16.99200 63.17800
31 7 20 23 42 9642.40000 6.27000000 294.51000 49.43000 16.99200 63.17800
31 7 20 23 43 9642.40000 6.27000000 294.22000 49.43000 16.99200 63.17800
31 7 20 23 43 9642.10000 6.27000000 294.46000 49.43000 16.99200 63.17800
31 7 20 23 44 9639.70000 6.27000000 294.58000 49.43000 16.99200 63.17800
31 7 20 23 44 9639.90000 6.27000000 294.58000 49.43000 16.99200 63.17800
31 7 20 23 45 9639.90000 6.27000000 294.59000 49.43000 16.99200 63.17800
31 7 20 23 45 9641.60000 6.27000000 294.62000 49.43000 16.99200 63.17800
31 7 20 23 46 9640.30000 6.27000000 294.62000 49.43000 16.99200 63.17800
31 7 20 23 46 9638.40000 6.27000000 294.62000 49.43000 16.99200 63.17800
31 7 20 23 47 9638.50000 6.27000000 294.64000 49.45000 16.99200 63.17800
31 7 20 23 47 9639.90000 6.27000000 294.64000 49.45000 16.99200 63.17800
31 7 20 23 48 9640.80000 6.28900000 294.64000 49.49000 16.99200 63.17800
31 7 20 23 48 9640.80000 6.28900000 294.64000 49.49000 16.99200 63.17800
31 7 20 23 49 9640.90000 6.28900000 294.63000 49.49000 16.99200 63.17800
31 7 20 23 49 9639.30000 6.28900000 294.65000 49.49000 16.99200 63.17800
31 7 20 23 50 9640.00000 6.28900000 294.65000 49.49000 16.99200 63.17800
31 7 20 23 50 9641.40000 6.28900000 294.67000 49.49000 16.99200 63.17800
31 7 20 23 50 9642.10000 6.28900000 294.72000 49.49000 16.99200 63.17800
31 7 20 23 51 9642.00000 6.28900000 294.72000 49.49000 16.99200 63.17800
31 7 20 23 51 9641.00000 6.28900000 294.72000 49.49000 16.99200 63.17800
31 7 20 23 52 9641.00000 6.28900000 294.72000 49.50000 16.99200 63.17800
31 7 20 23 52 9639.70000 6.28900000 294.66000 49.49000 16.99200 63.17800
31 7 20 23 53 9639.60000 6.28900000 294.66000 49.49000 16.99200 63.17800
31 7 20 23 53 9638.40000 6.28900000 294.66000 49.49000 16.99200 63.17800
31 7 20 23 54 9638.50000 6.28900000 294.58000 49.49000 16.99200 63.17800
31 7 20 23 54 9636.50000 6.28900000 294.32000 49.49000 16.99200 63.17800
31 7 20 23 55 9636.50000 6.28900000 294.14000 49.49000 16.99200 63.17800
31 7 20 23 55 9636.50000 6.28900000 294.24000 49.49000 16.99200 63.17800
31 7 20 23 56 9636.40000 6.29400000 294.24000 49.49000 16.99200 63.17800
31 7 20 23 56 9636.40000 6.29400000 294.21000 49.49000 16.99200 63.17800
31 7 20 23 57 9636.50000 6.29400000 294.15000 49.49000 16.99200 63.17800
31 7 20 23 57 9636.50000 6.29400000 294.06000 49.49000 16.99200 63.17800
31 7 20 23 57 9632.10000 6.29400000 294.06000 49.49000 16.99200 63.17800
31 7 20 23 58 9629.20000 6.29400000 294.23000 49.49000 16.99200 63.52000
31 7 20 23 58 9629.20000 6.30200000 294.23000 49.49000 16.99200 63.52000
31 7 20 23 59 9636.50000 6.30200000 294.23000 49.49000 16.99200 63.52000
31 7 20 23 59 9636.40000 6.30200000 294.65000 49.47000 16.99200 63.52000
 1 8 20 00 00 9636.50000 6.30200000 294.64000 49.46000 17.07000 63.52000
 1 8 20 00 00 9650.80000 6.28700000 294.64000 49.46000 16.99200 63.70100
 1 8 20 00 01 9667.80000 6.28700000 295.29000 49.46000 17.07000 63.70100
 1 8 20 00 02 9667.70000 6.28700000 295.21000 49.61000 17.07000 63.70100
 1 8 20 00 02 9669.90000 6.28700000 295.30000 49.63000 17.07000 63.70100
 1 8 20 00 03 9670.00000 6.28700000 295.49000 49.63000 17.07000 63.78000
 1 8 20 00 03 9670.00000 6.28700000 295.49000 49.65000 17.07000 63.78000
 1 8 20 00 04 9670.00000 6.28700000 295.48000 49.65000 17.07000 63.78000
 1 8 20 00 04 9670.00000 6.28700000 295.14000 49.78000 17.07000 63.81000
 1 8 20 00 05 9669.90000 6.28700000 295.14000 49.78000 17.07000 63.78100
 1 8 20 00 05 9670.00000 6.28700000 294.63000 49.78000 17.07000 63.78100
 1 8 20 00 06 9669.00000 6.28700000 294.59000 49.64000 17.07000 63.78100
 1 8 20 00 06 9667.90000 6.28700000 294.59000 49.54000 17.07000 63.78100
 1 8 20 00 07 9667.90000 6.28700000 294.59000 49.54000 17.07000 63.78100
 1 8 20 00 07 9667.90000 6.28700000 294.59000 49.54000 17.07000 63.78100
 1 8 20 00 08 9667.90000 6.28700000 294.17000 49.54000 17.07000 63.78100
 1 8 20 00 08 9667.90000 6.28700000 294.17000 49.54000 17.07000 63.78100
 1 8 20 00 09 9664.40000 6.28700000 294.42000 49.54000 17.07000 63.78100
 1 8 20 00 09 9664.40000 6.28700000 294.41000 49.54000 17.07000 63.40800
 1 8 20 00 10 9664.00000 6.28700000 294.23000 49.54000 17.07000 63.40800
 1 8 20 00 10 9659.80000 6.28700000 294.23000 49.54000 17.07000 63.40800
 1 8 20 00 11 9652.10000 6.28700000 294.15000 49.54000 17.07000 63.40800
