M=[
31 5 21 23 32 30520.80000 56.92700000 2197.95000 152.69000 24.14900 132.34800
31 5 21 23 32 30534.50000 56.92700000 2197.95000 152.69000 24.14900 132.50000
31 5 21 23 33 30571.90000 56.92700000 2203.14000 152.69000 24.14900 132.53600
31 5 21 23 33 30543.00000 57.00000000 2200.52000 152.69000 24.14900 132.57100
31 5 21 23 33 30543.00000 57.00000000 2201.88000 152.77000 24.14900 132.57100
31 5 21 23 34 30546.50000 57.06600000 2201.65000 152.77000 24.14900 132.54600
31 5 21 23 34 30546.50000 57.06600000 2203.55000 152.77000 24.14900 132.54600
31 5 21 23 35 30532.70000 57.06600000 2202.34000 152.82000 24.14900 132.54600
31 5 21 23 35 30532.70000 57.06600000 2198.45000 152.82000 24.14900 132.54600
31 5 21 23 36 30532.70000 57.06600000 2198.60000 152.73000 24.14900 132.54600
31 5 21 23 36 30531.50000 57.06600000 2198.60000 152.73000 24.14900 132.54600
31 5 21 23 36 30535.00000 57.10400000 2198.62000 152.83000 24.14900 132.54600
31 5 21 23 37 30528.50000 57.03400000 2198.00000 152.83000 24.14900 132.54600
31 5 21 23 37 30537.90000 57.03400000 2200.52000 152.83000 24.14900 132.54600
31 5 21 23 38 30529.50000 57.03400000 2200.21000 152.81000 24.14900 131.93600
31 5 21 23 38 30521.90000 57.03400000 2200.53000 152.99000 24.14900 131.90000
31 5 21 23 39 30571.10000 57.09000000 2204.99000 153.19000 24.14900 131.90000
31 5 21 23 39 30590.20000 57.09000000 2211.37000 153.62000 24.14900 131.90000
31 5 21 23 39 30630.00000 57.14200000 2215.10000 154.00000 24.14900 132.52200
31 5 21 23 40 30644.60000 57.14200000 2218.41000 153.91000 24.14900 132.52200
31 5 21 23 40 30587.50000 57.09200000 2215.00000 153.70000 24.14900 132.52200
31 5 21 23 41 30626.50000 57.09200000 2216.64000 153.66000 24.14900 132.52200
31 5 21 23 41 30609.90000 57.09200000 2216.22000 153.65000 24.14900 132.52200
31 5 21 23 42 30609.90000 57.23000000 2214.49000 153.71000 24.14900 132.52200
31 5 21 23 42 30588.00000 57.30300000 2212.00000 153.41000 24.14900 132.52200
31 5 21 23 42 30588.10000 57.30300000 2212.00000 153.41000 24.14900 132.52200
31 5 21 23 43 30605.10000 57.61900000 2215.66000 153.41000 24.14900 132.52200
31 5 21 23 43 30615.30000 57.61900000 2217.49000 153.41000 24.14900 132.52200
31 5 21 23 44 30601.40000 57.61900000 2217.49000 153.73000 24.14900 132.37400
31 5 21 23 44 30601.40000 57.62400000 2217.49000 153.73000 24.14900 132.37400
31 5 21 23 45 30585.50000 57.62400000 2215.14000 153.73000 24.14900 132.37400
31 5 21 23 45 30580.40000 57.62400000 2213.00000 153.73000 24.14900 132.37400
31 5 21 23 45 30516.80000 57.62400000 2210.57000 153.63000 24.14900 132.37400
31 5 21 23 46 30520.10000 57.62400000 2205.74000 153.63000 24.14900 132.37400
31 5 21 23 46 30538.40000 57.36700000 2218.30000 153.63000 24.14900 132.37400
31 5 21 23 47 30527.40000 57.36700000 2213.02000 153.63000 24.14900 132.37400
31 5 21 23 47 30522.20000 57.36700000 2212.63000 153.63000 24.14900 132.37400
31 5 21 23 48 30508.80000 57.36700000 2209.92000 153.19000 24.14900 132.37400
31 5 21 23 48 30519.20000 57.36700000 2215.48000 153.42000 24.14900 132.37400
31 5 21 23 48 30519.10000 57.36700000 2215.57000 153.58000 24.14900 132.37400
31 5 21 23 49 30519.20000 57.36700000 2213.59000 153.58000 24.14900 132.37400
31 5 21 23 49 30519.20000 57.36700000 2210.96000 153.58000 24.14900 132.37400
31 5 21 23 50 30556.60000 57.36700000 2217.14000 153.58000 24.14900 132.67600
31 5 21 23 50 30557.90000 57.36700000 2216.05000 153.56000 24.14900 132.67600
31 5 21 23 51 30560.80000 57.63100000 2217.00000 153.56000 24.14900 132.67600
31 5 21 23 51 30549.10000 57.63100000 2218.01000 153.41000 24.14900 132.67600
31 5 21 23 51 30529.90000 57.69200000 2216.10000 153.28000 24.14900 132.67600
31 5 21 23 52 30529.80000 57.70700000 2216.54000 153.48000 24.14900 132.67600
31 5 21 23 52 30519.10000 57.70400000 2214.72000 153.48000 24.14900 132.67600
31 5 21 23 53 30521.10000 57.70400000 2215.27000 153.46000 24.14900 132.67600
31 5 21 23 53 30506.20000 57.70400000 2215.27000 153.46000 24.14900 132.67600
31 5 21 23 54 30518.30000 57.70400000 2216.52000 153.46000 24.14900 132.67600
31 5 21 23 54 30537.70000 57.70400000 2216.52000 153.46000 24.14900 132.67600
31 5 21 23 54 30515.90000 57.70400000 2213.31000 153.46000 24.14900 132.67600
31 5 21 23 55 30501.30000 57.70400000 2212.40000 153.49000 24.14900 132.67600
31 5 21 23 55 30501.30000 57.70400000 2213.96000 153.49000 24.14900 132.67600
31 5 21 23 56 30504.10000 57.70400000 2211.52000 153.49000 24.14900 132.67600
31 5 21 23 56 30503.30000 57.70400000 2207.68000 153.49000 24.14900 132.67600
31 5 21 23 57 30490.00000 57.70400000 2207.22000 153.37000 24.14900 132.67600
31 5 21 23 57 30498.40000 57.70400000 2210.91000 153.37000 24.14900 132.67600
31 5 21 23 57 30500.00000 57.70400000 2211.24000 153.37000 24.14900 132.67600
31 5 21 23 58 30500.00000 57.70400000 2216.03000 153.44000 24.14900 132.67600
31 5 21 23 58 30507.60000 57.70400000 2218.30000 153.44000 24.14900 132.67600
31 5 21 23 59 30505.40000 57.70400000 2218.76000 153.79000 24.14900 132.67600
31 5 21 23 59 30511.60000 57.70400000 2218.91000 154.02000 24.14900 132.67600
 1 6 21 00 00 30474.40000 57.70400000 2213.33000 153.97000 23.97100 132.67600
 1 6 21 00 00 30437.50000 57.31600000 2208.77000 153.67000 23.97100 131.72600
 1 6 21 00 00 30390.50000 57.31600000 2200.55000 153.14000 23.97100 131.21500
 1 6 21 00 01 30400.50000 57.06300000 2202.73000 153.29000 23.97100 131.41800
 1 6 21 00 01 30426.30000 57.06300000 2205.51000 153.29000 23.97100 131.41800
 1 6 21 00 02 30475.90000 57.06300000 2215.05000 153.96000 24.13200 131.41800
 1 6 21 00 02 30538.90000 57.78700000 2222.00000 154.97000 24.13200 133.55700
 1 6 21 00 03 30605.90000 57.80900000 2225.78000 155.39000 24.13200 133.66300
 1 6 21 00 03 30710.30000 58.00000000 2228.78000 155.39000 24.13200 134.40300
 1 6 21 00 03 30681.50000 58.00000000 2226.48000 155.39000 24.13200 134.40300
 1 6 21 00 04 30694.10000 57.99600000 2224.37000 155.40000 24.00700 133.38500
 1 6 21 00 04 30718.20000 57.99600000 2225.97000 155.40000 24.00700 133.12000
 1 6 21 00 05 30737.10000 58.08600000 2226.08000 155.40000 24.00700 133.12000
 1 6 21 00 05 30740.40000 58.50000000 2227.41000 155.23000 24.00700 133.12000
 1 6 21 00 06 30765.50000 58.75300000 2233.09000 155.49000 24.00700 133.12000
 1 6 21 00 06 30739.40000 58.55100000 2231.78000 155.50000 24.00700 133.12000
 1 6 21 00 06 30748.10000 58.36700000 2232.89000 155.50000 24.00700 133.12000
 1 6 21 00 07 30699.10000 58.36700000 2232.89000 155.23000 24.00700 133.12000
 1 6 21 00 07 30685.80000 58.36700000 2227.31000 155.23000 24.00700 133.12000
 1 6 21 00 08 30698.90000 58.20400000 2229.76000 155.23000 24.02500 133.12000
 1 6 21 00 08 30737.50000 58.20400000 2229.76000 155.26000 24.02500 133.30700
 1 6 21 00 09 30736.10000 58.20400000 2233.71000 155.11000 24.02500 133.30700
 1 6 21 00 09 30748.50000 58.20400000 2235.24000 155.36000 24.02500 133.30700
 1 6 21 00 09 30744.60000 58.20400000 2233.59000 155.36000 24.02500 133.30700
 1 6 21 00 10 30705.40000 58.20400000 2232.02000 155.18000 24.02500 132.80500
 1 6 21 00 10 30718.70000 58.30300000 2233.21000 155.22000 24.02500 132.80500
 1 6 21 00 11 30764.80000 58.60200000 2237.00000 155.22000 24.02500 132.80500
 1 6 21 00 11 30766.80000 58.60200000 2239.00000 155.77000 24.02500 132.80500
 1 6 21 00 12 30765.60000 58.60200000 2238.72000 155.77000 24.02500 132.80500
 1 6 21 00 12 30746.10000 58.60200000 2236.27000 155.95000 24.02500 132.80500
 1 6 21 00 12 30748.10000 58.61600000 2236.27000 155.95000 24.02500 132.80500
 1 6 21 00 13 30748.00000 58.61600000 2236.27000 155.95000 24.02500 132.80500
 1 6 21 00 13 30742.30000 58.54700000 2235.90000 155.95000 24.02500 132.80500
 1 6 21 00 14 30736.30000 58.54700000 2235.45000 155.95000 24.02500 132.80500
 1 6 21 00 14 30743.80000 58.52800000 2235.45000 155.95000 24.02500 132.80500
 1 6 21 00 15 30721.10000 58.48900000 2232.81000 155.95000 24.02500 132.80500
 1 6 21 00 15 30713.10000 58.48900000 2231.12000 155.74000 24.00500 132.80500
