M=[
29 11 20 00 12 14778.00000 5.28200000 449.22000 60.41000 13.13300 62.61400
29 11 20 00 12 14778.80000 5.28200000 449.62000 60.41000 13.13300 62.61400
29 11 20 00 13 14782.30000 5.28200000 449.62000 60.40000 13.13300 62.61400
29 11 20 00 13 14780.00000 5.28200000 449.62000 60.35000 13.13300 62.31000
29 11 20 00 14 14778.90000 5.28200000 449.62000 60.35000 13.13300 62.31000
29 11 20 00 14 14782.40000 5.28200000 449.20000 60.35000 13.13300 62.31000
29 11 20 00 14 14782.40000 5.28200000 448.63000 60.35000 13.13300 62.31000
29 11 20 00 15 14798.70000 5.28200000 448.63000 60.35000 13.13300 62.31000
29 11 20 00 15 14800.00000 5.28200000 449.20000 60.35000 13.13300 62.31000
29 11 20 00 16 14802.10000 5.28200000 449.06000 60.50000 13.13300 62.31000
29 11 20 00 16 14798.80000 5.28200000 449.06000 60.53000 13.13300 62.31000
29 11 20 00 17 14798.80000 5.28200000 449.39000 60.53000 13.13300 62.31000
29 11 20 00 17 14798.80000 5.28200000 449.39000 60.53000 13.13300 62.31000
29 11 20 00 17 14808.80000 5.28200000 449.39000 60.60000 13.13300 62.31000
29 11 20 00 18 14807.30000 5.28200000 449.39000 60.60000 13.13300 62.31000
29 11 20 00 18 14807.30000 5.28200000 449.38000 60.60000 13.00600 62.31000
29 11 20 00 19 14805.00000 5.28200000 449.38000 60.60000 13.00600 62.31000
29 11 20 00 19 14805.10000 5.28200000 449.26000 60.60000 13.00600 62.31000
29 11 20 00 20 14803.60000 5.28200000 449.14000 60.60000 13.00600 62.31000
29 11 20 00 20 14806.70000 5.28200000 449.14000 60.60000 13.00600 62.31000
29 11 20 00 20 14810.60000 5.28200000 449.31000 60.58000 13.07500 62.31000
29 11 20 00 21 14805.10000 5.28200000 449.31000 60.57000 13.07500 62.31000
29 11 20 00 21 14791.90000 5.28200000 449.31000 60.42000 13.07500 62.31000
29 11 20 00 22 14783.70000 5.28200000 448.44000 60.41000 13.07500 62.31000
29 11 20 00 22 14783.80000 5.22500000 448.44000 60.30000 13.07500 61.93600
29 11 20 00 23 14750.00000 5.22500000 446.91000 60.09000 13.07500 61.49600
29 11 20 00 23 14706.60000 5.22300000 446.22000 60.09000 13.07500 61.48700
29 11 20 00 23 14711.70000 5.20700000 445.90000 60.09000 13.07500 61.43300
29 11 20 00 24 14712.20000 5.22200000 446.76000 60.06000 13.07500 61.39000
29 11 20 00 24 14729.90000 5.22200000 447.02000 60.06000 13.07500 61.39000
29 11 20 00 25 14730.00000 5.22200000 448.38000 60.06000 13.07500 61.39000
29 11 20 00 25 14729.90000 5.22200000 448.07000 60.24000 13.07500 61.39000
29 11 20 00 26 14718.10000 5.22200000 447.16000 60.06000 13.07500 61.39000
29 11 20 00 26 14700.00000 5.22200000 446.15000 60.02000 13.07500 61.39000
29 11 20 00 26 14707.70000 5.22200000 446.27000 60.02000 13.07500 61.42500
29 11 20 00 27 14695.60000 5.23400000 446.41000 60.02000 13.07500 61.42500
29 11 20 00 27 14719.70000 5.23400000 447.62000 60.02000 13.07500 61.42500
29 11 20 00 28 14730.00000 5.23400000 447.96000 60.19000 13.07500 61.42500
29 11 20 00 28 14729.90000 5.23400000 448.38000 60.19000 13.07500 61.42500
29 11 20 00 29 14725.60000 5.23400000 448.63000 60.19000 13.07500 61.42500
29 11 20 00 29 14725.60000 5.23400000 448.23000 60.19000 13.07500 61.42500
29 11 20 00 29 14708.00000 5.23400000 448.23000 60.23000 13.07500 61.42500
29 11 20 00 30 14693.00000 5.23400000 448.23000 60.23000 13.07500 61.42500
29 11 20 00 30 14719.90000 5.23400000 447.88000 60.23000 13.07500 61.42500
29 11 20 00 31 14719.90000 5.23400000 448.49000 60.27000 13.05200 61.42500
29 11 20 00 31 14715.70000 5.23400000 448.49000 60.32000 13.05200 61.42500
29 11 20 00 32 14715.70000 5.23400000 448.38000 60.30000 13.05200 61.42500
29 11 20 00 32 14711.70000 5.23400000 448.10000 60.30000 13.05200 61.42500
29 11 20 00 32 14715.30000 5.23400000 448.24000 60.16000 13.05200 61.42500
29 11 20 00 33 14728.20000 5.23400000 448.25000 60.17000 13.05200 61.42500
29 11 20 00 33 14714.30000 5.23400000 447.96000 60.17000 13.05200 61.42500
29 11 20 00 34 14714.30000 5.23400000 447.77000 60.17000 13.05300 61.42500
29 11 20 00 34 14709.30000 5.23400000 447.77000 60.17000 13.05300 61.42500
29 11 20 00 35 14715.00000 5.23400000 447.85000 60.17000 13.05300 61.42500
29 11 20 00 35 14717.10000 5.23400000 447.62000 60.17000 13.01800 61.42500
29 11 20 00 35 14717.10000 5.23400000 447.62000 60.17000 13.01800 61.42500
29 11 20 00 36 14717.10000 5.23400000 447.84000 60.17000 13.01800 61.42500
29 11 20 00 36 14720.00000 5.23400000 447.84000 60.26000 13.01800 61.42500
29 11 20 00 37 14720.00000 5.23400000 447.84000 60.26000 13.01800 61.42500
29 11 20 00 37 14720.00000 5.23400000 447.84000 60.27000 13.01800 61.42500
29 11 20 00 38 14729.90000 5.23400000 448.04000 60.27000 13.01800 61.42500
29 11 20 00 38 14729.90000 5.23400000 448.12000 60.27000 13.01800 61.42500
29 11 20 00 38 14729.90000 5.23400000 448.06000 60.27000 13.01800 61.42500
29 11 20 00 39 14729.90000 5.23400000 448.06000 60.27000 13.01800 61.42500
29 11 20 00 39 14729.90000 5.23400000 448.25000 60.44000 13.01800 61.42500
29 11 20 00 40 14740.90000 5.23400000 448.71000 60.45000 13.01800 61.42500
29 11 20 00 40 14758.00000 5.23400000 448.71000 60.45000 13.01800 61.42500
29 11 20 00 41 14757.80000 5.23400000 448.71000 60.44000 13.01800 61.42500
29 11 20 00 41 14763.00000 5.23400000 448.71000 60.46000 13.01800 61.42500
29 11 20 00 41 14766.40000 5.23400000 449.21000 60.46000 13.01800 61.42500
29 11 20 00 42 14766.50000 5.23400000 449.21000 60.46000 13.01800 61.42500
29 11 20 00 42 14766.50000 5.23400000 449.02000 60.46000 13.01800 61.42500
29 11 20 00 43 14763.00000 5.23400000 449.16000 60.46000 13.01800 61.42500
29 11 20 00 43 14752.30000 5.23400000 449.16000 60.46000 13.01800 61.42500
29 11 20 00 44 14752.30000 5.23400000 448.63000 60.41000 13.01800 61.42500
29 11 20 00 44 14752.20000 5.25300000 449.05000 60.43000 13.01800 61.42500
29 11 20 00 44 14745.40000 5.25300000 449.09000 60.43000 13.01800 61.42500
29 11 20 00 45 14750.20000 5.25300000 449.35000 60.43000 13.01800 61.42500
29 11 20 00 45 14757.90000 5.25300000 449.35000 60.65000 13.01800 61.42500
29 11 20 00 46 14757.90000 5.25300000 449.39000 60.65000 13.01800 61.85300
29 11 20 00 46 14759.60000 5.23900000 449.39000 60.65000 13.01800 61.88500
29 11 20 00 47 14757.00000 5.23900000 449.39000 60.65000 13.01800 61.88500
29 11 20 00 47 14764.60000 5.23900000 449.39000 60.65000 13.01800 61.88500
29 11 20 00 47 14764.20000 5.23900000 449.61000 60.65000 13.01800 61.88500
29 11 20 00 48 14764.10000 5.23900000 449.61000 60.65000 13.01800 61.88500
29 11 20 00 48 14764.10000 5.23900000 449.61000 60.71000 13.01800 61.88500
29 11 20 00 49 14740.00000 5.23900000 448.93000 60.70000 13.01800 61.88500
29 11 20 00 49 14740.10000 5.23900000 448.93000 60.60000 13.01800 61.88500
29 11 20 00 50 14762.40000 5.23900000 448.93000 60.60000 13.01800 61.88500
29 11 20 00 50 14765.50000 5.23900000 449.59000 60.60000 13.01800 61.88500
29 11 20 00 50 14765.50000 5.23900000 449.59000 60.60000 13.01800 61.88500
29 11 20 00 51 14773.90000 5.23900000 449.98000 60.60000 13.01800 61.88500
29 11 20 00 51 14773.90000 5.23900000 449.98000 60.60000 13.01800 61.88500
29 11 20 00 52 14760.10000 5.23900000 449.44000 60.60000 13.01800 61.88500
29 11 20 00 52 14759.00000 5.23900000 449.26000 60.60000 13.01800 61.88500
29 11 20 00 53 14759.00000 5.23900000 449.26000 60.60000 13.01800 61.88500
29 11 20 00 53 14749.10000 5.23900000 449.15000 60.70000 13.01800 61.88500
29 11 20 00 53 14753.60000 5.23900000 449.20000 60.70000 13.01800 61.88500
29 11 20 00 54 14757.30000 5.23900000 449.51000 60.70000 13.01800 61.88500
29 11 20 00 54 14764.10000 5.23900000 449.51000 60.70000 13.01800 61.88500
29 11 20 00 55 14764.10000 5.23900000 449.51000 60.70000 13.01800 61.88500
29 11 20 00 55 14765.00000 5.23900000 449.51000 60.70000 13.01800 61.88500
29 11 20 00 56 14764.80000 5.23900000 449.51000 60.70000 13.01800 61.88500
29 11 20 00 56 14763.70000 5.23900000 449.59000 60.68000 13.01800 61.88500
29 11 20 00 56 14763.70000 5.23900000 449.59000 60.68000 13.01800 61.88500
29 11 20 00 57 14763.60000 5.23900000 449.61000 60.68000 13.01800 61.88500
