M=[
 3 5 20 04 30 8323.90000 6.79800000 198.64000 45.11000 10.16700 42.56000
 3 5 20 04 31 8324.70000 6.79800000 198.45000 45.11000 10.16700 42.56000
 3 5 20 04 31 8324.70000 6.79800000 198.45000 45.11000 10.16700 42.56000
 3 5 20 04 32 8323.70000 6.81000000 198.40000 45.11000 10.16700 42.56000
 3 5 20 04 32 8323.80000 6.81000000 198.39000 45.11000 10.16700 42.56000
 3 5 20 04 33 8323.80000 6.81000000 198.39000 45.11000 10.16700 42.56000
 3 5 20 04 33 8315.70000 6.81000000 198.39000 45.11000 10.16700 42.56000
 3 5 20 04 34 8319.60000 6.81000000 198.00000 45.11000 10.16700 42.56000
 3 5 20 04 34 8318.10000 6.81000000 197.98000 45.11000 10.16700 42.56000
 3 5 20 04 35 8312.40000 6.81000000 198.01000 45.05000 10.16700 42.56000
 3 5 20 04 35 8316.60000 6.81000000 197.99000 45.05000 10.16700 42.56000
 3 5 20 04 36 8311.30000 6.81000000 198.06000 45.05000 10.16700 42.56000
 3 5 20 04 36 8314.70000 6.81000000 198.07000 45.05000 10.16700 42.56000
 3 5 20 04 37 8311.10000 6.81000000 198.07000 45.05000 10.16700 42.56000
 3 5 20 04 38 8309.20000 6.81000000 198.07000 45.05000 10.16700 42.56000
 3 5 20 04 38 8311.80000 6.81000000 198.07000 45.05000 10.16700 42.56000
 3 5 20 04 39 8307.70000 6.81000000 198.07000 45.05000 10.16700 42.56000
 3 5 20 04 39 8309.50000 6.81000000 198.07000 45.05000 10.16700 42.56000
 3 5 20 04 40 8309.50000 6.81000000 198.05000 45.05000 10.16700 42.56000
 3 5 20 04 40 8305.50000 6.81000000 198.07000 45.04000 10.16700 42.56000
 3 5 20 04 40 8309.50000 6.81000000 198.31000 45.11000 10.16700 42.56000
 3 5 20 04 41 8309.90000 6.81000000 198.31000 45.05000 10.16700 42.56000
 3 5 20 04 41 8309.90000 6.81000000 198.22000 45.05000 10.16700 42.56000
 3 5 20 04 42 8307.20000 6.81000000 198.10000 45.05000 10.16700 42.56000
 3 5 20 04 42 8307.20000 6.81000000 198.10000 45.05000 10.16700 42.56000
 3 5 20 04 43 8310.70000 6.81000000 198.12000 45.04000 10.16700 42.56000
 3 5 20 04 43 8309.10000 6.81000000 198.12000 45.05000 10.16700 42.56000
 3 5 20 04 44 8309.10000 6.81000000 198.12000 45.05000 10.16700 42.56000
 3 5 20 04 44 8298.00000 6.81000000 198.12000 45.00000 10.16700 42.56000
 3 5 20 04 44 8297.20000 6.81000000 198.12000 45.00000 10.16700 42.56000
 3 5 20 04 45 8302.90000 6.81000000 198.12000 45.00000 10.16700 42.56000
 3 5 20 04 45 8302.90000 6.81000000 197.91000 45.00000 10.16700 42.56000
 3 5 20 04 46 8300.00000 6.81000000 197.91000 45.00000 10.16700 42.56000
 3 5 20 04 46 8298.30000 6.81000000 197.90000 45.00000 10.16700 42.56000
 3 5 20 04 48 8298.10000 6.81000000 197.83000 44.90000 10.16700 42.56000
 3 5 20 04 48 8296.70000 6.81000000 197.83000 44.90000 10.16700 42.56000
 3 5 20 04 49 8300.00000 6.81000000 197.86000 44.87000 10.16700 42.56000
 3 5 20 04 49 8302.20000 6.81000000 197.86000 44.87000 10.16700 42.56000
 3 5 20 04 50 8302.20000 6.81000000 197.97000 44.87000 10.16700 42.56000
 3 5 20 04 50 8305.30000 6.81000000 197.97000 44.87000 10.16700 42.56000
 3 5 20 04 51 8305.50000 6.81000000 197.95000 44.87000 10.16700 42.56000
 3 5 20 04 51 8313.80000 6.81000000 197.95000 44.91000 10.16700 42.56000
 3 5 20 04 52 8308.10000 6.81000000 197.93000 44.91000 10.16700 42.56000
 3 5 20 04 52 8314.70000 6.81000000 198.20000 44.91000 10.16700 42.56000
 3 5 20 04 52 8313.10000 6.81000000 198.13000 44.91000 10.16700 42.56000
 3 5 20 04 53 8312.10000 6.81000000 198.13000 44.91000 10.16700 42.56000
 3 5 20 04 53 8311.90000 6.81000000 198.22000 44.91000 10.16700 42.56000
 3 5 20 04 54 8309.90000 6.81000000 198.10000 44.91000 10.16700 42.56000
 3 5 20 04 54 8310.70000 6.81000000 198.16000 44.91000 10.16700 42.56000
 3 5 20 04 55 8310.70000 6.81000000 198.01000 44.91000 10.15100 42.56000
 3 5 20 04 55 8307.80000 6.81000000 198.11000 44.91000 10.16700 42.56000
 3 5 20 04 56 8308.50000 6.81000000 198.11000 44.91000 10.16700 42.56000
 3 5 20 04 56 8308.40000 6.81000000 198.35000 44.91000 10.16700 42.56000
 3 5 20 04 56 8311.60000 6.81000000 198.35000 44.96000 10.16700 42.56000
 3 5 20 04 57 8305.50000 6.81000000 198.26000 44.96000 10.16700 42.56000
 3 5 20 04 57 8306.30000 6.81000000 198.22000 44.96000 10.16700 42.56000
 3 5 20 04 58 8303.20000 6.81000000 198.22000 44.86000 10.16700 42.56000
 3 5 20 04 58 8303.20000 6.81000000 198.22000 44.91000 10.16700 42.56000
 3 5 20 04 59 8303.20000 6.81000000 197.96000 44.91000 10.16700 42.56000
 3 5 20 04 59 8303.30000 6.81000000 197.96000 44.91000 10.16700 42.56000
 3 5 20 05 00 8303.30000 6.81000000 197.94000 44.84000 10.16700 42.56000
 3 5 20 05 01 8303.30000 6.81000000 197.90000 44.84000 10.16700 42.56000
 3 5 20 05 01 8295.00000 6.81000000 197.85000 44.84000 10.16700 42.56000
 3 5 20 05 01 8295.60000 6.81000000 197.94000 44.84000 10.16700 42.56000
 3 5 20 05 02 8296.30000 6.81000000 197.94000 44.84000 10.16700 42.56000
 3 5 20 05 02 8297.80000 6.81000000 197.86000 44.84000 10.16700 42.56000
 3 5 20 05 03 8288.30000 6.81000000 197.86000 44.84000 10.16700 42.56000
 3 5 20 05 03 8288.50000 6.81000000 197.81000 44.84000 10.16700 42.56000
 3 5 20 05 04 8294.80000 6.81000000 197.98000 44.83000 10.16700 42.56000
 3 5 20 05 04 8292.10000 6.81000000 197.98000 44.83000 10.16700 42.56000
 3 5 20 05 05 8292.10000 6.81000000 197.88000 44.83000 10.16700 42.56000
 3 5 20 05 05 8299.30000 6.81000000 197.88000 44.82000 10.16700 42.56000
 3 5 20 05 06 8296.30000 6.81000000 197.95000 44.82000 10.16700 42.56000
 3 5 20 05 06 8294.50000 6.81000000 197.95000 44.82000 10.16700 42.56000
 3 5 20 05 07 8292.10000 6.81000000 197.80000 44.78000 10.16700 42.56000
 3 5 20 05 07 8292.00000 6.81000000 197.89000 44.78000 10.16700 42.56000
 3 5 20 05 08 8292.00000 6.81000000 197.81000 44.78000 10.16700 42.56000
 3 5 20 05 08 8288.00000 6.81000000 197.81000 44.78000 10.16700 42.56000
 3 5 20 05 08 8293.10000 6.81000000 197.87000 44.78000 10.16700 42.56000
 3 5 20 05 09 8290.50000 6.81000000 197.74000 44.78000 10.16700 42.56000
 3 5 20 05 09 8292.00000 6.81000000 197.66000 44.78000 10.16700 42.56000
 3 5 20 05 10 8282.30000 6.81000000 197.64000 44.78000 10.16700 42.56000
 3 5 20 05 10 8289.10000 6.81000000 197.43000 44.78000 10.16700 42.56000
 3 5 20 05 11 8284.20000 6.64200000 197.43000 44.78000 10.16700 42.33000
 3 5 20 05 11 8284.20000 6.64200000 197.08000 44.58000 10.16700 42.33000
 3 5 20 05 12 8277.30000 6.64200000 197.03000 44.58000 10.16700 42.13000
 3 5 20 05 12 8279.90000 6.68600000 197.18000 44.47000 10.16700 42.13000
 3 5 20 05 13 8276.80000 6.68600000 197.15000 44.47000 10.15100 42.13000
 3 5 20 05 13 8285.40000 6.68300000 197.18000 44.58000 10.16700 42.13000
 3 5 20 05 13 8285.40000 6.68300000 197.16000 44.47000 10.16700 42.13000
 3 5 20 05 14 8277.90000 6.68300000 197.11000 44.41000 10.16700 42.13000
 3 5 20 05 14 8278.60000 6.68300000 197.13000 44.41000 10.16700 42.13000
 3 5 20 05 15 8279.10000 6.68300000 197.17000 44.48000 10.16700 42.13000
 3 5 20 05 16 8286.50000 6.68300000 197.29000 44.53000 10.16700 42.13000
 3 5 20 05 16 8283.60000 6.68700000 197.29000 44.53000 10.16700 42.13000
 3 5 20 05 17 8287.60000 6.68700000 197.29000 44.57000 10.16700 42.13000
 3 5 20 05 17 8286.00000 6.68700000 197.45000 44.57000 10.16700 42.13000
 3 5 20 05 18 8293.20000 6.70700000 197.53000 44.60000 10.16700 42.13000
 3 5 20 05 19 8293.00000 6.70700000 197.51000 44.57000 10.16700 42.13000
 3 5 20 05 19 8293.10000 6.70700000 197.59000 44.56000 10.16700 42.13000
 3 5 20 05 20 8290.00000 6.70700000 197.52000 44.56000 10.16700 42.13000
 3 5 20 05 20 8290.60000 6.70700000 197.42000 44.60000 10.16700 42.13000
 3 5 20 05 21 8293.10000 6.70700000 197.34000 44.59000 10.16700 42.13000
 3 5 20 05 21 8293.10000 6.70700000 197.34000 44.59000 10.16700 42.33000
 3 5 20 05 22 8293.50000 6.70700000 197.33000 44.59000 10.16700 42.13000
 3 5 20 05 22 8293.60000 6.70700000 197.34000 44.59000 10.16700 42.13000
 3 5 20 05 23 8295.70000 6.70700000 197.34000 44.72000 10.16700 42.13000
 3 5 20 05 23 8295.90000 6.70700000 197.34000 44.72000 10.16700 42.13000
 3 5 20 05 24 8300.20000 6.70700000 197.50000 44.72000 10.16700 42.13000
