M=[
27 2 21 03 54 39659.10000 9.25000000 1248.60000 147.79000 27.75900 102.18900
27 2 21 03 54 39659.20000 9.25000000 1251.10000 147.79000 27.89900 102.18900
27 2 21 03 55 39685.90000 9.25000000 1251.26000 147.79000 27.89900 102.18900
27 2 21 03 55 39688.00000 9.25000000 1251.26000 147.79000 27.89900 102.18900
27 2 21 03 56 39688.00000 9.25000000 1251.12000 147.79000 27.89900 102.18900
27 2 21 03 56 39636.40000 9.25000000 1248.30000 147.79000 27.89900 102.19800
27 2 21 03 56 39669.70000 9.25000000 1248.35000 147.79000 27.89900 102.19800
27 2 21 03 57 39615.50000 9.25000000 1247.63000 147.44000 27.89900 102.19800
27 2 21 03 57 39629.00000 9.25000000 1247.63000 147.44000 27.89900 102.19800
27 2 21 03 58 39573.40000 9.25000000 1247.79000 147.44000 27.89900 102.19800
27 2 21 03 58 39518.10000 9.25000000 1243.62000 147.44000 27.89900 102.19800
27 2 21 03 59 39541.70000 9.25000000 1243.35000 146.89000 27.89900 102.19800
27 2 21 03 59 39411.40000 9.25000000 1240.80000 146.89000 27.89900 102.19800
27 2 21 03 59 39365.40000 9.25000000 1238.11000 146.04000 27.89900 102.19800
27 2 21 04 00 39365.30000 9.25000000 1237.38000 146.04000 27.89900 102.19800
27 2 21 04 00 39365.30000 9.25000000 1240.35000 146.04000 27.89900 102.19800
27 2 21 04 01 39485.30000 9.25000000 1241.72000 146.72000 27.89900 102.19800
27 2 21 04 01 39487.30000 9.25000000 1241.72000 146.72000 27.89900 102.19800
27 2 21 04 02 39560.00000 9.25000000 1244.39000 146.72000 27.89900 102.19800
27 2 21 04 02 39555.30000 9.25000000 1245.15000 146.72000 27.89900 102.19800
27 2 21 04 02 39513.10000 9.25000000 1245.05000 146.72000 27.89900 102.19800
27 2 21 04 03 39481.90000 9.25000000 1245.05000 146.72000 27.89900 102.19800
27 2 21 04 03 39481.90000 9.25000000 1243.28000 146.72000 27.89900 102.19800
27 2 21 04 04 39488.00000 9.25000000 1243.28000 146.72000 27.89900 102.19800
27 2 21 04 04 39519.70000 9.25000000 1243.02000 146.72000 27.89900 102.19800
27 2 21 04 05 39519.70000 9.25000000 1243.10000 146.72000 27.89900 102.19800
27 2 21 04 05 39531.70000 9.25000000 1245.50000 146.72000 27.89900 102.19800
27 2 21 04 05 39448.40000 9.25000000 1244.48000 146.72000 27.89900 102.19800
27 2 21 04 06 39460.70000 9.25000000 1243.10000 146.72000 27.89900 102.19800
27 2 21 04 06 39352.90000 9.25000000 1238.74000 146.63000 27.89900 102.19800
27 2 21 04 07 39355.50000 9.25000000 1238.74000 146.63000 27.89900 102.19800
27 2 21 04 07 39418.10000 9.25000000 1238.74000 146.63000 27.89900 102.19800
27 2 21 04 08 39418.10000 9.25000000 1238.21000 146.10000 27.89900 102.19800
27 2 21 04 08 39434.10000 9.25000000 1238.21000 146.32000 27.89900 102.19800
27 2 21 04 08 39360.20000 9.25000000 1238.22000 145.89000 27.89900 102.19800
27 2 21 04 09 39360.20000 9.25000000 1238.22000 145.93000 27.89900 102.19800
27 2 21 04 09 39355.40000 9.25000000 1238.22000 145.93000 27.89900 102.19800
27 2 21 04 10 39326.20000 9.16700000 1234.42000 145.93000 27.89900 102.19800
27 2 21 04 10 39326.00000 9.16700000 1234.43000 145.93000 27.89900 102.19800
27 2 21 04 11 39294.20000 9.15600000 1234.43000 145.66000 27.89900 102.19800
27 2 21 04 11 39232.80000 9.15600000 1234.00000 145.33000 27.36500 102.19800
27 2 21 04 11 39273.60000 9.15600000 1232.87000 145.23000 27.36500 102.19800
27 2 21 04 12 39245.60000 9.15000000 1232.79000 145.23000 27.36500 102.19800
27 2 21 04 12 39247.50000 9.15000000 1232.79000 144.98000 27.36500 102.19800
27 2 21 04 13 39253.80000 9.15000000 1233.32000 144.98000 27.36500 102.19800
27 2 21 04 13 39286.70000 9.15000000 1234.43000 145.11000 27.36500 102.19800
27 2 21 04 14 39258.30000 9.15000000 1234.43000 145.21000 27.36500 102.19800
27 2 21 04 14 39286.60000 9.15000000 1235.88000 145.30000 27.36500 102.19800
27 2 21 04 14 39286.60000 9.15000000 1235.69000 145.30000 27.36500 102.19800
27 2 21 04 15 39240.50000 9.15000000 1235.09000 145.30000 27.36500 102.19800
27 2 21 04 15 39281.30000 9.15000000 1235.09000 145.30000 27.36500 102.19800
27 2 21 04 16 39260.30000 9.15000000 1235.09000 145.05000 27.36500 102.19800
27 2 21 04 16 39267.70000 9.15000000 1235.09000 145.05000 27.36500 102.19800
27 2 21 04 17 39286.60000 9.15000000 1235.09000 145.05000 27.36500 102.19800
27 2 21 04 17 39286.50000 9.15000000 1236.67000 145.05000 27.36500 102.19800
27 2 21 04 17 39286.50000 9.15000000 1236.67000 145.05000 27.36500 102.19800
27 2 21 04 18 39286.60000 9.15000000 1236.39000 145.30000 27.36500 102.19800
27 2 21 04 18 39286.60000 9.15000000 1236.42000 145.30000 27.36500 102.19800
27 2 21 04 19 39286.60000 9.15000000 1236.42000 145.30000 27.36500 102.19800
27 2 21 04 19 39328.10000 9.15000000 1239.60000 145.30000 27.36500 102.19800
27 2 21 04 20 39330.10000 9.15000000 1239.54000 145.30000 27.36500 102.19800
27 2 21 04 20 39330.10000 9.15000000 1241.24000 145.35000 27.36500 102.19800
27 2 21 04 20 39356.50000 9.15000000 1241.24000 145.35000 27.36500 102.19800
27 2 21 04 21 39395.00000 9.15000000 1241.75000 145.35000 27.36500 102.19800
27 2 21 04 21 39397.90000 9.15000000 1241.75000 145.35000 27.36500 102.19800
27 2 21 04 22 39420.80000 9.14100000 1242.02000 145.35000 27.36500 102.19800
27 2 21 04 22 39431.20000 9.14100000 1242.42000 145.35000 27.36500 102.19800
27 2 21 04 23 39431.20000 9.14100000 1244.38000 145.35000 27.36500 102.19800
27 2 21 04 23 39431.20000 9.14100000 1244.38000 145.35000 27.36500 101.03400
27 2 21 04 23 39431.20000 9.14100000 1244.38000 145.35000 27.36500 101.03400
27 2 21 04 24 39505.60000 9.14100000 1245.05000 146.03000 27.36500 101.03400
27 2 21 04 24 39529.90000 9.14100000 1246.87000 146.28000 27.36500 101.03400
27 2 21 04 25 39534.10000 9.14100000 1246.87000 146.22000 27.36500 101.03400
27 2 21 04 25 39534.10000 9.14100000 1246.41000 146.22000 27.36500 101.03400
27 2 21 04 26 39539.80000 9.14100000 1247.01000 146.22000 27.36500 101.03400
27 2 21 04 26 39555.00000 9.14100000 1247.29000 146.22000 27.36500 101.03400
27 2 21 04 26 39561.80000 9.14100000 1247.30000 146.22000 27.36500 101.03400
27 2 21 04 27 39587.60000 9.14100000 1247.30000 146.22000 27.36500 101.03400
27 2 21 04 27 39555.70000 9.14100000 1249.70000 146.22000 27.36500 101.03400
27 2 21 04 28 39527.00000 9.14100000 1249.69000 146.22000 27.36500 101.03400
27 2 21 04 28 39527.00000 9.14100000 1246.70000 146.29000 27.36500 101.03400
27 2 21 04 29 39557.30000 9.14100000 1247.97000 146.29000 27.36500 101.03400
27 2 21 04 29 39511.50000 9.14100000 1245.55000 146.29000 27.36500 101.03400
27 2 21 04 29 39522.30000 9.14100000 1245.55000 146.29000 27.36500 101.03400
27 2 21 04 30 39592.70000 9.14100000 1245.55000 146.13000 27.36500 101.03400
27 2 21 04 30 39589.00000 9.14100000 1246.11000 145.93000 27.36500 101.03400
27 2 21 04 31 39588.60000 9.14100000 1246.11000 145.93000 27.36500 101.03400
27 2 21 04 31 39561.40000 9.19800000 1246.11000 145.98000 27.35200 101.03400
27 2 21 04 32 39580.70000 9.19800000 1246.04000 145.98000 27.35200 101.03400
27 2 21 04 32 39580.70000 9.19800000 1245.79000 146.07000 27.35200 101.38200
27 2 21 04 32 39593.70000 9.19800000 1245.79000 146.07000 27.35200 101.38200
27 2 21 04 33 39560.50000 9.19800000 1244.89000 146.24000 27.35200 101.38200
27 2 21 04 33 39548.90000 9.19800000 1244.20000 145.95000 27.35200 101.38200
27 2 21 04 34 39547.00000 9.19800000 1244.20000 145.95000 27.35200 101.39700
27 2 21 04 34 39490.10000 9.19800000 1243.50000 145.95000 27.35200 101.39700
27 2 21 04 35 39500.90000 9.19800000 1243.50000 145.95000 27.35200 101.39700
27 2 21 04 35 39500.90000 9.19800000 1242.44000 145.95000 27.35200 101.39700
27 2 21 04 35 39459.50000 9.19800000 1240.77000 145.95000 27.35200 101.39700
27 2 21 04 36 39466.30000 9.19800000 1240.78000 145.95000 27.35200 101.39700
27 2 21 04 36 39466.50000 9.19800000 1240.78000 145.95000 27.35200 101.39700
27 2 21 04 37 39503.80000 9.19800000 1242.43000 145.95000 27.35200 101.31300
27 2 21 04 37 39503.80000 9.19800000 1245.01000 145.91000 27.35200 101.31300
27 2 21 04 38 39584.40000 9.19800000 1245.01000 145.91000 27.35200 101.31300
