M=[
 5 12 20 07 18 15655.00000 5.01800000 484.68000 67.83000 13.16100 58.79600
 5 12 20 07 19 15655.90000 5.01800000 484.41000 67.92000 13.16100 58.79600
 5 12 20 07 19 15655.80000 5.02000000 484.57000 67.92000 13.16100 58.79600
 5 12 20 07 20 15652.30000 5.02000000 484.62000 67.92000 13.16100 58.79600
 5 12 20 07 20 15660.10000 5.02000000 484.69000 67.87000 13.16100 58.79600
 5 12 20 07 21 15660.40000 5.02000000 484.69000 67.87000 13.16100 58.79600
 5 12 20 07 21 15660.40000 5.02000000 484.71000 67.90000 13.16100 58.79600
 5 12 20 07 21 15667.10000 5.02000000 484.80000 67.95000 13.16100 58.79600
 5 12 20 07 22 15665.90000 5.02000000 484.80000 67.95000 13.16100 58.79600
 5 12 20 07 22 15665.90000 5.02000000 484.80000 67.95000 13.16100 58.79600
 5 12 20 07 23 15665.90000 5.02000000 484.72000 67.93000 13.16100 58.79600
 5 12 20 07 23 15665.90000 5.02000000 484.71000 67.99000 13.16100 58.79600
 5 12 20 07 24 15668.10000 5.02000000 484.80000 67.96000 13.16100 58.79600
 5 12 20 07 24 15670.00000 5.02000000 484.97000 67.96000 13.16100 58.79600
 5 12 20 07 24 15670.30000 5.02000000 484.97000 67.96000 13.16100 58.79600
 5 12 20 07 25 15670.30000 5.02000000 484.81000 67.96000 13.16100 58.81700
 5 12 20 07 25 15667.90000 5.02000000 484.91000 67.85000 13.16100 58.81700
 5 12 20 07 26 15662.70000 5.02000000 484.69000 67.85000 13.16100 58.81700
 5 12 20 07 26 15662.70000 5.02000000 484.69000 67.95000 13.16100 58.81700
 5 12 20 07 27 15665.90000 5.02000000 484.85000 67.95000 13.16100 58.81700
 5 12 20 07 27 15669.90000 5.02000000 484.85000 67.95000 13.16100 58.81700
 5 12 20 07 27 15670.00000 5.02000000 484.90000 67.95000 13.16100 58.81700
 5 12 20 07 28 15669.90000 5.02000000 484.90000 67.93000 13.16100 58.81700
 5 12 20 07 28 15669.90000 5.02000000 484.90000 67.93000 13.16100 58.81700
 5 12 20 07 29 15670.00000 5.02000000 484.90000 67.93000 13.16100 58.81700
 5 12 20 07 29 15670.00000 5.02000000 485.29000 67.93000 13.16100 58.81700
 5 12 20 07 30 15669.90000 5.02000000 485.51000 67.92000 13.16100 58.81700
 5 12 20 07 30 15670.00000 5.02000000 485.51000 67.92000 13.16100 58.81700
 5 12 20 07 30 15676.10000 5.02000000 485.39000 67.92000 13.16100 58.81700
 5 12 20 07 31 15670.10000 5.02000000 485.39000 67.92000 13.16100 58.81700
 5 12 20 07 31 15675.30000 5.02000000 485.39000 67.92000 13.16100 58.80100
 5 12 20 07 32 15679.90000 5.02000000 485.23000 67.92000 13.16100 58.70700
 5 12 20 07 32 15679.90000 5.02000000 485.23000 67.92000 13.16100 58.70700
 5 12 20 07 33 15680.00000 5.02000000 485.39000 68.03000 13.16100 58.70700
 5 12 20 07 33 15679.90000 5.02000000 485.39000 68.03000 13.16100 58.70700
 5 12 20 07 33 15680.00000 5.02000000 485.77000 68.12000 13.16100 58.70700
 5 12 20 07 34 15693.30000 5.02000000 485.97000 68.15000 13.16100 58.70700
 5 12 20 07 34 15699.60000 5.02000000 485.94000 68.22000 13.16100 58.70700
 5 12 20 07 35 15699.50000 5.02000000 485.94000 68.18000 13.16100 58.70700
 5 12 20 07 35 15698.50000 5.02000000 486.16000 68.18000 13.16100 58.70700
 5 12 20 07 36 15694.40000 5.02000000 485.82000 68.17000 13.16100 58.70700
 5 12 20 07 36 15694.40000 5.02000000 485.82000 68.18000 13.16100 58.70700
 5 12 20 07 36 15699.30000 5.02000000 485.81000 68.18000 13.16100 58.70700
 5 12 20 07 37 15699.50000 5.02000000 485.81000 68.18000 13.16100 58.70700
 5 12 20 07 37 15699.60000 5.02000000 485.81000 68.28000 13.16100 58.70700
 5 12 20 07 38 15692.60000 5.02000000 485.82000 68.15000 13.16100 58.70700
 5 12 20 07 38 15692.60000 5.02000000 485.69000 68.15000 13.16100 58.70700
 5 12 20 07 39 15686.80000 5.02000000 485.69000 68.15000 13.16100 58.70700
 5 12 20 07 39 15686.90000 5.02000000 485.63000 68.15000 13.16100 58.70700
 5 12 20 07 39 15693.90000 5.02000000 485.59000 68.14000 13.16100 58.70700
 5 12 20 07 40 15692.60000 5.02000000 485.59000 68.14000 13.16100 58.70700
 5 12 20 07 40 15695.90000 5.02000000 485.46000 68.14000 13.16100 58.70700
 5 12 20 07 41 15688.50000 5.02000000 485.20000 68.09000 13.16100 58.70700
 5 12 20 07 41 15688.60000 5.02000000 485.20000 68.09000 13.16100 58.70700
 5 12 20 07 42 15690.00000 5.02000000 485.20000 68.03000 13.16100 58.93400
 5 12 20 07 42 15694.00000 5.02000000 485.24000 68.03000 13.16100 58.93400
 5 12 20 07 42 15690.00000 5.02000000 485.21000 68.03000 13.16100 58.93400
 5 12 20 07 43 15688.30000 5.02000000 485.21000 68.03000 13.16100 58.93400
 5 12 20 07 43 15690.90000 5.02000000 485.21000 68.03000 13.16100 58.93400
 5 12 20 07 44 15691.40000 5.02000000 485.21000 68.03000 13.16100 58.93400
 5 12 20 07 44 15691.40000 5.02000000 485.02000 68.03000 13.16100 58.93400
 5 12 20 07 45 15691.20000 5.02000000 484.93000 68.03000 13.16100 58.93400
 5 12 20 07 45 15691.00000 5.02000000 484.98000 68.01000 13.16100 58.93400
 5 12 20 07 45 15691.00000 5.02000000 484.87000 68.01000 13.16100 58.93400
 5 12 20 07 46 15691.10000 5.02000000 484.87000 68.01000 13.16100 58.93400
 5 12 20 07 46 15680.40000 5.03000000 484.57000 67.94000 13.16100 58.93400
 5 12 20 07 47 15680.00000 5.03000000 484.56000 67.94000 13.16100 58.93400
 5 12 20 07 47 15679.90000 5.03000000 484.38000 67.94000 13.16100 58.93400
 5 12 20 07 48 15676.70000 5.03000000 484.38000 67.95000 13.16100 58.93400
 5 12 20 07 48 15670.20000 5.03000000 484.31000 67.95000 13.16100 58.93400
 5 12 20 07 48 15666.90000 5.03000000 484.31000 67.95000 13.16100 58.93400
 5 12 20 07 49 15672.10000 5.03000000 484.30000 67.95000 13.16100 58.93400
 5 12 20 07 49 15671.40000 5.03000000 484.30000 67.95000 13.16100 58.93400
 5 12 20 07 50 15671.40000 5.03000000 484.30000 67.92000 13.16100 58.93400
 5 12 20 07 50 15669.60000 5.03000000 484.30000 67.88000 13.16100 58.93400
 5 12 20 07 51 15671.40000 5.03000000 484.26000 67.88000 13.16100 58.93400
 5 12 20 07 51 15666.90000 5.03000000 484.25000 67.88000 13.10000 58.93400
 5 12 20 07 51 15669.90000 5.03000000 483.62000 67.88000 13.10000 58.71000
 5 12 20 07 52 15670.00000 5.03000000 484.32000 67.88000 12.95800 58.71000
 5 12 20 07 52 15669.90000 5.03000000 484.36000 67.88000 12.95800 58.71000
 5 12 20 07 53 15670.00000 5.03000000 484.36000 67.88000 12.95800 58.71000
 5 12 20 07 53 15670.00000 5.03000000 484.36000 67.79000 12.95800 58.71000
 5 12 20 07 54 15670.00000 5.03000000 484.37000 67.79000 12.95800 58.71000
 5 12 20 07 54 15683.60000 5.03000000 485.00000 67.79000 12.95800 58.71000
 5 12 20 07 54 15683.60000 5.03000000 484.99000 67.86000 12.95800 58.71000
 5 12 20 07 55 15688.90000 5.03000000 485.38000 67.86000 12.95800 58.71000
 5 12 20 07 55 15686.70000 5.03000000 485.32000 67.86000 12.95800 58.71000
 5 12 20 07 56 15672.50000 5.03000000 484.61000 67.89000 12.95800 58.71000
 5 12 20 07 56 15672.50000 5.03000000 484.61000 67.80000 12.95800 58.71000
 5 12 20 07 57 15670.10000 5.03000000 484.45000 67.80000 12.95800 58.71000
 5 12 20 07 57 15670.00000 5.03000000 484.21000 67.80000 12.95800 58.71000
 5 12 20 07 57 15664.60000 5.03000000 484.12000 67.80000 12.95800 58.71000
 5 12 20 07 58 15660.20000 5.03000000 484.31000 67.79000 12.95800 58.71000
 5 12 20 07 58 15662.80000 5.03000000 484.28000 67.79000 13.04800 58.71000
 5 12 20 07 59 15659.80000 5.03000000 484.19000 67.79000 13.04800 58.71000
 5 12 20 07 59 15659.80000 5.03000000 484.22000 67.79000 13.04800 58.71000
 5 12 20 08 00 15660.00000 5.02200000 484.26000 67.79000 13.04800 58.71000
 5 12 20 08 00 15662.80000 5.02200000 484.25000 67.74000 13.04800 58.71000
 5 12 20 08 00 15662.90000 5.02200000 484.45000 67.80000 13.09900 58.71000
 5 12 20 08 01 15663.70000 5.02200000 484.45000 67.80000 13.09900 58.71000
 5 12 20 08 01 15665.50000 5.02200000 484.45000 67.80000 13.09900 58.71000
 5 12 20 08 02 15670.10000 5.02200000 484.55000 67.88000 13.09900 58.71000
 5 12 20 08 02 15675.10000 5.02200000 484.99000 67.95000 13.09900 58.71000
 5 12 20 08 02 15675.10000 5.02200000 484.99000 67.98000 13.09900 58.71000
 5 12 20 08 03 15675.10000 5.02200000 484.98000 67.98000 13.09900 58.71000
 5 12 20 08 03 15683.20000 5.02200000 484.99000 67.98000 13.09900 58.71000
