M=[
29 5 20 01 22 8555.00000 6.35800000 199.36000 40.42000 11.56200 42.76000
29 5 20 01 23 8555.10000 6.35800000 199.36000 40.42000 11.52700 42.76000
29 5 20 01 23 8555.10000 6.38200000 199.36000 40.42000 11.56200 42.76000
29 5 20 01 24 8555.10000 6.35800000 199.49000 40.56000 11.52700 42.76000
29 5 20 01 24 8555.20000 6.35800000 199.49000 40.42000 11.52700 42.66800
29 5 20 01 25 8555.20000 6.38200000 199.18000 40.42000 11.52700 42.76000
29 5 20 01 25 8550.10000 6.35800000 199.10000 40.42000 11.52700 42.76000
29 5 20 01 26 8550.10000 6.35800000 199.07000 40.42000 11.56200 42.76000
29 5 20 01 26 8550.40000 6.35800000 199.16000 40.42000 11.52700 42.76000
29 5 20 01 27 8552.70000 6.35800000 199.16000 40.42000 11.52700 42.76000
29 5 20 01 27 8551.10000 6.35800000 199.14000 40.42000 11.52700 42.76000
29 5 20 01 28 8551.90000 6.35800000 199.00000 40.42000 11.52700 42.76000
29 5 20 01 28 8551.90000 6.35800000 199.01000 40.36000 11.52700 42.76000
29 5 20 01 29 8551.10000 6.35800000 199.08000 40.36000 11.52700 42.76000
29 5 20 01 29 8545.00000 6.37200000 199.08000 40.36000 11.52700 42.76000
29 5 20 01 30 8545.00000 6.37200000 199.08000 40.36000 11.52700 42.76000
29 5 20 01 30 8550.40000 6.37200000 199.08000 40.36000 11.52700 42.76000
29 5 20 01 31 8558.20000 6.37200000 199.08000 40.36000 11.52700 42.76000
29 5 20 01 31 8559.50000 6.37200000 199.18000 40.36000 11.56200 42.76000
29 5 20 01 32 8559.50000 6.37200000 199.37000 40.36000 11.52700 42.76000
29 5 20 01 32 8559.50000 6.37200000 199.16000 40.36000 11.52700 42.76000
29 5 20 01 33 8559.50000 6.37200000 199.16000 40.36000 11.52700 42.76000
29 5 20 01 33 8565.10000 6.37200000 199.40000 40.36000 11.52700 42.76000
29 5 20 01 34 8564.70000 6.37200000 199.40000 40.36000 11.52700 42.76000
29 5 20 01 35 8564.70000 6.37200000 199.33000 40.36000 11.52700 42.95700
29 5 20 01 35 8564.80000 6.37200000 199.33000 40.36000 11.52700 42.95700
29 5 20 01 36 8570.00000 6.37200000 199.33000 40.36000 11.52700 42.95700
29 5 20 01 36 8570.10000 6.37200000 199.33000 40.36000 11.52700 42.95700
29 5 20 01 37 8570.10000 6.37200000 199.33000 40.36000 11.56200 42.95700
29 5 20 01 37 8572.20000 6.39600000 199.33000 40.36000 11.52700 42.95700
29 5 20 01 38 8572.10000 6.39600000 199.33000 40.36000 11.52700 42.95700
29 5 20 01 38 8572.10000 6.39600000 199.26000 40.36000 11.52700 42.95700
29 5 20 01 39 8570.10000 6.39600000 199.19000 40.36000 11.52700 42.95700
29 5 20 01 39 8569.00000 6.39600000 199.08000 40.36000 11.52700 42.95700
29 5 20 01 40 8569.00000 6.38700000 199.06000 40.33000 11.52700 42.95700
29 5 20 01 40 8569.00000 6.38700000 199.06000 40.33000 11.52700 42.95700
29 5 20 01 41 8560.70000 6.38700000 199.06000 40.33000 11.52700 42.95700
29 5 20 01 41 8560.70000 6.38700000 199.06000 40.33000 11.52700 42.95700
29 5 20 01 42 8560.00000 6.38700000 199.03000 40.36000 11.52700 42.76000
29 5 20 01 42 8560.00000 6.38700000 199.00000 40.33000 11.56200 42.95700
29 5 20 01 43 8560.00000 6.38700000 198.98000 40.42000 11.52700 42.95700
29 5 20 01 43 8559.90000 6.38700000 198.78000 40.33000 11.52700 42.95700
29 5 20 01 44 8547.40000 6.38700000 198.67000 40.33000 11.52700 42.95700
29 5 20 01 44 8548.10000 6.38700000 198.66000 40.42000 11.56200 42.95700
29 5 20 01 45 8548.10000 6.38700000 198.66000 40.27000 11.52700 42.95700
29 5 20 01 45 8549.00000 6.38900000 198.63000 40.27000 11.52700 42.95700
29 5 20 01 46 8548.10000 6.38900000 198.66000 40.27000 11.56200 42.95700
29 5 20 01 46 8552.20000 6.38900000 198.77000 40.27000 11.52700 42.95700
29 5 20 01 47 8551.40000 6.38900000 198.82000 40.27000 11.51900 42.95700
29 5 20 01 47 8551.70000 6.38900000 198.75000 40.27000 11.51900 42.95700
29 5 20 01 48 8559.90000 6.38900000 198.75000 40.27000 11.52700 42.95700
29 5 20 01 48 8551.10000 6.38900000 198.93000 40.27000 11.52700 42.95700
29 5 20 01 49 8559.90000 6.38900000 198.91000 40.27000 11.51900 42.95700
29 5 20 01 49 8561.10000 6.38900000 198.91000 40.27000 11.52700 42.95700
29 5 20 01 50 8561.10000 6.38900000 198.91000 40.27000 11.51900 42.95700
29 5 20 01 50 8568.80000 6.38900000 198.91000 40.42000 11.51900 42.95700
29 5 20 01 51 8576.80000 6.38900000 198.91000 40.27000 11.51900 42.95700
29 5 20 01 51 8577.10000 6.38900000 198.91000 40.42000 11.51900 42.95700
29 5 20 01 52 8577.10000 6.39600000 199.37000 40.27000 11.51900 42.95700
29 5 20 01 52 8577.10000 6.39600000 199.37000 40.36000 11.51900 42.95700
29 5 20 01 53 8577.20000 6.39600000 199.33000 40.27000 11.51900 42.76000
29 5 20 01 53 8577.20000 6.40000000 199.18000 40.27000 11.51900 42.95700
29 5 20 01 54 8577.10000 6.40000000 199.16000 40.27000 11.51900 42.95700
29 5 20 01 54 8574.70000 6.39600000 199.16000 40.27000 11.51900 42.95700
29 5 20 01 55 8574.70000 6.40000000 199.17000 40.33000 11.51900 42.95700
29 5 20 01 55 8577.20000 6.40000000 199.10000 40.27000 11.56200 42.95700
29 5 20 01 56 8572.90000 6.40000000 199.11000 40.27000 11.51900 42.95700
29 5 20 01 56 8573.00000 6.40000000 199.11000 40.27000 11.52700 42.95700
29 5 20 01 57 8572.90000 6.40000000 199.25000 40.27000 11.51900 42.95700
29 5 20 01 57 8573.50000 6.40000000 199.11000 40.27000 11.51900 42.95700
29 5 20 01 58 8573.40000 6.40000000 199.11000 40.33000 11.51900 42.95700
29 5 20 01 58 8573.30000 6.40000000 199.16000 40.33000 11.56200 42.76000
29 5 20 01 59 8573.40000 6.40000000 199.16000 40.33000 11.56200 42.95700
29 5 20 01 59 8573.40000 6.40000000 199.16000 40.33000 11.51900 42.95700
29 5 20 02 00 8573.30000 6.40000000 199.36000 40.35000 11.51900 42.95700
29 5 20 02 00 8577.10000 6.40000000 199.36000 40.35000 11.51900 42.95700
29 5 20 02 01 8577.10000 6.40000000 199.36000 40.35000 11.51900 42.95700
29 5 20 02 01 8577.00000 6.41900000 199.36000 40.35000 11.51900 42.95700
29 5 20 02 02 8577.00000 6.41900000 199.36000 40.35000 11.51900 42.95700
29 5 20 02 02 8577.00000 6.42100000 199.36000 40.42000 11.51900 42.95700
29 5 20 02 03 8583.00000 6.42200000 199.62000 40.42000 11.51900 42.95700
29 5 20 02 03 8583.30000 6.42200000 199.64000 40.38000 11.51900 42.95700
29 5 20 02 04 8583.10000 6.42200000 199.63000 40.38000 11.56200 42.95700
29 5 20 02 04 8579.10000 6.42200000 199.63000 40.38000 11.56200 42.95700
29 5 20 02 05 8579.10000 6.42200000 199.77000 40.38000 11.51900 42.95700
29 5 20 02 05 8579.10000 6.42200000 199.77000 40.38000 11.52700 42.95700
29 5 20 02 06 8579.00000 6.42200000 199.64000 40.38000 11.51900 42.95700
29 5 20 02 06 8577.20000 6.42200000 199.77000 40.38000 11.51900 42.95700
29 5 20 02 07 8577.20000 6.42200000 199.77000 40.38000 11.51900 42.95700
29 5 20 02 07 8574.00000 6.42200000 199.77000 40.38000 11.52700 42.95700
29 5 20 02 08 8574.00000 6.42200000 199.63000 40.38000 11.51900 42.95700
29 5 20 02 08 8574.00000 6.42200000 199.63000 40.38000 11.51900 42.95700
29 5 20 02 09 8573.90000 6.42200000 199.63000 40.42000 11.52700 42.95700
29 5 20 02 09 8570.80000 6.42200000 199.63000 40.38000 11.51900 42.95700
29 5 20 02 10 8570.80000 6.42200000 199.63000 40.38000 11.51900 42.95700
29 5 20 02 10 8570.80000 6.42200000 199.17000 40.38000 11.52700 42.95700
29 5 20 02 11 8570.80000 6.42200000 199.17000 40.42000 11.51900 42.95700
29 5 20 02 11 8570.80000 6.42200000 199.11000 40.38000 11.51900 42.95700
29 5 20 02 12 8570.80000 6.42200000 199.03000 40.38000 11.56200 42.95700
29 5 20 02 12 8570.70000 6.42200000 199.11000 40.38000 11.51900 42.95700
29 5 20 02 13 8570.10000 6.42200000 199.03000 40.38000 11.51900 42.95700
29 5 20 02 13 8570.00000 6.42200000 199.03000 40.38000 11.51900 42.95700
29 5 20 02 14 8566.00000 6.42200000 199.00000 40.38000 11.51900 42.95700
29 5 20 02 14 8565.10000 6.42200000 199.00000 40.38000 11.51900 42.95700
29 5 20 02 15 8560.40000 6.42200000 198.85000 40.42000 11.51900 42.95700
29 5 20 02 15 8560.30000 6.42200000 198.91000 40.38000 11.51900 42.95700
29 5 20 02 16 8563.20000 6.42200000 198.85000 40.38000 11.51900 42.95700
29 5 20 02 16 8564.60000 6.42200000 199.18000 40.38000 11.51900 42.95700
29 5 20 02 17 8565.30000 6.42200000 199.18000 40.38000 11.51900 42.95700
