M=[
 1 8 21 10 17 35221.90000 44.61800000 2192.00000 124.97000 22.99100 99.16400
 1 8 21 10 18 35222.10000 44.61800000 2192.01000 124.97000 22.99100 99.16400
 1 8 21 10 18 35217.70000 44.61800000 2190.01000 124.65000 22.99100 99.16400
 1 8 21 10 19 35177.10000 44.61800000 2188.74000 124.65000 22.99100 99.16400
 1 8 21 10 19 35159.80000 44.61800000 2187.86000 124.65000 22.99100 99.16400
 1 8 21 10 19 35159.70000 44.61800000 2188.31000 124.65000 22.99100 99.16400
 1 8 21 10 20 35166.10000 44.61800000 2190.44000 124.65000 22.99100 99.16400
 1 8 21 10 20 35163.80000 44.61800000 2189.59000 124.65000 22.99100 99.16400
 1 8 21 10 21 35163.70000 44.61800000 2189.59000 124.57000 22.99100 99.16400
 1 8 21 10 21 35175.90000 44.61800000 2189.59000 124.57000 22.99100 99.16400
 1 8 21 10 22 35179.10000 44.47100000 2193.30000 124.64000 22.99100 99.16400
 1 8 21 10 22 35185.70000 44.47100000 2193.52000 124.62000 22.99100 99.16400
 1 8 21 10 22 35164.50000 44.47100000 2191.29000 124.58000 22.99100 99.16400
 1 8 21 10 23 35171.40000 44.47100000 2191.58000 124.58000 22.99100 99.16400
 1 8 21 10 23 35163.50000 44.47100000 2190.34000 124.58000 22.99100 99.16400
 1 8 21 10 24 35159.80000 44.44300000 2190.00000 124.52000 22.99100 99.16400
 1 8 21 10 24 35150.10000 44.44300000 2190.01000 124.51000 22.99100 99.16400
 1 8 21 10 25 35140.20000 44.44300000 2189.00000 124.39000 22.99100 99.16400
 1 8 21 10 25 35140.10000 44.44300000 2190.93000 124.39000 22.99100 99.16400
 1 8 21 10 25 35135.00000 44.44300000 2189.94000 124.39000 22.99100 99.16400
 1 8 21 10 26 35135.00000 44.44300000 2190.09000 124.42000 22.99100 99.04100
 1 8 21 10 26 35135.10000 44.44300000 2191.10000 124.42000 22.99100 99.04100
 1 8 21 10 27 35135.10000 44.44900000 2191.07000 124.41000 22.99100 99.04100
 1 8 21 10 27 35135.00000 44.44900000 2191.60000 124.41000 22.99100 99.04100
 1 8 21 10 28 35139.10000 44.39200000 2191.59000 124.48000 22.99100 99.04100
 1 8 21 10 28 35142.80000 44.39200000 2192.63000 124.48000 22.99100 99.04100
 1 8 21 10 29 35146.70000 44.39200000 2191.42000 124.47000 22.99100 99.04100
 1 8 21 10 29 35146.70000 44.39200000 2191.69000 124.47000 23.08700 99.04100
 1 8 21 10 29 35141.80000 44.39200000 2191.23000 124.47000 23.08700 99.04100
 1 8 21 10 30 35137.30000 44.39200000 2190.93000 124.47000 23.08700 99.04100
 1 8 21 10 30 35135.00000 44.39200000 2190.50000 124.47000 23.08700 99.04100
 1 8 21 10 31 35130.10000 44.39200000 2191.16000 124.47000 23.08700 99.04100
 1 8 21 10 31 35130.00000 44.39200000 2190.00000 124.47000 23.08700 99.04100
 1 8 21 10 32 35132.90000 44.39200000 2190.64000 124.47000 23.08700 99.04100
 1 8 21 10 32 35166.60000 44.39200000 2191.32000 124.47000 23.08700 99.04100
 1 8 21 10 32 35151.90000 44.39200000 2192.61000 124.47000 23.08700 99.04100
 1 8 21 10 33 35151.90000 44.39200000 2190.36000 124.47000 23.08700 99.04100
 1 8 21 10 33 35151.80000 44.39200000 2190.12000 124.47000 23.08700 99.04100
 1 8 21 10 34 35122.90000 44.39200000 2190.01000 124.42000 23.00100 98.76300
 1 8 21 10 34 35116.20000 44.39200000 2190.02000 124.42000 23.00100 98.76300
 1 8 21 10 35 35113.10000 44.39200000 2188.70000 124.40000 23.00100 98.79500
 1 8 21 10 35 35113.30000 44.39200000 2187.70000 124.40000 23.00000 98.79500
 1 8 21 10 35 35113.30000 44.39200000 2187.45000 124.27000 23.00000 98.79500
 1 8 21 10 36 35113.30000 44.39200000 2187.45000 124.27000 23.00000 98.79500
 1 8 21 10 36 35113.30000 44.39200000 2187.46000 124.29000 23.00000 98.79500
 1 8 21 10 37 35131.80000 44.39200000 2187.46000 124.33000 23.00000 98.79500
 1 8 21 10 37 35124.40000 44.39200000 2187.46000 124.33000 23.00000 98.79500
 1 8 21 10 38 35136.00000 44.39200000 2187.81000 124.38000 23.00000 98.79500
 1 8 21 10 38 35133.60000 44.39200000 2188.29000 124.38000 23.00000 99.20000
 1 8 21 10 38 35133.50000 44.39200000 2188.29000 124.32000 23.00000 99.20000
 1 8 21 10 39 35133.60000 44.39200000 2187.46000 124.32000 23.00000 99.20000
 1 8 21 10 39 35120.50000 44.39200000 2187.46000 124.32000 23.00000 99.20000
 1 8 21 10 40 35114.70000 44.39200000 2187.45000 124.26000 23.00000 99.00100
 1 8 21 10 40 35126.20000 44.39200000 2188.07000 124.26000 23.00000 99.00100
 1 8 21 10 41 35126.20000 44.39200000 2187.71000 124.36000 23.00000 99.04100
 1 8 21 10 41 35133.50000 44.39200000 2187.78000 124.37000 23.00000 99.04100
 1 8 21 10 41 35133.50000 44.39200000 2188.04000 124.37000 23.00000 99.04100
 1 8 21 10 42 35133.40000 44.39400000 2188.17000 124.37000 23.00000 99.26600
 1 8 21 10 42 35133.50000 44.39400000 2188.17000 124.37000 23.00000 99.26600
 1 8 21 10 43 35152.20000 44.39400000 2188.18000 124.34000 23.00000 99.26600
 1 8 21 10 43 35144.80000 44.39100000 2188.17000 124.34000 23.00000 99.26600
 1 8 21 10 44 35144.30000 44.39100000 2188.17000 124.34000 23.00000 99.26600
 1 8 21 10 44 35140.20000 44.39100000 2185.77000 124.34000 23.00000 99.26600
 1 8 21 10 44 35140.20000 44.39100000 2182.69000 124.34000 23.00000 99.26600
 1 8 21 10 45 35140.10000 44.39100000 2185.04000 124.34000 23.00000 99.26600
 1 8 21 10 45 35140.20000 44.39100000 2186.62000 124.34000 23.00000 99.26600
 1 8 21 10 46 35131.10000 44.32700000 2186.05000 124.34000 23.00000 99.26600
 1 8 21 10 46 35131.00000 44.32700000 2186.13000 124.34000 23.00000 99.26600
 1 8 21 10 47 35130.10000 44.32700000 2186.19000 124.37000 23.00000 99.26600
 1 8 21 10 47 35130.10000 44.32700000 2184.92000 124.37000 23.00000 99.26600
 1 8 21 10 48 35132.30000 44.32700000 2186.18000 124.37000 23.00000 99.26600
 1 8 21 10 48 35138.40000 44.32700000 2186.18000 124.37000 23.00000 99.02300
 1 8 21 10 48 35135.10000 44.32700000 2185.76000 124.41000 23.00000 99.02300
 1 8 21 10 49 35135.10000 44.32700000 2186.76000 124.41000 23.00000 99.02300
 1 8 21 10 49 35132.50000 44.32700000 2186.24000 124.41000 23.00000 99.02300
 1 8 21 10 50 35135.00000 44.34900000 2186.87000 124.32000 23.00000 99.02300
 1 8 21 10 50 35135.10000 44.34900000 2186.77000 124.35000 23.00100 99.02300
 1 8 21 10 51 35133.50000 44.34900000 2186.77000 124.36000 23.00000 99.02300
 1 8 21 10 51 35130.10000 44.34900000 2184.87000 124.35000 23.00000 99.02300
 1 8 21 10 51 35130.20000 44.34900000 2185.20000 124.35000 23.00000 99.02300
 1 8 21 10 52 35130.10000 44.34900000 2184.08000 124.27000 23.00000 99.02300
 1 8 21 10 52 35097.50000 44.34900000 2182.97000 124.27000 23.00000 98.57700
 1 8 21 10 53 35097.60000 44.34900000 2183.22000 124.20000 23.00000 98.57700
 1 8 21 10 53 35083.00000 44.29000000 2183.35000 124.14000 23.11400 98.70300
 1 8 21 10 54 35082.90000 44.29000000 2183.78000 124.18000 23.11400 98.70300
 1 8 21 10 54 35082.90000 44.27300000 2181.00000 124.18000 23.11400 98.70300
 1 8 21 10 54 35050.10000 44.27300000 2180.00000 124.06000 23.11400 98.70300
 1 8 21 10 55 34975.00000 44.06300000 2177.07000 123.47000 23.11400 98.34100
 1 8 21 10 55 34900.70000 43.88700000 2170.97000 123.32000 23.11400 97.75000
 1 8 21 10 56 34945.00000 43.88700000 2171.86000 123.32000 23.11400 97.75000
 1 8 21 10 56 34968.20000 43.88700000 2174.63000 123.32000 23.11400 97.75000
 1 8 21 10 57 34949.40000 43.91600000 2173.41000 123.43000 23.11400 97.75000
 1 8 21 10 57 34913.40000 43.91600000 2170.99000 123.23000 23.11400 97.75000
 1 8 21 10 57 34943.10000 43.91600000 2171.00000 123.29000 23.11400 97.75000
 1 8 21 10 58 34971.70000 43.85500000 2172.72000 123.29000 23.11400 97.81400
 1 8 21 10 58 34966.70000 43.85500000 2173.30000 123.43000 23.11400 97.81400
 1 8 21 10 59 34965.30000 43.85500000 2173.38000 123.45000 23.11400 97.81400
 1 8 21 10 59 34990.90000 43.85500000 2173.42000 123.49000 23.11400 97.96400
 1 8 21 11 00 34934.70000 43.85200000 2175.94000 123.53000 23.11400 97.96400
 1 8 21 11 00 35003.00000 43.76400000 2179.13000 123.76000 23.11400 97.93700
 1 8 21 11 00 34998.30000 43.76400000 2180.00000 123.83000 23.11400 97.93700
 1 8 21 11 01 35020.60000 43.76400000 2181.59000 123.83000 23.11400 97.93700
 1 8 21 11 01 35030.90000 44.04000000 2180.95000 123.97000 23.11400 97.93700
