M=[
31 7 21 12 40 35035.40000 42.66500000 2070.86000 121.10000 22.70600 93.10800
31 7 21 12 40 35013.20000 42.66500000 2070.72000 121.10000 22.70600 93.10800
31 7 21 12 41 35015.20000 42.66500000 2070.72000 121.10000 22.70600 93.10800
31 7 21 12 41 35000.20000 42.66500000 2070.86000 121.10000 22.70600 93.10800
31 7 21 12 42 35005.60000 42.66500000 2071.00000 121.10000 22.70600 93.10800
31 7 21 12 42 35005.50000 42.66500000 2071.00000 121.10000 22.70600 93.10800
31 7 21 12 43 35001.10000 42.66500000 2070.99000 121.10000 22.70600 93.10800
31 7 21 12 43 35001.40000 42.66500000 2070.99000 121.10000 22.70600 93.10800
31 7 21 12 44 35001.40000 42.66500000 2072.04000 121.10000 22.70600 93.10800
31 7 21 12 44 35003.00000 42.66500000 2071.58000 121.10000 22.70600 93.10800
31 7 21 12 44 35005.00000 42.66500000 2071.58000 121.10000 22.70600 93.10800
31 7 21 12 45 35022.30000 42.73400000 2071.71000 121.10000 22.70600 93.10800
31 7 21 12 45 35030.00000 42.73400000 2071.71000 120.92000 22.70600 93.10800
31 7 21 12 46 35015.20000 42.73400000 2070.94000 120.92000 22.70600 93.10800
31 7 21 12 46 35001.00000 42.73400000 2070.94000 120.92000 22.70600 93.10800
31 7 21 12 47 35026.80000 42.73400000 2070.94000 120.94000 22.70600 93.10800
31 7 21 12 47 35058.30000 42.73400000 2071.91000 120.93000 22.70600 93.10800
31 7 21 12 47 35049.80000 42.73400000 2072.00000 121.01000 22.70600 93.10800
31 7 21 12 48 35047.30000 42.72900000 2071.56000 121.00000 22.70600 93.10800
31 7 21 12 48 35032.20000 42.72900000 2071.32000 120.93000 22.70600 93.10800
31 7 21 12 49 35031.50000 42.72900000 2070.94000 120.90000 22.70600 93.10800
31 7 21 12 49 35043.40000 42.72900000 2070.94000 120.99000 22.70600 93.10800
31 7 21 12 50 35034.40000 42.72900000 2070.94000 121.01000 22.70600 93.10800
31 7 21 12 50 35024.20000 42.72600000 2070.58000 120.98000 22.70600 93.28700
31 7 21 12 50 35013.30000 42.72600000 2070.58000 120.98000 22.70600 93.28700
31 7 21 12 51 35016.00000 42.72600000 2070.58000 120.88000 22.70600 93.28700
31 7 21 12 51 35012.60000 42.72600000 2070.58000 120.88000 22.70600 93.28700
31 7 21 12 52 35002.30000 42.64500000 2070.03000 120.95000 22.70600 93.28700
31 7 21 12 52 35012.70000 42.64500000 2070.94000 120.95000 22.70600 93.28700
31 7 21 12 53 35007.40000 42.64500000 2070.82000 120.95000 22.70600 93.28700
31 7 21 12 53 35012.90000 42.64500000 2070.94000 120.95000 22.70600 93.28700
31 7 21 12 53 35044.30000 42.64500000 2070.94000 120.95000 22.70600 93.28700
31 7 21 12 54 35044.30000 42.64500000 2071.72000 120.95000 22.70600 93.26700
31 7 21 12 54 35044.30000 42.64500000 2073.08000 120.95000 22.70600 93.26700
31 7 21 12 55 35044.30000 42.64500000 2073.53000 120.95000 22.70600 93.26700
31 7 21 12 55 35070.00000 42.64500000 2073.53000 121.11000 22.70600 93.26700
31 7 21 12 56 35068.10000 42.64500000 2073.74000 121.10000 22.70600 93.47700
31 7 21 12 56 35067.10000 42.64500000 2074.93000 121.10000 22.70600 93.47700
31 7 21 12 56 35050.90000 42.64500000 2073.50000 121.10000 22.70600 93.47700
31 7 21 12 57 35054.70000 42.76800000 2073.51000 121.10000 22.70600 93.47700
31 7 21 12 57 35076.00000 42.76800000 2073.85000 121.10000 22.70600 93.47700
31 7 21 12 58 35082.20000 42.76800000 2073.62000 121.16000 22.70600 93.47700
31 7 21 12 58 35087.80000 42.76800000 2073.27000 121.16000 22.70600 93.47700
31 7 21 12 59 35085.80000 42.76800000 2074.06000 121.16000 22.70600 93.47700
31 7 21 12 59 35078.40000 42.76800000 2074.14000 121.17000 22.70600 93.47700
31 7 21 12 59 35094.30000 42.76800000 2074.14000 121.17000 22.70600 93.47700
31 7 21 13 00 35094.30000 42.76800000 2074.14000 121.17000 22.70600 93.47700
31 7 21 13 00 35094.20000 42.76800000 2073.99000 121.17000 22.70600 93.47700
31 7 21 13 01 35095.60000 42.76800000 2074.14000 121.17000 22.70600 93.47700
31 7 21 13 01 35096.60000 42.76800000 2074.14000 121.19000 22.70600 93.47700
31 7 21 13 02 35100.20000 42.77300000 2074.70000 121.22000 22.70600 93.47700
31 7 21 13 02 35101.20000 42.77300000 2074.52000 121.22000 22.70600 93.47700
31 7 21 13 03 35108.20000 42.77300000 2074.98000 121.22000 22.70600 93.47700
31 7 21 13 03 35106.70000 42.77300000 2074.47000 121.20000 22.70600 93.47700
31 7 21 13 03 35097.70000 42.77300000 2074.03000 121.12000 22.70600 93.37300
31 7 21 13 04 35074.80000 42.77300000 2074.09000 121.08000 22.70600 93.37300
31 7 21 13 04 35074.50000 42.76200000 2074.09000 121.03000 22.70600 93.37300
31 7 21 13 05 35074.20000 42.76200000 2073.81000 121.03000 22.70600 93.37300
31 7 21 13 05 35080.60000 42.76200000 2074.69000 121.03000 22.70600 93.37300
31 7 21 13 06 35100.10000 42.76200000 2075.63000 121.03000 22.70600 93.37300
31 7 21 13 06 35115.30000 42.76200000 2076.05000 121.03000 22.70600 93.37300
31 7 21 13 06 35130.00000 42.92400000 2076.04000 121.03000 22.70600 93.37300
31 7 21 13 07 35069.40000 42.92400000 2073.82000 121.13000 22.70600 93.37300
31 7 21 13 07 35042.90000 42.92400000 2073.05000 121.13000 22.70600 93.37300
31 7 21 13 08 35019.70000 42.63700000 2069.51000 121.13000 22.70600 93.37300
31 7 21 13 08 35034.00000 42.63700000 2072.31000 121.13000 22.70600 93.37300
31 7 21 13 09 35046.70000 42.63700000 2071.40000 121.13000 22.70600 93.37300
31 7 21 13 09 35046.70000 42.63700000 2072.36000 121.13000 22.70600 93.37300
31 7 21 13 09 35057.60000 42.63700000 2071.93000 121.13000 22.70600 93.37300
31 7 21 13 10 35071.70000 42.63700000 2073.17000 121.04000 22.70600 93.37300
31 7 21 13 10 35068.50000 42.63700000 2073.17000 121.04000 22.70600 93.37300
31 7 21 13 11 35063.50000 42.63700000 2071.86000 120.94000 22.70600 93.37300
31 7 21 13 11 35037.80000 42.63700000 2071.12000 120.94000 22.70600 93.37300
31 7 21 13 12 35052.20000 42.63700000 2072.07000 120.91000 22.70600 93.24500
31 7 21 13 12 35042.50000 42.63700000 2071.77000 120.96000 22.70600 93.24500
31 7 21 13 12 35040.10000 42.63700000 2070.02000 120.90000 22.70600 93.24500
31 7 21 13 13 35040.10000 42.63700000 2070.37000 120.90000 22.70600 93.24500
31 7 21 13 13 35056.60000 42.63700000 2070.37000 120.93000 22.70600 93.24500
31 7 21 13 14 35060.10000 42.63700000 2072.66000 120.95000 22.70600 93.24500
31 7 21 13 14 35059.10000 42.63700000 2072.32000 120.94000 22.70600 93.24500
31 7 21 13 15 35056.90000 42.63700000 2072.32000 121.00000 22.70600 93.24500
31 7 21 13 15 35057.00000 42.63700000 2070.87000 121.09000 22.70600 93.24500
31 7 21 13 15 35016.50000 42.63700000 2069.69000 121.09000 22.70600 93.24500
31 7 21 13 16 35031.80000 42.63700000 2069.73000 121.09000 22.70600 93.24500
31 7 21 13 16 34997.00000 42.63700000 2069.73000 120.79000 22.70600 93.15500
31 7 21 13 17 34997.00000 42.63700000 2068.24000 120.69000 22.70600 93.15500
31 7 21 13 17 35004.10000 42.63700000 2067.32000 120.74000 22.70600 93.15500
31 7 21 13 18 34984.30000 42.60300000 2067.32000 120.74000 22.70600 93.15500
31 7 21 13 18 34990.10000 42.60300000 2067.32000 120.69000 22.70600 93.15500
31 7 21 13 18 34991.50000 42.60300000 2068.19000 120.69000 22.70600 93.15500
31 7 21 13 19 34991.50000 42.60300000 2067.97000 120.73000 22.70600 93.15500
31 7 21 13 19 34989.90000 42.60300000 2067.97000 120.72000 22.70600 93.15500
31 7 21 13 20 34991.60000 42.60300000 2067.80000 120.74000 22.70600 93.15500
31 7 21 13 20 34952.20000 42.60300000 2065.83000 120.59000 22.70600 92.79600
31 7 21 13 21 34952.20000 42.60300000 2066.22000 120.59000 22.70600 92.79600
31 7 21 13 21 34952.20000 42.60300000 2067.98000 120.58000 22.70600 92.79600
31 7 21 13 22 34952.20000 42.60300000 2067.45000 120.62000 22.70600 92.79600
31 7 21 13 22 34975.00000 42.60300000 2067.45000 120.60000 22.70600 92.79600
31 7 21 13 22 34970.80000 42.60300000 2067.89000 120.60000 22.70600 92.79600
31 7 21 13 23 34935.80000 42.60300000 2067.89000 120.51000 22.70600 92.79600
31 7 21 13 23 34951.70000 42.60300000 2067.00000 120.44000 22.88000 92.79600
31 7 21 13 24 34958.60000 42.60300000 2067.64000 120.44000 22.88000 92.79600
31 7 21 13 24 34954.40000 42.60300000 2066.86000 120.44000 22.88000 92.79600
