M=[
 6 7 20 19 49 8217.60000 5.20000000 210.89000 38.53000 16.87600 48.27000
 6 7 20 19 49 8216.90000 5.20800000 210.88000 38.53000 16.87600 48.27000
 6 7 20 19 50 8219.30000 5.21100000 210.88000 38.53000 16.87600 48.27000
 6 7 20 19 50 8218.30000 5.21100000 210.89000 38.53000 16.87600 48.27000
 6 7 20 19 51 8219.40000 5.21100000 210.89000 38.53000 16.87600 48.27000
 6 7 20 19 51 8219.40000 5.21100000 210.89000 38.53000 16.87600 48.27000
 6 7 20 19 52 8219.40000 5.21100000 210.88000 38.53000 16.87600 48.27000
 6 7 20 19 52 8219.30000 5.21100000 210.89000 38.53000 16.87900 48.27000
 6 7 20 19 52 8219.50000 5.21100000 210.89000 38.53000 16.88100 48.27000
 6 7 20 19 53 8219.90000 5.21100000 210.89000 38.53000 16.88100 48.27000
 6 7 20 19 53 8219.90000 5.21100000 210.92000 38.51000 16.88100 48.27000
 6 7 20 19 54 8220.00000 5.21100000 210.92000 38.51000 16.88100 48.27000
 6 7 20 19 54 8219.90000 5.21100000 210.92000 38.51000 16.88100 48.27000
 6 7 20 19 55 8219.60000 5.21100000 210.88000 38.51000 16.88100 48.27000
 6 7 20 19 55 8219.60000 5.21100000 210.89000 38.51000 16.88100 48.27000
 6 7 20 19 56 8219.80000 5.21100000 211.00000 38.51000 16.88100 48.40000
 6 7 20 19 56 8219.90000 5.21100000 210.96000 38.51000 16.88100 48.40000
 6 7 20 19 57 8219.90000 5.21100000 211.06000 38.51000 16.88100 48.40000
 6 7 20 19 57 8219.90000 5.20000000 211.06000 38.51000 16.90000 48.40000
 6 7 20 19 58 8220.00000 5.21100000 211.02000 38.51000 16.90000 48.40000
 6 7 20 19 58 8220.00000 5.21100000 211.05000 38.52000 16.90000 48.40000
 6 7 20 19 59 8220.00000 5.21100000 210.99000 38.52000 16.90000 48.40000
 6 7 20 19 59 8220.00000 5.21100000 210.99000 38.52000 16.90000 48.40000
 6 7 20 20 00 8217.70000 5.21100000 210.89000 38.52000 16.90000 48.40000
 6 7 20 20 00 8217.80000 5.21100000 210.66000 38.50000 16.90000 48.40000
 6 7 20 20 01 8217.70000 5.21100000 210.75000 38.50000 16.90000 48.40000
 6 7 20 20 01 8217.70000 5.20000000 210.75000 38.50000 16.90000 48.40000
 6 7 20 20 02 8217.80000 5.21100000 210.72000 38.50000 16.90000 48.40000
 6 7 20 20 02 8217.80000 5.21100000 210.66000 38.50000 16.90000 48.40000
 6 7 20 20 03 8216.40000 5.21100000 210.66000 38.50000 16.90000 48.40000
 6 7 20 20 03 8216.40000 5.22000000 210.66000 38.50000 16.90000 48.40000
 6 7 20 20 04 8215.10000 5.22000000 210.65000 38.50000 16.90000 48.40000
 6 7 20 20 04 8213.40000 5.22000000 210.65000 38.50000 16.90000 48.40000
 6 7 20 20 05 8211.70000 5.22000000 210.65000 38.50000 16.90000 48.40000
 6 7 20 20 05 8210.50000 5.22000000 210.65000 38.50000 16.90000 48.40000
 6 7 20 20 06 8210.00000 5.22000000 210.64000 38.50000 16.90000 48.40000
 6 7 20 20 06 8211.20000 5.22000000 210.64000 38.50000 16.90000 48.40000
 6 7 20 20 07 8217.60000 5.23700000 210.64000 38.54000 16.90000 48.40000
 6 7 20 20 07 8217.60000 5.23700000 210.64000 38.54000 16.90000 48.40000
 6 7 20 20 08 8217.60000 5.23700000 210.81000 38.54000 16.90000 48.40000
 6 7 20 20 08 8217.60000 5.23700000 210.81000 38.54000 16.90000 48.40000
 6 7 20 20 09 8217.60000 5.23700000 210.72000 38.54000 16.90000 48.40000
 6 7 20 20 09 8216.20000 5.23700000 210.69000 38.54000 16.90000 48.40000
 6 7 20 20 10 8213.60000 5.23700000 210.69000 38.54000 16.90000 48.40000
 6 7 20 20 10 8214.50000 5.23700000 210.68000 38.50000 16.90000 48.40000
 6 7 20 20 11 8216.20000 5.22000000 210.94000 38.54000 16.90000 48.40000
 6 7 20 20 11 8215.70000 5.23700000 210.94000 38.54000 16.90000 48.40000
 6 7 20 20 12 8216.40000 5.23700000 210.86000 38.54000 16.90000 48.40000
 6 7 20 20 12 8216.80000 5.23700000 210.77000 38.54000 16.90000 48.40000
 6 7 20 20 13 8216.60000 5.23700000 210.77000 38.54000 16.90000 48.40000
 6 7 20 20 13 8216.40000 5.23700000 210.77000 38.54000 16.90000 48.40000
 6 7 20 20 14 8216.50000 5.23700000 210.78000 38.54000 16.90000 48.40000
 6 7 20 20 14 8216.40000 5.23700000 210.77000 38.54000 16.90000 48.40000
 6 7 20 20 15 8216.40000 5.27400000 210.77000 38.54000 16.90000 48.40000
 6 7 20 20 15 8215.90000 5.24500000 210.76000 38.50000 16.90000 48.40000
 6 7 20 20 16 8214.40000 5.25100000 210.71000 38.54000 16.90000 48.40000
 6 7 20 20 16 8214.50000 5.25100000 210.71000 38.54000 16.95400 48.40000
 6 7 20 20 17 8214.50000 5.25100000 210.70000 38.54000 16.95400 48.40000
 6 7 20 20 17 8211.80000 5.24500000 210.70000 38.54000 16.95400 48.40000
 6 7 20 20 18 8212.80000 5.25100000 210.70000 38.54000 16.95400 48.40000
 6 7 20 20 18 8211.30000 5.24500000 210.70000 38.54000 16.95400 48.40000
 6 7 20 20 19 8211.30000 5.24500000 210.50000 38.54000 16.95400 48.40000
 6 7 20 20 19 8207.30000 5.24500000 210.45000 38.54000 16.95400 48.40000
 6 7 20 20 20 8205.20000 5.24500000 210.45000 38.46000 16.95400 48.40000
 6 7 20 20 20 8205.30000 5.24500000 210.46000 38.46000 16.95400 48.40000
 6 7 20 20 21 8198.80000 5.24500000 210.40000 38.46000 16.95400 48.40000
 6 7 20 20 21 8190.10000 5.24500000 210.07000 38.46000 16.95400 48.40000
 6 7 20 20 22 8191.70000 5.24500000 209.96000 38.46000 16.95400 48.40000
 6 7 20 20 22 8190.50000 5.24500000 210.18000 38.46000 16.95400 48.40000
 6 7 20 20 23 8189.80000 5.24500000 209.93000 38.46000 16.95400 48.40000
 6 7 20 20 23 8187.90000 5.24500000 209.87000 38.40000 16.95400 48.40000
 6 7 20 20 24 8189.50000 5.24500000 210.08000 38.40000 16.95400 48.28000
 6 7 20 20 24 8189.70000 5.24500000 210.08000 38.44000 16.95400 48.28000
 6 7 20 20 25 8189.90000 5.24500000 209.96000 38.44000 16.95400 48.28000
 6 7 20 20 26 8190.00000 5.24500000 209.90000 38.44000 16.94200 48.28000
 6 7 20 20 26 8189.90000 5.24500000 209.89000 38.44000 16.94200 48.28000
 6 7 20 20 27 8190.40000 5.24500000 209.90000 38.44000 16.94200 48.28000
 6 7 20 20 27 8190.30000 5.25100000 209.89000 38.44000 16.94200 48.28000
 6 7 20 20 28 8191.40000 5.24500000 209.95000 38.44000 16.94200 48.40000
 6 7 20 20 28 8193.30000 5.25100000 209.94000 38.44000 16.94200 48.28000
 6 7 20 20 29 8192.70000 5.24500000 209.86000 38.44000 16.94200 48.28000
 6 7 20 20 29 8191.40000 5.24500000 209.83000 38.44000 16.94200 48.28000
 6 7 20 20 30 8191.50000 5.24500000 209.89000 38.44000 16.95400 48.28000
 6 7 20 20 30 8191.40000 5.25100000 209.89000 38.42000 16.94200 48.28000
 6 7 20 20 30 8191.40000 5.24500000 209.85000 38.42000 16.94200 48.28000
 6 7 20 20 31 8191.40000 5.25100000 209.94000 38.42000 16.94200 48.28000
 6 7 20 20 31 8191.30000 5.24500000 210.06000 38.42000 16.94200 48.28000
 6 7 20 20 32 8191.40000 5.24500000 210.06000 38.42000 16.94200 48.28000
 6 7 20 20 32 8191.40000 5.24500000 210.06000 38.42000 16.94200 48.28000
 6 7 20 20 33 8191.40000 5.24500000 210.05000 38.42000 16.94200 48.28000
 6 7 20 20 33 8191.40000 5.24500000 209.93000 38.44000 16.94200 48.28000
 6 7 20 20 34 8191.40000 5.23000000 209.93000 38.42000 16.94200 48.28000
 6 7 20 20 35 8191.40000 5.23000000 209.93000 38.41000 16.94200 48.28000
 6 7 20 20 35 8191.40000 5.23000000 210.11000 38.41000 16.94200 48.28000
 6 7 20 20 36 8192.70000 5.23000000 210.34000 38.41000 16.94200 48.28000
 6 7 20 20 36 8197.20000 5.23000000 210.23000 38.41000 16.94200 48.28000
 6 7 20 20 36 8196.00000 5.23000000 210.29000 38.41000 16.94200 48.28000
 6 7 20 20 37 8196.20000 5.23000000 210.29000 38.41000 16.94200 48.28000
 6 7 20 20 38 8194.30000 5.24400000 210.27000 38.41000 16.94200 48.28000
 6 7 20 20 38 8193.20000 5.24400000 210.16000 38.41000 16.94200 48.28000
 6 7 20 20 38 8192.60000 5.24400000 210.16000 38.41000 16.94200 48.40000
 6 7 20 20 39 8196.80000 5.24400000 210.41000 38.42000 16.94200 48.28000
 6 7 20 20 40 8196.80000 5.24400000 210.43000 38.42000 16.94200 48.28000
 6 7 20 20 40 8196.70000 5.24400000 210.41000 38.42000 16.94200 48.28000
 6 7 20 20 41 8196.80000 5.24500000 210.37000 38.42000 16.94200 48.28000
 6 7 20 20 41 8196.80000 5.24500000 210.27000 38.42000 16.94200 48.28000
 6 7 20 20 42 8196.80000 5.24500000 210.24000 38.42000 16.94200 48.28000
 6 7 20 20 42 8196.50000 5.24400000 210.25000 38.42000 16.94200 48.28000
 6 7 20 20 43 8196.60000 5.24500000 210.17000 38.42000 16.94200 48.28000
