M=[
 8 4 21 01 47 47789.90000 15.70500000 1684.00000 189.32000 38.55000 148.20000
 8 4 21 01 47 47789.90000 15.70500000 1684.90000 189.32000 38.55000 148.20000
 8 4 21 01 47 47789.90000 15.70500000 1683.80000 189.32000 38.55000 148.20000
 8 4 21 01 48 47771.60000 15.70500000 1683.06000 189.32000 38.55000 148.20000
 8 4 21 01 48 47789.30000 15.70500000 1685.00000 189.32000 38.55000 148.20000
 8 4 21 01 49 47796.40000 15.70500000 1685.00000 189.32000 38.55000 148.20000
 8 4 21 01 49 47796.50000 15.70500000 1685.83000 189.69000 38.55000 148.20000
 8 4 21 01 50 47800.00000 15.70500000 1685.83000 189.69000 38.55000 148.20000
 8 4 21 01 50 47806.20000 15.70500000 1685.83000 189.69000 38.55000 148.20000
 8 4 21 01 50 47817.40000 15.70500000 1685.83000 189.69000 38.55000 148.20000
 8 4 21 01 51 47817.40000 15.70500000 1684.88000 189.69000 38.55000 148.20000
 8 4 21 01 51 47812.90000 15.70500000 1684.88000 189.69000 38.55000 148.20000
 8 4 21 01 52 47812.90000 15.73200000 1684.88000 189.69000 38.55000 148.05500
 8 4 21 01 52 47812.90000 15.73200000 1684.88000 189.69000 38.55000 148.05500
 8 4 21 01 53 47812.80000 15.73200000 1684.88000 189.29000 38.55000 148.05500
 8 4 21 01 53 47779.10000 15.73200000 1684.00000 189.29000 38.55000 148.05500
 8 4 21 01 53 47800.80000 15.73200000 1684.00000 189.29000 38.55000 148.05500
 8 4 21 01 54 47813.30000 15.70500000 1684.83000 189.29000 38.55000 148.05500
 8 4 21 01 54 47807.20000 15.70500000 1684.83000 189.44000 38.55000 148.05500
 8 4 21 01 55 47782.80000 15.70500000 1684.02000 189.44000 38.55000 148.05500
 8 4 21 01 55 47782.80000 15.70500000 1683.03000 189.44000 38.55000 148.05500
 8 4 21 01 56 47760.60000 15.70500000 1683.03000 189.44000 38.55000 148.05500
 8 4 21 01 56 47760.60000 15.70500000 1683.03000 189.44000 38.55000 148.05500
 8 4 21 01 56 47760.60000 15.70500000 1683.03000 189.44000 38.55000 148.05500
 8 4 21 01 57 47760.60000 15.66100000 1684.00000 189.44000 38.68100 148.05500
 8 4 21 01 57 47752.00000 15.66100000 1683.00000 189.11000 38.68100 148.05500
 8 4 21 01 58 47752.80000 15.66100000 1682.99000 189.11000 38.68100 148.05500
 8 4 21 01 58 47752.20000 15.66100000 1682.94000 189.11000 38.55000 148.05500
 8 4 21 01 59 47752.00000 15.66100000 1682.94000 189.11000 38.55000 148.05500
 8 4 21 01 59 47744.10000 15.66100000 1681.22000 188.83000 38.55000 148.05500
 8 4 21 01 59 47717.30000 15.66100000 1681.22000 188.73000 38.55000 148.05500
 8 4 21 02 00 47718.20000 15.66100000 1681.96000 188.73000 38.55000 148.05500
 8 4 21 02 00 47718.10000 15.66100000 1681.96000 188.44000 38.55000 148.05500
 8 4 21 02 01 47692.10000 15.66100000 1680.39000 188.06000 38.55000 148.05500
 8 4 21 02 01 47691.80000 15.66100000 1680.39000 188.06000 38.55000 148.08100
 8 4 21 02 02 47699.90000 15.65800000 1680.39000 188.73000 38.55000 148.08100
 8 4 21 02 02 47703.10000 15.65800000 1680.39000 188.60000 38.55000 148.08100
 8 4 21 02 02 47729.50000 15.65800000 1680.39000 188.49000 38.55000 148.08100
 8 4 21 02 03 47729.50000 15.65800000 1680.39000 188.49000 38.10400 148.08100
 8 4 21 02 03 47699.90000 15.65800000 1680.39000 188.49000 38.10400 148.08100
 8 4 21 02 04 47682.10000 15.65800000 1681.53000 188.49000 38.10400 148.08100
 8 4 21 02 04 47618.00000 15.65800000 1681.53000 187.99000 38.10400 147.88300
 8 4 21 02 05 47612.20000 15.65800000 1681.53000 187.55000 38.39000 147.88300
 8 4 21 02 05 47597.20000 15.65800000 1680.00000 187.30000 38.39000 147.88300
 8 4 21 02 05 47587.90000 15.65800000 1678.50000 187.07000 38.39000 147.10700
 8 4 21 02 06 47587.90000 15.65800000 1678.49000 187.07000 38.39000 147.10700
 8 4 21 02 06 47640.50000 15.65800000 1678.49000 187.07000 38.39000 147.18500
 8 4 21 02 07 47639.20000 15.65800000 1681.51000 187.07000 38.39000 147.37800
 8 4 21 02 07 47636.30000 15.65800000 1681.51000 187.07000 38.39000 147.20600
 8 4 21 02 08 47621.40000 15.65800000 1681.51000 187.07000 38.39000 147.24800
 8 4 21 02 08 47583.20000 15.65800000 1681.51000 187.07000 38.39000 146.89700
 8 4 21 02 08 47577.00000 15.65800000 1681.51000 187.30000 38.39000 146.89700
 8 4 21 02 09 47576.90000 15.65800000 1681.51000 187.54000 38.39000 146.89700
 8 4 21 02 09 47576.90000 15.65800000 1678.00000 187.54000 38.39000 146.89700
 8 4 21 02 10 47575.30000 15.65800000 1678.76000 187.54000 38.39000 147.09100
 8 4 21 02 10 47575.30000 15.65800000 1678.77000 187.54000 38.39000 147.16800
 8 4 21 02 11 47586.80000 15.65800000 1678.77000 187.54000 38.39000 147.16800
 8 4 21 02 11 47587.70000 15.65800000 1678.77000 187.54000 38.39000 147.16800
 8 4 21 02 11 47586.00000 15.65800000 1677.89000 187.54000 38.39000 147.16800
 8 4 21 02 12 47587.70000 15.65800000 1677.89000 187.83000 38.39000 147.16800
 8 4 21 02 12 47587.90000 15.65800000 1679.50000 187.83000 38.39000 147.16800
 8 4 21 02 13 47587.90000 15.65800000 1679.51000 187.83000 38.39000 147.16800
 8 4 21 02 13 47597.80000 15.65800000 1679.57000 187.63000 38.39000 147.16800
 8 4 21 02 14 47629.20000 15.65800000 1679.57000 187.63000 38.39000 147.16800
 8 4 21 02 14 47629.20000 15.65800000 1679.57000 187.63000 38.39000 147.16800
 8 4 21 02 15 47628.70000 15.65800000 1680.65000 187.63000 38.39000 147.16800
 8 4 21 02 15 47602.10000 15.65800000 1680.65000 187.63000 38.39000 147.16800
 8 4 21 02 15 47602.10000 15.65800000 1680.65000 187.63000 38.39000 147.16800
 8 4 21 02 16 47591.90000 15.65800000 1680.65000 187.63000 38.39000 147.16800
 8 4 21 02 16 47607.00000 15.65800000 1680.18000 187.63000 38.39000 147.16800
 8 4 21 02 17 47626.90000 15.65800000 1680.18000 187.63000 38.39000 147.16800
 8 4 21 02 17 47626.90000 15.65800000 1680.18000 187.63000 38.39000 147.16800
 8 4 21 02 18 47628.60000 15.65800000 1680.18000 187.63000 38.39000 147.16800
 8 4 21 02 18 47628.70000 15.65800000 1680.18000 187.63000 38.39000 147.16800
 8 4 21 02 18 47628.70000 15.65800000 1680.18000 187.71000 38.39000 147.16800
 8 4 21 02 19 47628.60000 15.65800000 1680.18000 187.62000 38.39000 147.16800
 8 4 21 02 19 47627.20000 15.65800000 1680.61000 187.32000 38.39000 147.16800
 8 4 21 02 20 47582.30000 15.65800000 1680.61000 187.32000 38.39000 147.16800
 8 4 21 02 20 47585.80000 15.65800000 1680.61000 187.32000 38.39000 147.16800
 8 4 21 02 21 47620.80000 15.65800000 1680.61000 187.32000 38.39000 147.16800
 8 4 21 02 21 47620.80000 15.65800000 1682.00000 187.32000 38.39000 147.16800
 8 4 21 02 21 47638.70000 15.65800000 1681.98000 187.32000 38.39000 147.16800
 8 4 21 02 22 47639.80000 15.65800000 1681.98000 187.32000 38.39000 147.16800
 8 4 21 02 22 47632.20000 15.65800000 1681.98000 187.32000 38.39000 147.16800
 8 4 21 02 23 47605.70000 15.65800000 1681.92000 187.32000 38.39000 147.16800
 8 4 21 02 23 47602.40000 15.86300000 1681.86000 187.03000 38.39000 147.16800
 8 4 21 02 24 47585.20000 15.86300000 1680.42000 186.59000 38.39000 147.16800
 8 4 21 02 24 47589.60000 15.86300000 1680.30000 186.52000 38.39000 147.16800
 8 4 21 02 24 47585.30000 15.86300000 1679.83000 186.52000 38.39000 147.16800
 8 4 21 02 25 47569.20000 15.86300000 1679.83000 186.52000 38.39000 147.16800
 8 4 21 02 25 47563.50000 15.86300000 1679.50000 186.13000 38.39000 147.16800
 8 4 21 02 26 47563.50000 15.86300000 1679.50000 186.13000 38.51200 147.16800
 8 4 21 02 26 47560.90000 15.86300000 1677.50000 185.77000 38.51200 147.16800
 8 4 21 02 27 47545.40000 15.86300000 1677.48000 185.77000 38.51200 147.16800
 8 4 21 02 27 47535.80000 15.86300000 1676.94000 185.80000 38.51200 147.16800
 8 4 21 02 27 47518.20000 15.86300000 1676.94000 185.63000 38.51200 147.16800
 8 4 21 02 28 47550.00000 15.86300000 1676.95000 185.91000 38.51200 147.16800
 8 4 21 02 28 47549.30000 15.86300000 1677.15000 186.06000 38.51200 147.16800
 8 4 21 02 29 47549.30000 15.86300000 1677.29000 185.97000 38.51200 147.16800
 8 4 21 02 29 47544.80000 15.86300000 1677.49000 185.84000 38.51200 147.16800
 8 4 21 02 30 47544.80000 15.86300000 1677.49000 185.84000 38.51200 147.16800
 8 4 21 02 30 47536.90000 15.86300000 1677.34000 185.91000 38.51200 146.75000
