M=[
18 1 21 11 34 29800.10000 6.29800000 1009.99000 116.55000 17.16000 85.64500
18 1 21 11 34 29807.90000 6.29800000 1009.76000 116.55000 17.16000 85.64500
18 1 21 11 35 29811.00000 6.29800000 1009.30000 116.42000 17.16000 85.64500
18 1 21 11 35 29800.20000 6.29800000 1008.72000 116.49000 17.16000 85.64500
18 1 21 11 36 29793.00000 6.29800000 1008.43000 116.45000 17.16000 85.64500
18 1 21 11 36 29777.10000 6.29800000 1008.33000 116.45000 17.16000 85.64500
18 1 21 11 37 29765.90000 6.29800000 1006.79000 116.33000 17.16000 85.64500
18 1 21 11 37 29750.30000 6.29800000 1007.66000 116.36000 17.16000 85.64500
18 1 21 11 37 29772.40000 6.29800000 1007.98000 116.44000 17.16000 85.64500
18 1 21 11 38 29848.90000 6.29800000 1010.11000 116.69000 17.16000 85.64500
18 1 21 11 38 29851.10000 6.29800000 1010.16000 116.64000 17.16000 85.64500
18 1 21 11 39 29834.90000 6.29800000 1010.15000 116.70000 17.16000 85.64500
18 1 21 11 39 29841.90000 6.29800000 1010.14000 116.70000 17.16000 85.64500
18 1 21 11 40 29835.30000 6.29800000 1010.15000 116.69000 17.16000 85.64500
18 1 21 11 40 29836.60000 6.29800000 1010.04000 116.69000 17.16000 85.64500
18 1 21 11 40 29843.10000 6.29800000 1010.01000 116.69000 17.16000 85.64500
18 1 21 11 41 29836.70000 6.29800000 1009.32000 116.51000 17.16000 85.64500
18 1 21 11 41 29825.50000 6.29800000 1009.44000 116.56000 17.16000 85.64500
18 1 21 11 42 29825.60000 6.29800000 1008.62000 116.58000 17.16000 85.64500
18 1 21 11 42 29806.10000 6.29800000 1008.00000 116.56000 17.16000 85.64500
18 1 21 11 43 29806.20000 6.29800000 1008.46000 116.54000 17.16000 85.64500
18 1 21 11 43 29813.40000 6.29800000 1008.00000 116.51000 17.16000 85.64500
18 1 21 11 43 29789.80000 6.29800000 1008.35000 116.51000 17.22000 85.64500
18 1 21 11 44 29785.00000 6.29800000 1008.35000 116.51000 17.22000 85.64500
18 1 21 11 44 29810.70000 6.29800000 1008.19000 116.57000 17.22000 85.64500
18 1 21 11 45 29785.40000 6.29800000 1009.49000 116.57000 17.22000 85.64500
18 1 21 11 45 29781.60000 6.29800000 1007.75000 116.54000 17.22000 85.64300
18 1 21 11 46 29787.80000 6.29800000 1007.01000 116.47000 17.22000 85.64300
18 1 21 11 46 29761.30000 6.29800000 1006.28000 116.41000 17.22000 85.64300
18 1 21 11 46 29752.20000 6.29800000 1006.01000 116.41000 17.22000 85.64300
18 1 21 11 47 29732.70000 6.29800000 1006.00000 116.40000 17.22000 85.64300
18 1 21 11 47 29711.50000 6.30900000 1005.65000 116.40000 17.22000 85.64300
18 1 21 11 48 29762.60000 6.30900000 1007.56000 116.48000 17.22000 85.64300
18 1 21 11 48 29819.70000 6.30900000 1009.03000 116.59000 17.22000 85.64300
18 1 21 11 49 29835.30000 6.30900000 1009.60000 116.59000 17.22000 85.64300
18 1 21 11 49 29837.90000 6.30900000 1009.30000 116.59000 17.22000 85.64300
18 1 21 11 49 29931.20000 6.28700000 1011.03000 116.63000 17.25000 85.64300
18 1 21 11 50 29990.40000 6.28700000 1012.22000 117.16000 17.25000 85.64300
18 1 21 11 50 30050.00000 6.28700000 1015.55000 117.26000 17.25000 85.64300
18 1 21 11 51 30152.90000 6.28700000 1016.62000 117.44000 17.25000 85.64300
18 1 21 11 51 30149.90000 6.28700000 1016.77000 117.44000 17.25000 85.64300
18 1 21 11 52 30249.00000 6.28700000 1018.00000 117.66000 17.38400 85.64300
18 1 21 11 52 30202.10000 6.28700000 1016.30000 117.62000 17.38400 85.64300
18 1 21 11 52 30200.10000 6.28700000 1016.74000 117.64000 17.38400 85.64300
18 1 21 11 53 30200.10000 6.28700000 1018.00000 117.77000 17.38400 85.64300
18 1 21 11 53 30202.50000 6.28700000 1017.28000 117.70000 17.38400 85.64300
18 1 21 11 54 30205.00000 6.28700000 1017.95000 117.72000 17.38400 85.64300
18 1 21 11 54 30184.40000 6.28700000 1017.74000 117.75000 17.38400 86.61200
18 1 21 11 55 30205.00000 6.28700000 1016.95000 117.64000 17.38400 86.61200
18 1 21 11 55 30204.90000 6.28700000 1016.68000 117.58000 17.38400 86.48900
18 1 21 11 55 30201.80000 6.28700000 1016.88000 117.60000 17.38400 86.48900
18 1 21 11 56 30183.90000 6.28700000 1016.37000 117.62000 17.48000 85.91800
18 1 21 11 56 30174.90000 6.28700000 1016.07000 117.71000 17.48000 85.95800
18 1 21 11 57 30166.90000 6.28700000 1016.10000 117.57000 17.48000 85.95800
18 1 21 11 57 30166.60000 6.28700000 1016.11000 117.56000 17.48000 86.05500
18 1 21 11 58 30150.80000 6.34000000 1016.10000 117.56000 17.48000 86.05500
18 1 21 11 58 30202.90000 6.33800000 1016.11000 117.55000 17.48000 86.05500
18 1 21 11 58 30199.90000 6.33800000 1016.85000 117.72000 17.48000 86.05500
18 1 21 11 59 30195.00000 6.33800000 1016.82000 117.69000 17.48000 86.27800
18 1 21 11 59 30187.80000 6.33800000 1016.03000 117.60000 17.48000 86.27800
18 1 21 12 00 30198.30000 6.33800000 1016.00000 117.61000 17.48000 86.27800
18 1 21 12 00 30188.90000 6.33800000 1015.01000 117.52000 17.48000 86.12000
18 1 21 12 01 30164.10000 6.33800000 1014.96000 117.51000 17.48000 86.12000
18 1 21 12 01 30188.70000 6.33800000 1014.90000 117.55000 17.48000 86.12000
18 1 21 12 01 30195.40000 6.33800000 1015.00000 117.55000 17.48000 86.14200
18 1 21 12 02 30176.10000 6.34500000 1016.48000 117.69000 17.48000 86.14200
18 1 21 12 02 30174.50000 6.34500000 1015.60000 117.69000 17.48000 86.14200
18 1 21 12 03 30186.10000 6.34500000 1015.76000 117.63000 17.48000 86.14200
18 1 21 12 03 30183.90000 6.34500000 1015.61000 117.54000 17.48000 86.14200
18 1 21 12 04 30179.80000 6.34500000 1015.14000 117.57000 17.48000 86.14200
18 1 21 12 04 30248.90000 6.36400000 1017.84000 117.80000 17.48000 86.05000
18 1 21 12 04 30288.60000 6.36400000 1019.47000 118.00000 17.48000 86.05000
18 1 21 12 05 30325.90000 6.36400000 1020.61000 118.17000 17.48000 86.05000
18 1 21 12 05 30497.80000 6.38100000 1023.92000 118.47000 17.35700 86.52700
18 1 21 12 06 30498.00000 6.38100000 1023.23000 118.44000 17.35700 86.52700
18 1 21 12 06 30551.80000 6.38100000 1024.00000 119.06000 17.35700 86.52700
18 1 21 12 07 30693.10000 6.40000000 1025.00000 119.37000 17.48100 86.52700
18 1 21 12 07 30686.10000 6.40000000 1026.03000 119.31000 17.50000 86.79100
18 1 21 12 07 30647.30000 6.41300000 1024.97000 119.38000 17.50000 86.89500
18 1 21 12 08 30680.00000 6.41300000 1026.75000 119.48000 17.50000 86.89500
18 1 21 12 08 30735.80000 6.41300000 1028.10000 119.63000 17.50000 86.89500
18 1 21 12 09 30749.90000 6.42400000 1029.48000 119.75000 17.50000 87.04000
18 1 21 12 09 30789.00000 6.42400000 1031.68000 119.91000 17.50000 87.04000
18 1 21 12 10 30826.90000 6.43300000 1032.64000 119.89000 17.50000 87.04000
18 1 21 12 10 30814.20000 6.42800000 1032.00000 120.06000 17.51500 87.04000
18 1 21 12 10 30865.00000 6.42800000 1033.00000 120.20000 17.55000 87.04000
18 1 21 12 11 30815.10000 6.42800000 1033.01000 119.85000 17.55000 87.04000
18 1 21 12 11 30840.30000 6.42800000 1033.99000 120.16000 17.55000 87.04000
18 1 21 12 12 30805.30000 6.42800000 1033.10000 120.09000 17.55000 87.04000
18 1 21 12 12 30828.80000 6.42800000 1033.72000 120.17000 17.55000 86.92300
18 1 21 12 12 30824.80000 6.42800000 1034.62000 120.27000 17.53200 86.92300
18 1 21 12 13 30829.00000 6.44000000 1034.59000 120.27000 17.53200 86.95000
18 1 21 12 13 30850.00000 6.44000000 1035.61000 120.42000 17.53200 86.97900
18 1 21 12 14 30850.00000 6.44000000 1034.19000 120.23000 17.58300 87.02400
18 1 21 12 14 30860.00000 6.44400000 1035.95000 120.55000 17.58300 87.02400
18 1 21 12 15 30892.00000 6.43000000 1036.41000 120.60000 17.58300 87.09000
18 1 21 12 15 30947.80000 6.45400000 1036.99000 120.88000 17.58300 87.09000
18 1 21 12 15 30979.40000 6.45400000 1037.80000 121.00000 17.58300 87.09000
18 1 21 12 16 30974.80000 6.46200000 1038.01000 121.04000 17.58300 87.09000
18 1 21 12 16 30981.60000 6.46300000 1038.01000 121.05000 17.58300 87.09000
18 1 21 12 17 30969.30000 6.46300000 1038.00000 121.29000 17.58300 87.09000
18 1 21 12 17 30962.20000 6.46300000 1038.00000 121.48000 17.58300 87.09000
18 1 21 12 18 30950.00000 6.46300000 1036.25000 121.62000 17.58300 87.09000
18 1 21 12 18 30948.60000 6.42700000 1036.01000 121.62000 17.58300 87.09000
18 1 21 12 18 30943.40000 6.42800000 1034.63000 121.68000 17.58300 87.09000
