M=[
12 10 20 10 55 9551.70000 4.82000000 311.27000 42.15000 12.04000 60.37200
12 10 20 10 55 9551.80000 4.82000000 311.27000 42.15000 12.04000 60.37200
12 10 20 10 55 9554.00000 4.82000000 311.56000 42.09000 12.04000 60.37200
12 10 20 10 56 9559.60000 4.82000000 311.72000 42.15000 12.04000 60.37200
12 10 20 10 56 9559.60000 4.82000000 311.86000 42.16000 12.04000 60.37200
12 10 20 10 57 9562.00000 4.82000000 311.91000 42.16000 12.04000 60.37200
12 10 20 10 57 9562.00000 4.82000000 311.67000 42.16000 12.04000 60.37200
12 10 20 10 58 9560.50000 4.82000000 311.63000 42.16000 12.04000 60.37200
12 10 20 10 58 9552.00000 4.82000000 311.68000 42.16000 12.04000 60.37200
12 10 20 10 58 9561.40000 4.82000000 311.60000 42.13000 12.04000 60.37200
12 10 20 10 59 9555.40000 4.82000000 311.59000 42.13000 12.04000 60.37200
12 10 20 10 59 9558.60000 4.82000000 311.55000 42.16000 12.04000 60.37200
12 10 20 11 00 9555.00000 4.82000000 311.51000 42.16000 12.04000 60.37200
12 10 20 11 00 9552.00000 4.82000000 311.22000 42.16000 12.04000 60.37200
12 10 20 11 01 9557.10000 4.82000000 311.50000 42.16000 12.04000 60.37200
12 10 20 11 01 9556.30000 4.82000000 311.60000 42.20000 12.04000 60.37200
12 10 20 11 01 9561.90000 4.82000000 311.60000 42.20000 12.04000 60.37200
12 10 20 11 02 9562.00000 4.82000000 311.60000 42.20000 12.04000 60.37200
12 10 20 11 02 9560.60000 4.82000000 311.60000 42.20000 12.04000 60.37200
12 10 20 11 03 9553.00000 4.82000000 311.39000 42.20000 12.04000 60.37200
12 10 20 11 03 9552.90000 4.82000000 311.38000 42.20000 12.04000 60.20000
12 10 20 11 04 9548.80000 4.82000000 311.30000 42.20000 12.04000 60.20000
12 10 20 11 04 9548.90000 4.82000000 311.34000 42.15000 12.03300 60.20000
12 10 20 11 04 9552.80000 4.82000000 311.34000 42.15000 12.03300 60.20000
12 10 20 11 05 9552.50000 4.82000000 311.34000 42.15000 12.03300 60.20000
12 10 20 11 05 9549.40000 4.82000000 311.19000 42.15000 12.03300 60.20000
12 10 20 11 06 9546.80000 4.82000000 311.19000 42.15000 12.03300 60.20000
12 10 20 11 06 9548.70000 4.82000000 311.23000 42.16000 12.03300 60.20000
12 10 20 11 07 9548.00000 4.82000000 311.32000 42.16000 12.01300 60.20000
12 10 20 11 07 9548.30000 4.82000000 311.17000 42.16000 12.01300 60.20000
12 10 20 11 07 9548.30000 4.82000000 311.19000 42.12000 12.01300 60.20000
12 10 20 11 08 9546.10000 4.82000000 311.08000 42.10000 12.01300 60.20000
12 10 20 11 08 9546.10000 4.82000000 311.08000 42.09000 12.01300 60.20000
12 10 20 11 09 9540.10000 4.82000000 310.73000 42.09000 12.01300 60.20000
12 10 20 11 09 9540.10000 4.82000000 310.86000 42.09000 12.01300 60.20000
12 10 20 11 10 9544.00000 4.82000000 310.86000 42.09000 12.01300 60.20000
12 10 20 11 10 9546.40000 4.82000000 310.86000 42.07000 12.01300 60.20000
12 10 20 11 10 9545.70000 4.82000000 310.84000 42.07000 12.01300 60.20000
12 10 20 11 11 9543.40000 4.82000000 310.69000 42.07000 12.01300 60.20000
12 10 20 11 11 9545.00000 4.82000000 310.77000 42.07000 12.01300 60.20000
12 10 20 11 12 9545.60000 4.82000000 310.75000 42.07000 12.01300 60.20000
12 10 20 11 12 9546.10000 4.82000000 310.75000 42.07000 12.01300 60.20000
12 10 20 11 13 9546.10000 4.82000000 310.87000 42.07000 12.01300 60.20000
12 10 20 11 13 9551.80000 4.82000000 311.24000 42.07000 12.01300 60.20000
12 10 20 11 13 9551.60000 4.82000000 311.24000 42.07000 12.01300 60.20000
12 10 20 11 14 9548.70000 4.82000000 311.34000 42.07000 12.01300 60.20000
12 10 20 11 14 9544.00000 4.82000000 311.10000 42.07000 12.01300 60.20000
12 10 20 11 15 9543.90000 4.82000000 311.17000 42.07000 12.01300 60.20000
12 10 20 11 15 9548.20000 4.82000000 311.18000 42.07000 12.01300 60.20000
12 10 20 11 16 9548.20000 4.82000000 311.18000 42.07000 12.01300 60.20000
12 10 20 11 16 9552.30000 4.82000000 311.18000 42.07000 12.01300 60.20000
12 10 20 11 16 9554.10000 4.82000000 311.18000 42.07000 12.01300 60.20000
12 10 20 11 17 9550.60000 4.82000000 311.48000 42.07000 12.01300 60.20000
12 10 20 11 17 9552.10000 4.82000000 311.47000 42.07000 12.01300 60.20000
12 10 20 11 18 9552.00000 4.82000000 311.28000 42.07000 12.01300 60.20000
12 10 20 11 18 9548.10000 4.82000000 310.92000 42.07000 12.01300 60.20000
12 10 20 11 19 9548.00000 4.82000000 310.91000 42.07000 12.01300 60.20000
12 10 20 11 19 9541.40000 4.82000000 310.90000 42.07000 12.01300 60.20000
12 10 20 11 19 9545.30000 4.82000000 310.96000 42.00000 12.01300 60.20000
12 10 20 11 20 9545.70000 4.82000000 311.11000 42.00000 12.01300 60.20000
12 10 20 11 20 9545.80000 4.82000000 310.98000 42.00000 12.01300 60.20000
12 10 20 11 21 9544.40000 4.82000000 310.98000 42.00000 12.01300 60.20000
12 10 20 11 21 9545.30000 4.82000000 310.25000 42.00000 12.01300 60.20000
12 10 20 11 22 9547.10000 4.82000000 310.14000 42.00000 12.01300 60.20000
12 10 20 11 22 9549.60000 4.82000000 310.96000 42.00000 12.01300 60.20000
12 10 20 11 22 9550.60000 4.82000000 311.03000 42.00000 12.01300 60.20000
12 10 20 11 23 9553.00000 4.82000000 311.14000 42.00000 12.01300 60.20000
12 10 20 11 23 9553.10000 4.82000000 311.37000 42.00000 12.01300 60.20000
12 10 20 11 24 9550.80000 4.82000000 311.37000 42.05000 12.01300 60.20000
12 10 20 11 24 9551.10000 4.82000000 311.38000 42.05000 12.01300 60.20000
12 10 20 11 24 9549.90000 4.82000000 311.38000 42.05000 12.01300 60.50500
12 10 20 11 25 9559.00000 4.82000000 311.40000 42.05000 12.01300 60.50500
12 10 20 11 25 9561.90000 4.82000000 311.60000 42.05000 12.01300 60.50500
12 10 20 11 26 9563.20000 4.82000000 311.60000 42.05000 12.01300 60.50500
12 10 20 11 26 9560.00000 4.82000000 311.60000 42.05000 12.01300 60.50500
12 10 20 11 27 9557.50000 4.82000000 311.60000 42.05000 12.01300 60.50500
12 10 20 11 27 9555.10000 4.82000000 311.60000 42.07000 12.01300 60.50500
12 10 20 11 27 9556.30000 4.82000000 311.60000 42.07000 12.01300 60.50500
12 10 20 11 28 9556.80000 4.82000000 311.60000 42.07000 12.01300 60.50500
12 10 20 11 28 9557.70000 4.83800000 311.60000 42.07000 12.01300 60.50500
12 10 20 11 29 9558.00000 4.83800000 311.60000 42.07000 12.01300 60.50500
12 10 20 11 29 9558.00000 4.83800000 311.59000 42.07000 12.01300 60.50500
12 10 20 11 30 9556.10000 4.81900000 311.59000 42.07000 12.01300 60.50500
12 10 20 11 30 9555.10000 4.81900000 311.38000 42.03000 12.01300 60.50500
12 10 20 11 30 9548.80000 4.81900000 311.24000 42.03000 12.01300 60.50500
12 10 20 11 31 9549.70000 4.81900000 311.28000 42.03000 12.01300 60.50500
12 10 20 11 31 9549.90000 4.84300000 311.28000 42.03000 12.01300 60.50500
12 10 20 11 32 9549.90000 4.84300000 311.34000 42.03000 12.01300 60.86200
12 10 20 11 32 9550.00000 4.84300000 311.49000 42.03000 12.01300 60.86200
12 10 20 11 33 9548.20000 4.84300000 311.39000 42.03000 12.01300 60.86200
12 10 20 11 33 9550.00000 4.84300000 311.39000 42.03000 12.01300 60.86200
12 10 20 11 33 9551.00000 4.84300000 311.39000 42.03000 12.01300 60.86200
12 10 20 11 34 9550.10000 4.84300000 311.39000 42.03000 12.00800 60.86200
12 10 20 11 34 9550.10000 4.84300000 311.38000 42.03000 12.00800 60.86200
12 10 20 11 35 9551.80000 4.84300000 311.38000 42.03000 12.00800 60.86200
12 10 20 11 35 9549.50000 4.84300000 311.38000 42.03000 12.00800 60.86200
12 10 20 11 36 9550.10000 4.84300000 311.52000 42.03000 12.00800 60.86200
12 10 20 11 36 9549.70000 4.84300000 311.36000 42.03000 12.00800 60.86200
12 10 20 11 36 9549.70000 4.84300000 311.37000 42.03000 12.00800 60.86200
12 10 20 11 37 9550.20000 4.84300000 311.38000 42.03000 12.00800 60.86200
12 10 20 11 37 9552.00000 4.84300000 311.53000 42.03000 12.01900 60.86200
12 10 20 11 38 9552.00000 4.84300000 311.60000 42.02000 12.01900 60.86200
12 10 20 11 38 9553.20000 4.84300000 311.60000 42.02000 12.01900 60.86200
12 10 20 11 39 9551.50000 4.84300000 311.56000 42.02000 12.01900 60.86200
12 10 20 11 39 9553.20000 4.84300000 311.56000 42.02000 12.01900 60.86200
12 10 20 11 39 9557.30000 4.84300000 311.60000 42.02000 12.01900 60.86200
12 10 20 11 40 9555.70000 4.84300000 311.60000 42.02000 12.01900 60.86200
12 10 20 11 40 9560.90000 4.84300000 312.11000 42.02000 12.01900 60.86200
