M=[
14 6 21 12 33 32471.70000 47.21400000 2050.99000 138.12000 20.74400 107.79300
14 6 21 12 34 32463.10000 47.21400000 2051.80000 138.12000 20.69800 107.95600
14 6 21 12 34 32463.20000 47.21400000 2051.79000 138.12000 20.69800 107.95600
14 6 21 12 35 32469.90000 47.21400000 2051.80000 138.12000 20.69800 107.95600
14 6 21 12 35 32470.70000 47.21400000 2052.42000 138.19000 20.61500 107.95600
14 6 21 12 35 32470.00000 47.21400000 2052.50000 138.15000 20.61500 107.95600
14 6 21 12 36 32471.70000 47.21400000 2053.53000 138.16000 20.61500 107.95600
14 6 21 12 36 32484.60000 47.21400000 2054.37000 138.39000 20.61500 107.78000
14 6 21 12 37 32478.90000 47.21400000 2055.15000 138.34000 20.61500 107.78000
14 6 21 12 37 32474.80000 47.21400000 2055.18000 138.36000 20.61500 107.78000
14 6 21 12 38 32491.40000 47.21400000 2056.72000 138.36000 20.61500 107.78000
14 6 21 12 38 32495.30000 47.21400000 2056.79000 138.37000 20.61500 107.78000
14 6 21 12 38 32498.80000 47.21400000 2056.85000 138.50000 20.61500 107.78000
14 6 21 12 39 32491.10000 47.21400000 2056.85000 138.58000 20.61500 107.78000
14 6 21 12 39 32492.50000 47.21400000 2056.85000 138.63000 20.61500 107.78000
14 6 21 12 40 32508.80000 47.32600000 2057.89000 138.63000 20.61500 107.98500
14 6 21 12 40 32516.00000 47.32600000 2059.10000 138.63000 20.61500 107.98500
14 6 21 12 41 32543.50000 47.32600000 2060.10000 138.63000 20.61500 107.98500
14 6 21 12 41 32548.80000 47.32600000 2060.01000 138.63000 20.61500 107.98500
14 6 21 12 41 32548.90000 47.32600000 2060.00000 138.81000 20.61500 107.98500
14 6 21 12 42 32569.60000 47.32600000 2060.54000 138.81000 20.61500 107.98500
14 6 21 12 42 32655.70000 47.32600000 2063.27000 139.09000 20.61500 107.98500
14 6 21 12 43 32599.90000 47.32600000 2062.84000 139.09000 20.61500 107.98500
14 6 21 12 43 32616.50000 47.32600000 2062.25000 139.09000 20.61500 107.98500
14 6 21 12 44 32622.60000 47.32600000 2061.38000 138.93000 20.61500 107.98500
14 6 21 12 44 32626.60000 47.32600000 2061.41000 138.93000 20.61500 107.98500
14 6 21 12 44 32621.60000 47.32600000 2061.40000 138.93000 20.61500 107.98500
14 6 21 12 45 32627.80000 47.32600000 2060.24000 138.93000 20.61500 107.98500
14 6 21 12 45 32647.00000 47.50000000 2061.21000 139.06000 20.61500 107.98500
14 6 21 12 46 32655.70000 47.45500000 2062.17000 139.10000 20.61500 108.14400
14 6 21 12 46 32700.70000 47.59200000 2062.64000 139.17000 20.61500 108.14400
14 6 21 12 47 32704.40000 47.59200000 2061.66000 139.17000 20.61500 108.14400
14 6 21 12 47 32696.90000 47.62600000 2062.05000 139.08000 20.61500 108.14400
14 6 21 12 47 32662.60000 47.62600000 2060.00000 139.08000 20.61500 108.14400
14 6 21 12 48 32668.00000 47.59300000 2060.66000 138.99000 20.61500 108.14400
14 6 21 12 48 32646.20000 47.59300000 2060.35000 138.99000 20.50200 108.14400
14 6 21 12 49 32628.50000 47.59300000 2058.12000 138.99000 20.50200 108.14400
14 6 21 12 49 32627.90000 47.59300000 2057.31000 138.99000 20.90000 108.14400
14 6 21 12 50 32613.20000 47.59300000 2057.00000 139.01000 20.90000 108.14400
14 6 21 12 50 32587.20000 47.59300000 2057.00000 139.01000 20.66100 107.89900
14 6 21 12 50 32578.20000 47.59300000 2055.09000 139.01000 20.66000 107.89900
14 6 21 12 51 32603.00000 47.59300000 2056.35000 138.87000 20.66000 107.89900
14 6 21 12 51 32620.30000 47.43500000 2056.35000 138.87000 20.66400 107.89900
14 6 21 12 52 32609.10000 47.43500000 2056.35000 138.86000 20.66100 107.89900
14 6 21 12 52 32620.80000 47.43500000 2055.06000 138.86000 20.66100 107.89900
14 6 21 12 53 32612.60000 47.43500000 2054.72000 138.86000 20.66100 107.89900
14 6 21 12 53 32612.30000 47.43500000 2054.63000 138.86000 20.66100 107.89900
14 6 21 12 53 32600.10000 47.43500000 2053.61000 138.86000 20.66500 107.89900
14 6 21 12 54 32600.10000 47.43500000 2052.94000 138.80000 20.66500 107.89900
14 6 21 12 54 32600.10000 47.43500000 2052.61000 138.80000 20.66500 107.89900
14 6 21 12 55 32577.40000 47.43500000 2052.73000 138.65000 20.66500 107.89900
14 6 21 12 55 32594.20000 47.43500000 2052.27000 138.67000 20.56400 107.89900
14 6 21 12 56 32628.90000 47.42800000 2052.26000 138.67000 20.56400 107.89900
14 6 21 12 56 32612.30000 47.42000000 2052.26000 138.67000 20.56400 107.89900
14 6 21 12 56 32623.70000 47.42000000 2052.26000 138.67000 20.56400 107.89900
14 6 21 12 57 32625.40000 47.51600000 2054.72000 138.67000 20.56300 107.89900
14 6 21 12 57 32641.20000 47.49700000 2054.72000 138.67000 20.56300 107.89900
14 6 21 12 58 32637.60000 47.49700000 2055.81000 138.67000 20.56300 107.89900
14 6 21 12 58 32672.00000 47.49700000 2056.45000 138.67000 20.56300 107.89900
14 6 21 12 59 32674.30000 47.49700000 2057.22000 138.84000 20.56300 107.89900
14 6 21 12 59 32681.70000 47.49700000 2057.65000 138.82000 20.56300 107.89900
14 6 21 12 59 32681.80000 47.49700000 2058.43000 138.82000 20.56300 107.89900
14 6 21 13 00 32681.80000 47.54800000 2058.24000 138.85000 20.56300 107.89900
14 6 21 13 00 32678.10000 47.54000000 2056.61000 138.85000 20.56300 107.89900
14 6 21 13 01 32675.00000 47.47200000 2056.85000 138.85000 20.56300 107.89900
14 6 21 13 01 32690.70000 47.47200000 2056.60000 138.85000 20.56300 107.89900
14 6 21 13 02 32779.00000 47.54800000 2060.47000 139.09000 20.56300 107.89900
14 6 21 13 02 32812.70000 47.54800000 2063.58000 139.30000 20.56300 107.89900
14 6 21 13 02 32812.70000 47.54800000 2062.54000 139.30000 20.56300 107.89900
14 6 21 13 03 32812.70000 47.54800000 2062.86000 139.30000 20.56300 107.89900
14 6 21 13 03 32812.70000 47.54800000 2062.86000 139.13000 20.56300 107.89900
14 6 21 13 04 33006.50000 47.65300000 2069.86000 139.69000 20.56300 107.89900
14 6 21 13 04 33053.00000 47.80800000 2072.89000 139.98000 20.56300 107.89900
14 6 21 13 05 33168.70000 48.00000000 2076.85000 139.98000 20.56300 107.89900
14 6 21 13 05 33242.80000 48.06600000 2081.73000 140.57000 20.56300 107.89900
14 6 21 13 05 33237.00000 48.06600000 2082.25000 140.37000 20.57400 107.89900
14 6 21 13 06 33204.10000 48.12300000 2079.64000 140.27000 20.57400 107.89900
14 6 21 13 06 33252.50000 48.01300000 2082.25000 140.14000 20.57400 107.89900
14 6 21 13 07 33295.70000 48.19100000 2083.97000 140.53000 20.57400 107.89900
14 6 21 13 07 33247.20000 48.19100000 2084.00000 140.45000 20.57400 107.89900
14 6 21 13 08 33261.80000 48.19200000 2083.78000 140.43000 20.57400 107.89900
14 6 21 13 08 33216.90000 48.19200000 2082.75000 140.35000 20.57400 107.89900
14 6 21 13 08 33168.10000 48.19200000 2079.97000 140.35000 20.57400 107.89900
14 6 21 13 09 33120.00000 48.19200000 2078.98000 140.19000 20.57400 107.89900
14 6 21 13 09 33201.10000 48.05100000 2082.82000 140.16000 20.57400 108.78000
14 6 21 13 10 33213.50000 48.12800000 2083.89000 140.42000 20.57400 108.67400
14 6 21 13 10 33146.30000 48.12800000 2082.01000 140.31000 20.57400 108.67400
14 6 21 13 11 33149.00000 48.12800000 2081.87000 140.30000 20.57400 108.67400
14 6 21 13 11 33179.30000 48.12800000 2082.52000 140.30000 20.57400 108.60000
14 6 21 13 11 33180.70000 48.12800000 2081.45000 140.30000 20.57400 108.60000
14 6 21 13 12 33210.50000 48.09600000 2081.55000 140.30000 20.57400 108.60000
14 6 21 13 12 33258.60000 48.09600000 2084.08000 140.56000 20.57400 108.60000
14 6 21 13 13 33253.90000 48.09600000 2084.08000 140.53000 20.57400 108.60000
14 6 21 13 13 33260.00000 48.09600000 2085.49000 140.60000 20.57400 108.60000
14 6 21 13 14 33252.60000 48.27700000 2086.02000 140.71000 20.57400 108.60000
14 6 21 13 14 33315.90000 48.33800000 2086.02000 140.71000 20.57400 109.25000
14 6 21 13 14 33325.00000 48.47400000 2088.20000 140.96000 20.58000 109.25000
14 6 21 13 15 33308.50000 48.42400000 2088.21000 140.90000 20.58000 108.86800
14 6 21 13 15 33331.00000 48.42400000 2088.54000 140.91000 20.58000 108.86800
14 6 21 13 16 33273.90000 48.31300000 2087.38000 140.77000 20.58000 108.86800
14 6 21 13 16 33258.70000 48.22300000 2086.63000 140.69000 20.58000 108.86800
14 6 21 13 17 33248.10000 48.22300000 2086.69000 140.69000 20.58000 108.86800
