M=[
 4 12 20 17 03 15661.60000 5.14700000 486.03000 68.88000 13.18100 59.65700
 4 12 20 17 03 15650.00000 5.14700000 485.64000 68.88000 13.18100 59.65700
 4 12 20 17 04 15646.20000 5.14700000 485.56000 68.91000 13.18100 59.65700
 4 12 20 17 04 15646.20000 5.14700000 485.50000 68.91000 13.18100 59.65700
 4 12 20 17 05 15637.70000 5.14700000 485.51000 68.91000 13.18100 59.65700
 4 12 20 17 05 15638.00000 5.14700000 485.27000 68.90000 13.18100 59.68400
 4 12 20 17 05 15637.40000 5.14700000 485.25000 68.91000 13.18100 59.68400
 4 12 20 17 06 15640.40000 5.14700000 485.18000 68.84000 13.18100 59.68400
 4 12 20 17 06 15637.60000 5.14700000 485.15000 68.84000 13.18100 59.68400
 4 12 20 17 07 15637.80000 5.14700000 485.15000 68.84000 13.18100 59.68400
 4 12 20 17 07 15636.70000 5.14700000 485.11000 68.84000 13.18100 59.68400
 4 12 20 17 08 15638.40000 5.14700000 485.43000 68.84000 13.18100 59.68400
 4 12 20 17 08 15641.20000 5.14700000 485.43000 68.81000 13.18100 59.68400
 4 12 20 17 08 15640.10000 5.14700000 485.21000 68.81000 13.18100 59.68400
 4 12 20 17 09 15640.20000 5.14700000 485.21000 68.75000 13.18100 59.68400
 4 12 20 17 09 15637.40000 5.14700000 485.29000 68.68000 13.18100 59.68400
 4 12 20 17 10 15632.30000 5.14700000 485.30000 68.55000 13.18100 59.68400
 4 12 20 17 10 15629.80000 5.14700000 485.31000 68.55000 13.18100 59.68400
 4 12 20 17 11 15635.00000 5.14700000 485.31000 68.55000 13.18100 59.68400
 4 12 20 17 11 15640.80000 5.14700000 485.31000 68.55000 13.18100 59.68400
 4 12 20 17 11 15639.90000 5.14700000 485.40000 68.66000 13.18100 59.68400
 4 12 20 17 12 15639.90000 5.14700000 485.16000 68.66000 13.18100 59.68400
 4 12 20 17 12 15639.90000 5.14700000 485.16000 68.68000 13.18100 59.68400
 4 12 20 17 13 15640.30000 5.14700000 485.16000 68.68000 13.18100 59.68400
 4 12 20 17 13 15640.80000 5.14700000 485.39000 68.68000 13.18100 59.68400
 4 12 20 17 14 15641.20000 5.14700000 485.39000 68.71000 13.18100 59.68400
 4 12 20 17 14 15641.30000 5.14700000 485.35000 68.73000 13.18100 59.68400
 4 12 20 17 14 15643.00000 5.14700000 485.33000 68.72000 13.18100 59.68400
 4 12 20 17 15 15673.80000 5.14700000 486.44000 68.81000 13.18100 59.68400
 4 12 20 17 15 15675.10000 5.14700000 486.46000 68.81000 13.18100 59.68400
 4 12 20 17 16 15660.60000 5.14700000 485.82000 68.81000 13.18100 59.68400
 4 12 20 17 16 15650.00000 5.14700000 485.40000 68.71000 13.18100 59.68400
 4 12 20 17 17 15650.10000 5.14700000 485.26000 68.71000 13.18100 59.68400
 4 12 20 17 17 15636.30000 5.14700000 485.33000 68.76000 13.18100 59.68400
 4 12 20 17 17 15645.10000 5.14700000 485.53000 68.76000 13.18100 59.68400
 4 12 20 17 18 15638.80000 5.14700000 485.18000 68.76000 13.18100 59.68400
 4 12 20 17 18 15651.10000 5.14700000 485.40000 68.77000 13.18100 59.68400
 4 12 20 17 19 15659.80000 5.14700000 485.66000 68.76000 13.18100 59.68400
 4 12 20 17 19 15642.30000 5.14700000 485.58000 68.76000 13.18100 59.68400
 4 12 20 17 20 15632.00000 5.14700000 485.00000 68.71000 13.18100 59.68400
 4 12 20 17 20 15626.90000 5.14700000 485.01000 68.65000 13.18100 59.68400
 4 12 20 17 20 15615.60000 5.14800000 485.00000 68.65000 13.18100 59.76700
 4 12 20 17 21 15640.60000 5.14400000 485.62000 68.52000 13.18100 59.76700
 4 12 20 17 21 15646.10000 5.14400000 485.62000 68.71000 13.18100 59.76700
 4 12 20 17 22 15650.50000 5.14400000 485.98000 68.77000 13.18100 59.76700
 4 12 20 17 22 15649.10000 5.14400000 485.36000 68.77000 13.18100 59.76700
 4 12 20 17 23 15640.10000 5.14500000 485.31000 68.68000 13.18100 59.76700
 4 12 20 17 23 15653.40000 5.14500000 486.07000 68.77000 13.12700 59.76700
 4 12 20 17 23 15642.10000 5.14500000 485.42000 68.70000 13.16700 59.76700
 4 12 20 17 24 15642.10000 5.14500000 485.42000 68.70000 13.16700 59.76700
 4 12 20 17 24 15642.80000 5.14500000 485.42000 68.70000 13.16700 59.76700
 4 12 20 17 25 15651.60000 5.14500000 485.42000 68.77000 13.16700 59.76700
 4 12 20 17 25 15652.10000 5.14500000 485.42000 68.77000 13.16700 59.76700
 4 12 20 17 26 15656.00000 5.14500000 486.27000 68.77000 13.16700 59.76700
 4 12 20 17 26 15646.00000 5.14500000 485.82000 68.77000 13.16700 59.76700
 4 12 20 17 26 15634.00000 5.14500000 485.61000 68.77000 13.16700 59.76700
 4 12 20 17 27 15649.90000 5.14500000 485.87000 68.77000 13.16700 59.76700
 4 12 20 17 27 15650.10000 5.15600000 485.88000 68.87000 13.16700 59.76700
 4 12 20 17 28 15655.10000 5.14000000 486.13000 68.89000 13.16700 59.76700
 4 12 20 17 28 15651.90000 5.14000000 486.14000 68.89000 13.16700 59.76700
 4 12 20 17 29 15653.10000 5.14000000 486.05000 68.92000 13.16700 59.76700
 4 12 20 17 29 15653.10000 5.14000000 486.01000 68.93000 13.16700 59.76700
 4 12 20 17 29 15650.40000 5.14000000 486.01000 68.93000 13.19900 59.76700
 4 12 20 17 30 15650.40000 5.14000000 486.01000 68.82000 13.19900 59.84300
 4 12 20 17 30 15650.40000 5.14000000 486.01000 68.82000 13.20100 59.84300
 4 12 20 17 31 15652.30000 5.14000000 486.00000 68.82000 13.20100 59.84300
 4 12 20 17 31 15650.40000 5.14000000 486.00000 68.82000 13.20100 59.84300
 4 12 20 17 32 15650.30000 5.14000000 486.01000 68.82000 13.20100 59.84300
 4 12 20 17 32 15650.30000 5.14000000 486.01000 68.88000 13.20100 59.84300
 4 12 20 17 32 15650.40000 5.14000000 486.01000 68.88000 13.20100 59.84300
 4 12 20 17 33 15650.30000 5.14000000 486.00000 68.88000 13.20100 59.84300
 4 12 20 17 33 15650.30000 5.14000000 486.00000 68.88000 13.20100 59.84300
 4 12 20 17 34 15651.40000 5.14000000 486.14000 69.00000 13.20100 59.84300
 4 12 20 17 34 15653.20000 5.14000000 486.14000 69.08000 13.20100 59.79300
 4 12 20 17 35 15662.30000 5.14000000 486.36000 69.10000 13.20100 59.79300
 4 12 20 17 35 15659.90000 5.14000000 486.38000 69.10000 13.20100 59.79300
 4 12 20 17 35 15653.50000 5.14000000 486.47000 69.07000 13.20100 59.79300
 4 12 20 17 36 15653.40000 5.16500000 486.17000 69.07000 13.20100 59.79300
 4 12 20 17 36 15652.60000 5.16500000 486.04000 69.07000 13.20100 59.79300
 4 12 20 17 37 15652.60000 5.16500000 486.04000 69.07000 13.20100 59.79300
 4 12 20 17 37 15652.50000 5.16500000 486.04000 69.07000 13.20100 59.79300
 4 12 20 17 38 15650.00000 5.16500000 486.00000 68.90000 13.20100 59.79300
 4 12 20 17 38 15650.00000 5.16500000 486.01000 68.91000 13.20100 59.79300
 4 12 20 17 38 15655.40000 5.16500000 486.01000 68.91000 13.20100 59.79300
 4 12 20 17 39 15654.30000 5.16500000 486.16000 68.91000 13.20100 59.79300
 4 12 20 17 39 15650.10000 5.16500000 486.02000 68.91000 13.23000 59.79300
 4 12 20 17 40 15650.00000 5.16500000 486.00000 68.91000 13.23000 59.79300
 4 12 20 17 40 15650.10000 5.16500000 486.00000 68.91000 13.23000 59.79300
 4 12 20 17 41 15650.00000 5.16500000 486.07000 68.91000 13.23000 59.79300
 4 12 20 17 41 15651.60000 5.16500000 486.00000 68.91000 13.23000 59.79300
 4 12 20 17 41 15653.80000 5.16500000 486.30000 68.91000 13.23000 59.79300
 4 12 20 17 42 15649.20000 5.16500000 486.01000 69.04000 13.23000 59.79300
 4 12 20 17 42 15647.70000 5.16500000 486.04000 68.95000 13.23000 59.79300
 4 12 20 17 43 15647.70000 5.16500000 486.02000 68.95000 13.23000 59.79300
 4 12 20 17 43 15637.60000 5.16500000 486.02000 68.95000 13.23000 59.79300
 4 12 20 17 44 15630.10000 5.16500000 484.91000 68.86000 13.23000 59.79300
 4 12 20 17 44 15633.70000 5.16500000 485.20000 68.86000 13.23000 59.79300
 4 12 20 17 44 15642.20000 5.16500000 486.06000 68.93000 13.23000 59.79300
 4 12 20 17 45 15634.20000 5.16500000 486.04000 68.93000 13.23000 59.79300
 4 12 20 17 45 15639.20000 5.16500000 486.07000 68.93000 13.23000 59.79300
 4 12 20 17 46 15633.80000 5.16500000 486.03000 68.93000 13.23000 59.79300
 4 12 20 17 46 15623.80000 5.16500000 485.23000 68.86000 13.23000 59.79300
 4 12 20 17 47 15626.10000 5.16500000 485.36000 68.86000 13.23000 59.79300
 4 12 20 17 47 15620.10000 5.16500000 485.01000 68.78000 13.16800 59.79300
 4 12 20 17 47 15620.00000 5.16500000 485.00000 68.78000 13.16800 59.79300
 4 12 20 17 48 15620.00000 5.16500000 485.00000 68.78000 13.16800 59.79300
