M=[
29 12 20 19 00 21732.20000 4.63500000 589.69000 101.19000 14.07100 52.54900
29 12 20 19 01 21724.80000 4.63500000 589.36000 101.15000 14.07100 52.50700
29 12 20 19 01 21720.20000 4.63500000 589.12000 101.15000 14.07100 52.50700
29 12 20 19 01 21720.10000 4.63500000 589.05000 101.19000 14.07100 52.52500
29 12 20 19 02 21689.90000 4.63500000 589.01000 101.21000 14.07100 52.52500
29 12 20 19 02 21684.50000 4.63500000 589.02000 101.21000 14.07100 52.52500
29 12 20 19 03 21712.30000 4.63500000 589.74000 101.30000 14.07100 52.52500
29 12 20 19 03 21717.30000 4.63500000 590.00000 101.50000 14.07100 52.52500
29 12 20 19 04 21740.00000 4.63500000 590.23000 101.50000 14.07100 52.52500
29 12 20 19 04 21740.00000 4.63500000 590.17000 101.50000 14.07100 52.52500
29 12 20 19 04 21740.00000 4.63500000 590.03000 101.50000 14.07100 52.52500
29 12 20 19 05 21775.10000 4.63500000 591.00000 101.67000 14.07100 52.52500
29 12 20 19 05 21776.40000 4.63500000 591.00000 101.64000 14.07100 52.52500
29 12 20 19 06 21774.10000 4.63500000 591.64000 101.61000 14.07100 52.46000
29 12 20 19 06 21770.20000 4.63500000 591.18000 101.61000 14.07100 52.46000
29 12 20 19 07 21766.80000 4.63500000 591.37000 101.61000 14.07100 52.46000
29 12 20 19 07 21771.10000 4.63500000 591.40000 101.68000 14.07100 52.46000
29 12 20 19 07 21771.10000 4.63500000 591.40000 101.61000 14.07100 52.46000
29 12 20 19 08 21786.00000 4.63500000 591.84000 101.75000 14.07100 52.46000
29 12 20 19 08 21787.90000 4.63500000 592.00000 101.75000 14.07100 52.46000
29 12 20 19 09 21808.10000 4.63500000 592.50000 101.75000 14.07100 52.46000
29 12 20 19 09 21807.80000 4.63500000 592.50000 101.75000 13.85700 52.46000
29 12 20 19 10 21801.30000 4.63500000 592.50000 101.75000 13.85700 52.46000
29 12 20 19 10 21792.60000 4.63500000 592.06000 101.82000 13.85700 52.46000
29 12 20 19 10 21792.50000 4.63500000 592.09000 101.82000 13.85700 52.47600
29 12 20 19 11 21799.30000 4.63500000 592.62000 101.95000 13.85700 52.47600
29 12 20 19 11 21801.70000 4.63500000 592.69000 102.00000 13.85700 52.47600
29 12 20 19 12 21799.10000 4.63500000 592.13000 102.06000 13.85700 52.47600
29 12 20 19 12 21788.10000 4.61800000 592.34000 102.03000 13.85700 52.47600
29 12 20 19 13 21792.70000 4.61800000 592.30000 102.07000 13.85700 52.60500
29 12 20 19 13 21786.60000 4.61800000 592.45000 102.14000 13.85700 52.60500
29 12 20 19 13 21795.10000 4.61800000 592.78000 102.17000 13.85700 52.60500
29 12 20 19 14 21779.20000 4.61800000 592.78000 102.06000 13.85700 52.78000
29 12 20 19 14 21785.80000 4.61800000 592.63000 102.22000 14.10200 52.78000
29 12 20 19 15 21782.40000 4.61800000 592.68000 102.24000 14.10200 52.78000
29 12 20 19 15 21799.70000 4.61800000 592.79000 102.31000 14.10200 52.78000
29 12 20 19 16 21800.40000 4.61800000 592.50000 102.23000 14.19200 52.78000
29 12 20 19 16 21816.60000 4.61800000 592.51000 102.28000 14.19200 52.78000
29 12 20 19 16 21814.30000 4.61800000 592.59000 102.31000 14.19200 52.78000
29 12 20 19 17 21806.90000 4.61800000 592.18000 102.19000 14.19200 52.78000
29 12 20 19 17 21812.90000 4.61800000 592.53000 102.25000 14.19200 52.78000
29 12 20 19 18 21816.80000 4.61800000 592.54000 102.10000 14.19200 52.78000
29 12 20 19 18 21819.60000 4.61800000 592.49000 102.30000 14.19200 52.78000
29 12 20 19 19 21833.80000 4.61800000 592.49000 102.27000 14.19200 52.78000
29 12 20 19 19 21836.60000 4.61800000 592.50000 102.27000 14.19200 52.78000
29 12 20 19 19 21838.80000 4.61800000 592.46000 102.29000 14.19200 52.78000
29 12 20 19 20 21824.80000 4.61800000 592.42000 102.23000 14.19200 52.78000
29 12 20 19 20 21828.70000 4.61800000 592.49000 102.23000 14.09500 52.78000
29 12 20 19 21 21825.60000 4.61800000 592.49000 102.23000 14.09500 52.78000
29 12 20 19 21 21842.80000 4.61800000 592.49000 102.19000 14.09500 52.78000
29 12 20 19 22 21851.00000 4.61800000 592.49000 102.32000 14.09500 52.78000
29 12 20 19 22 21864.30000 4.61800000 593.91000 102.37000 14.09500 52.78000
29 12 20 19 22 21852.30000 4.61800000 593.29000 102.37000 14.09500 52.78000
29 12 20 19 23 21843.20000 4.61800000 592.90000 102.38000 14.09500 52.78000
29 12 20 19 23 21849.20000 4.61800000 593.90000 102.43000 14.09500 52.78000
29 12 20 19 24 21848.50000 4.63200000 593.69000 102.49000 14.09500 52.78000
29 12 20 19 24 21856.00000 4.63200000 593.59000 102.43000 14.09500 52.78000
29 12 20 19 25 21869.80000 4.63200000 593.74000 102.43000 14.09500 52.55800
29 12 20 19 25 21873.40000 4.63200000 593.80000 102.50000 14.09500 52.55800
29 12 20 19 25 21877.00000 4.63200000 593.87000 102.38000 14.09500 52.55800
29 12 20 19 26 21865.40000 4.63300000 593.82000 102.49000 14.09500 52.55800
29 12 20 19 26 21870.20000 4.63300000 593.85000 102.49000 14.09500 52.55800
29 12 20 19 27 21854.90000 4.63300000 593.89000 102.46000 14.09500 52.55800
29 12 20 19 27 21851.40000 4.63300000 593.77000 102.50000 14.09500 52.55800
29 12 20 19 28 21850.00000 4.63300000 593.93000 102.60000 14.09500 52.55800
29 12 20 19 28 21854.10000 4.63300000 593.88000 102.62000 14.09500 52.64000
29 12 20 19 28 21861.50000 4.63300000 594.00000 102.62000 14.09500 52.64000
29 12 20 19 29 21860.00000 4.63300000 594.47000 102.54000 14.09500 52.64000
29 12 20 19 29 21859.90000 4.63300000 595.16000 102.61000 14.09500 52.64000
29 12 20 19 30 21859.90000 4.63300000 594.84000 102.65000 14.09500 52.64000
29 12 20 19 30 21863.10000 4.63300000 595.01000 102.69000 14.09500 52.64000
29 12 20 19 31 21864.40000 4.63300000 594.71000 102.67000 14.09500 52.64000
29 12 20 19 31 21866.10000 4.63300000 594.71000 102.75000 14.09500 52.64000
29 12 20 19 31 21862.60000 4.63300000 594.71000 102.74000 14.09500 52.64000
29 12 20 19 32 21855.20000 4.63300000 594.71000 102.78000 14.09500 52.64000
29 12 20 19 32 21853.90000 4.63300000 594.00000 102.83000 14.09500 52.64000
29 12 20 19 33 21853.80000 4.63300000 594.43000 102.83000 14.09500 52.64000
29 12 20 19 33 21856.00000 4.66200000 594.59000 102.83000 14.09500 52.64000
29 12 20 19 34 21856.10000 4.66200000 594.56000 102.83000 14.09500 52.64000
29 12 20 19 34 21850.00000 4.66200000 594.11000 102.87000 14.09500 52.86600
29 12 20 19 34 21832.10000 4.66200000 593.04000 102.70000 14.09500 52.86600
29 12 20 19 35 21850.80000 4.66200000 594.09000 102.82000 14.09500 52.86600
29 12 20 19 35 21861.80000 4.66200000 594.09000 102.82000 14.09500 52.86600
29 12 20 19 36 21868.10000 4.66200000 594.78000 102.82000 14.09500 52.86600
29 12 20 19 36 21855.60000 4.66200000 594.45000 102.82000 14.09500 52.77700
29 12 20 19 37 21886.00000 4.66200000 594.45000 102.90000 14.09500 52.77700
29 12 20 19 37 21885.70000 4.66200000 595.00000 102.91000 14.09500 52.77700
29 12 20 19 37 21885.70000 4.66200000 595.05000 102.97000 14.09500 52.77700
29 12 20 19 38 21885.60000 4.66200000 595.25000 102.98000 14.09500 52.77700
29 12 20 19 38 21894.90000 4.66200000 595.26000 102.87000 14.09500 52.80100
29 12 20 19 39 21900.70000 4.66200000 595.34000 102.87000 14.09500 52.80100
29 12 20 19 39 21900.00000 4.66200000 595.21000 103.00000 14.09500 52.77700
29 12 20 19 40 21898.00000 4.66200000 595.65000 103.00000 14.09500 52.77700
29 12 20 19 40 21899.40000 4.66200000 595.65000 103.00000 14.00100 52.77700
29 12 20 19 40 21896.10000 4.66200000 595.67000 103.00000 14.00100 52.77700
29 12 20 19 41 21897.00000 4.66200000 595.74000 103.00000 14.00100 52.77700
29 12 20 19 41 21893.30000 4.66200000 595.34000 102.98000 14.00100 52.77700
29 12 20 19 42 21893.20000 4.66200000 595.41000 102.97000 14.00100 52.85000
29 12 20 19 42 21884.10000 4.66200000 595.20000 102.86000 14.00100 52.85000
29 12 20 19 43 21879.40000 4.66200000 595.01000 102.77000 14.00100 52.68800
29 12 20 19 43 21874.60000 4.66200000 594.35000 102.86000 14.00100 52.68800
29 12 20 19 43 21869.50000 4.66200000 593.47000 102.76000 14.00100 52.68800
29 12 20 19 44 21878.60000 4.66200000 594.51000 102.81000 14.00100 52.68800
29 12 20 19 44 21883.20000 4.66200000 594.25000 102.81000 14.00100 52.68800
29 12 20 19 45 21870.10000 4.66200000 593.62000 102.60000 14.00100 52.68800
