M=[
 5 1 21 22 06 27637.70000 5.77600000 889.48000 129.24000 14.94000 48.30500
 5 1 21 22 06 27623.30000 5.77600000 888.38000 129.24000 14.94000 48.30500
 5 1 21 22 07 27650.00000 5.77600000 889.31000 129.24000 14.94000 48.30500
 5 1 21 22 07 27608.30000 5.77600000 889.13000 129.32000 14.94000 48.30500
 5 1 21 22 07 27587.70000 5.77600000 887.10000 129.42000 14.94000 48.30500
 5 1 21 22 08 27637.50000 5.77600000 887.81000 129.44000 14.94000 48.30500
 5 1 21 22 08 27655.00000 5.77600000 888.31000 129.55000 14.94000 48.30500
 5 1 21 22 09 27649.10000 5.77600000 886.36000 129.42000 14.94000 48.30500
 5 1 21 22 09 27652.80000 5.77600000 887.37000 129.43000 14.94000 48.30500
 5 1 21 22 10 27660.90000 5.77600000 887.89000 129.71000 14.94000 48.30500
 5 1 21 22 10 27700.00000 5.77600000 889.00000 129.69000 14.94000 48.45000
 5 1 21 22 10 27721.10000 5.77600000 889.73000 129.85000 14.94000 48.45000
 5 1 21 22 11 27739.90000 5.77600000 890.52000 129.75000 14.94000 48.45000
 5 1 21 22 11 27749.90000 5.76900000 891.30000 129.75000 15.16400 48.45000
 5 1 21 22 12 27737.00000 5.76900000 889.51000 129.74000 15.26300 48.45000
 5 1 21 22 12 27644.80000 5.76900000 888.12000 129.74000 15.26300 48.45000
 5 1 21 22 13 27679.70000 5.76900000 888.06000 129.74000 14.93500 48.45000
 5 1 21 22 13 27688.00000 5.76900000 888.97000 129.50000 14.93500 48.45000
 5 1 21 22 13 27711.60000 5.76900000 888.90000 129.50000 14.93500 48.18700
 5 1 21 22 14 27698.90000 5.76900000 888.88000 129.39000 14.93500 48.27400
 5 1 21 22 14 27698.50000 5.76900000 888.78000 129.39000 14.90800 48.27400
 5 1 21 22 15 27695.20000 5.76900000 888.76000 129.40000 14.90800 48.27400
 5 1 21 22 15 27694.30000 5.76900000 888.79000 129.40000 14.90800 48.27400
 5 1 21 22 16 27716.00000 5.76900000 888.90000 129.40000 14.90800 48.27400
 5 1 21 22 16 27722.10000 5.76900000 888.77000 129.40000 14.90800 48.27400
 5 1 21 22 16 27749.60000 5.76900000 888.93000 129.40000 14.90800 48.27400
 5 1 21 22 17 27756.20000 5.76900000 888.81000 129.35000 14.90800 48.25900
 5 1 21 22 17 27790.10000 5.76900000 889.95000 129.37000 14.90800 48.26700
 5 1 21 22 18 27793.90000 5.76900000 890.16000 129.39000 14.90800 48.26700
 5 1 21 22 18 27846.90000 5.76900000 890.95000 129.38000 14.90800 48.26700
 5 1 21 22 18 27843.30000 5.76900000 890.95000 129.31000 14.90800 48.26700
 5 1 21 22 19 27806.00000 5.76900000 890.96000 129.32000 14.90800 48.26700
 5 1 21 22 19 27817.20000 5.76000000 891.10000 129.38000 14.90800 48.26700
 5 1 21 22 20 27849.80000 5.76000000 891.00000 129.36000 14.90800 48.15500
 5 1 21 22 20 27873.00000 5.76000000 891.05000 129.36000 14.90800 48.15500
 5 1 21 22 21 27873.00000 5.76000000 891.00000 129.46000 14.90500 48.15500
 5 1 21 22 21 27873.00000 5.76000000 891.02000 129.47000 14.90500 48.15500
 5 1 21 22 22 27880.00000 5.76000000 891.30000 129.48000 14.90000 48.15500
 5 1 21 22 22 27928.10000 5.76000000 893.32000 129.82000 14.90000 48.15500
 5 1 21 22 22 27913.90000 5.76000000 894.31000 129.80000 14.90000 48.15500
 5 1 21 22 23 27914.20000 5.76000000 894.79000 129.80000 14.90000 48.15500
 5 1 21 22 23 27928.10000 5.76000000 895.12000 129.98000 14.90000 48.15500
 5 1 21 22 24 27920.00000 5.77800000 895.38000 130.00000 14.90000 48.15500
 5 1 21 22 24 27849.40000 5.77800000 891.16000 130.08000 14.90000 48.15500
 5 1 21 22 25 27831.60000 5.77800000 891.59000 130.10000 14.90000 48.15500
 5 1 21 22 25 27846.30000 5.77800000 892.63000 129.97000 14.90000 48.15500
 5 1 21 22 25 27871.50000 5.77800000 895.45000 130.24000 14.90000 48.41400
 5 1 21 22 26 27845.90000 5.77800000 895.80000 130.34000 14.90000 48.29100
 5 1 21 22 26 27833.90000 5.77100000 895.82000 130.30000 14.90000 48.29100
 5 1 21 22 27 27847.20000 5.77100000 895.80000 130.29000 14.90000 48.29100
 5 1 21 22 27 27845.00000 5.77100000 895.01000 130.44000 14.90000 48.29100
 5 1 21 22 27 27821.10000 5.77100000 895.19000 130.48000 14.90000 48.29100
 5 1 21 22 28 27795.70000 5.77100000 892.26000 130.49000 14.90000 48.29100
 5 1 21 22 28 27745.10000 5.77100000 892.29000 130.49000 14.90000 48.34700
 5 1 21 22 29 27787.10000 5.80500000 893.38000 130.47000 14.90000 48.34700
 5 1 21 22 29 27780.80000 5.80500000 893.53000 130.42000 14.90000 48.34700
 5 1 21 22 30 27795.80000 5.80500000 893.35000 130.48000 14.90000 48.34700
 5 1 21 22 30 27807.40000 5.80500000 893.61000 130.40000 14.90000 48.34700
 5 1 21 22 30 27808.00000 5.80500000 892.00000 130.40000 14.90000 48.34700
 5 1 21 22 31 27760.50000 5.80500000 891.38000 130.45000 14.90000 48.34700
 5 1 21 22 31 27748.10000 5.80500000 891.23000 130.45000 14.90000 48.52700
 5 1 21 22 32 27759.80000 5.80500000 891.39000 130.45000 14.90000 48.52700
 5 1 21 22 32 27759.90000 5.80500000 892.00000 130.45000 14.90000 48.52700
 5 1 21 22 33 27763.50000 5.81000000 892.00000 130.44000 14.90000 48.52700
 5 1 21 22 33 27756.80000 5.81000000 891.97000 130.41000 14.90000 48.52700
 5 1 21 22 33 27757.30000 5.81000000 892.74000 130.45000 14.90000 48.52700
 5 1 21 22 34 27756.40000 5.83400000 893.82000 130.44000 14.90000 48.52700
 5 1 21 22 34 27799.90000 5.83400000 895.00000 130.66000 14.90000 48.52700
 5 1 21 22 35 27832.80000 5.84200000 895.99000 130.69000 14.90000 48.52700
 5 1 21 22 35 27831.00000 5.84200000 897.87000 130.69000 14.90000 48.52700
 5 1 21 22 36 27845.80000 5.84200000 898.36000 130.76000 14.90000 48.52700
 5 1 21 22 36 27826.40000 5.84200000 896.60000 130.49000 14.90000 48.62700
 5 1 21 22 36 27837.20000 5.84200000 898.76000 130.48000 14.90000 48.62700
 5 1 21 22 37 27877.00000 5.84200000 899.38000 130.72000 14.90000 48.62700
 5 1 21 22 37 27900.00000 5.82100000 900.00000 130.53000 14.91000 48.62700
 5 1 21 22 38 27907.60000 5.82100000 900.00000 130.63000 14.91000 48.62700
 5 1 21 22 38 27928.10000 5.84200000 902.42000 130.96000 14.91000 48.62700
 5 1 21 22 39 27928.10000 5.84200000 902.76000 130.89000 14.91000 48.62700
 5 1 21 22 39 27948.40000 5.84200000 903.91000 131.05000 14.91000 48.62700
 5 1 21 22 39 27960.20000 5.84600000 904.23000 130.94000 14.99300 48.38500
 5 1 21 22 40 27959.10000 5.84600000 904.01000 130.94000 14.99300 48.38500
 5 1 21 22 40 27872.40000 5.84600000 903.61000 131.01000 14.99300 48.38500
 5 1 21 22 41 27936.40000 5.84600000 904.00000 131.15000 14.99300 48.38500
 5 1 21 22 41 27944.70000 5.84600000 905.05000 131.00000 14.99300 48.38500
 5 1 21 22 42 27963.80000 5.84800000 907.91000 131.22000 14.99300 48.38500
 5 1 21 22 42 27967.30000 5.85000000 908.70000 131.41000 14.99300 48.55800
 5 1 21 22 42 27978.70000 5.88400000 909.90000 131.39000 14.99300 48.55800
 5 1 21 22 43 27970.50000 5.88600000 909.98000 131.71000 14.99300 48.55800
 5 1 21 22 43 27984.50000 5.86900000 911.51000 131.73000 14.99300 48.75000
 5 1 21 22 44 27980.00000 5.89900000 910.39000 131.93000 14.99300 48.75000
 5 1 21 22 44 27944.70000 5.89900000 909.15000 132.12000 14.99300 48.55600
 5 1 21 22 45 27944.90000 5.89900000 910.90000 132.32000 14.99300 48.55600
 5 1 21 22 45 27881.40000 5.87100000 908.35000 131.91000 14.99300 48.55600
 5 1 21 22 45 27806.30000 5.87100000 903.39000 131.87000 14.99300 48.55600
 5 1 21 22 46 27877.00000 5.87100000 907.36000 131.78000 14.99300 48.55600
 5 1 21 22 46 27957.00000 5.87100000 909.07000 131.82000 15.00000 48.55600
 5 1 21 22 47 27945.50000 5.87100000 909.15000 132.02000 15.00000 48.55600
 5 1 21 22 47 27945.50000 5.87100000 908.21000 131.90000 15.00000 48.55600
 5 1 21 22 48 27898.70000 5.85700000 904.36000 131.67000 15.00000 48.72700
 5 1 21 22 48 27862.00000 5.84500000 906.12000 131.72000 15.00000 48.72700
 5 1 21 22 48 27840.90000 5.84500000 905.38000 131.66000 15.00000 48.70000
 5 1 21 22 49 27863.90000 5.84500000 905.60000 131.68000 15.00000 48.70000
 5 1 21 22 49 27868.60000 5.84500000 906.00000 131.75000 15.00000 48.70000
 5 1 21 22 50 27857.80000 5.84500000 906.72000 131.64000 15.14800 48.73000
 5 1 21 22 50 27834.20000 5.83700000 906.53000 131.52000 15.14800 48.73000
 5 1 21 22 51 27827.10000 5.83700000 905.11000 131.33000 15.20500 48.73000
