M=[
25 12 20 00 55 19388.10000 4.63000000 502.36000 90.57000 14.20000 50.80900
25 12 20 00 55 19390.00000 4.63000000 502.44000 90.56000 14.20000 50.80900
25 12 20 00 56 19390.00000 4.63000000 502.49000 90.56000 14.20000 50.80900
25 12 20 00 56 19384.00000 4.64400000 502.49000 90.64000 14.20000 50.80900
25 12 20 00 57 19384.10000 4.64400000 502.49000 90.64000 14.20000 50.80900
25 12 20 00 57 19365.80000 4.65000000 502.16000 90.55000 14.29000 50.80900
25 12 20 00 57 19369.50000 4.65000000 502.16000 90.22000 14.29000 50.80900
25 12 20 00 58 19369.80000 4.65000000 502.16000 90.22000 14.29000 50.80900
25 12 20 00 58 19369.00000 4.68400000 502.16000 90.24000 14.29000 50.80900
25 12 20 00 59 19369.90000 4.68400000 502.16000 90.24000 14.29000 50.80900
25 12 20 00 59 19378.60000 4.68400000 502.17000 90.24000 14.29000 50.80900
25 12 20 01 00 19387.60000 4.68400000 502.17000 90.33000 14.29000 50.80900
25 12 20 01 00 19375.20000 4.68400000 502.35000 90.33000 14.29000 50.80900
25 12 20 01 00 19375.20000 4.68400000 502.35000 90.34000 14.29000 50.80900
25 12 20 01 01 19379.50000 4.68400000 502.35000 90.34000 14.29000 50.80900
25 12 20 01 01 19378.10000 4.68400000 502.29000 90.46000 14.29000 50.80900
25 12 20 01 02 19384.40000 4.68400000 502.28000 90.47000 14.29000 50.80900
25 12 20 01 02 19382.00000 4.64200000 502.29000 90.37000 14.29000 50.80900
25 12 20 01 03 19382.00000 4.63500000 502.28000 90.22000 14.29000 50.80900
25 12 20 01 03 19382.00000 4.63500000 501.87000 90.22000 14.29000 50.80900
25 12 20 01 03 19369.10000 4.63500000 502.22000 90.24000 14.29000 50.80900
25 12 20 01 04 19360.70000 4.63500000 502.22000 90.13000 14.29000 50.74900
25 12 20 01 04 19360.30000 4.63500000 501.49000 90.13000 14.29000 50.61200
25 12 20 01 05 19354.00000 4.63500000 501.49000 90.03000 14.29000 50.61200
25 12 20 01 05 19355.30000 4.63500000 501.50000 90.00000 14.29000 50.61200
25 12 20 01 06 19353.60000 4.63500000 501.50000 90.13000 14.29000 50.80800
25 12 20 01 06 19357.70000 4.63500000 501.50000 90.10000 14.29000 50.80800
25 12 20 01 06 19359.60000 4.63500000 501.50000 90.10000 14.29000 50.80800
25 12 20 01 07 19360.40000 4.63500000 501.57000 90.05000 14.29000 50.80800
25 12 20 01 07 19346.10000 4.63500000 501.41000 89.67000 14.29000 50.80800
25 12 20 01 08 19333.80000 4.63300000 501.03000 89.65000 14.29000 50.80800
25 12 20 01 08 19333.70000 4.63300000 501.14000 89.65000 14.29000 50.80800
25 12 20 01 09 19333.00000 4.63300000 501.02000 89.65000 14.29000 50.80800
25 12 20 01 09 19343.90000 4.63300000 501.25000 89.65000 14.29000 50.80800
25 12 20 01 09 19343.80000 4.63300000 501.25000 89.87000 14.29000 50.80800
25 12 20 01 10 19367.20000 4.63300000 501.79000 90.10000 14.29000 50.80800
25 12 20 01 10 19367.20000 4.63300000 501.79000 90.03000 14.29000 50.80800
25 12 20 01 11 19367.20000 4.63300000 501.79000 90.12000 14.29000 50.80800
25 12 20 01 11 19367.20000 4.61700000 501.79000 90.12000 14.29000 50.80800
25 12 20 01 12 19367.30000 4.61700000 501.79000 90.14000 14.29000 50.80800
25 12 20 01 12 19373.90000 4.61700000 501.79000 90.14000 14.29000 50.80800
25 12 20 01 12 19376.00000 4.63900000 501.79000 90.14000 14.29000 50.80800
25 12 20 01 13 19376.10000 4.63900000 502.60000 90.14000 14.29000 50.80800
25 12 20 01 13 19389.80000 4.63900000 502.79000 90.14000 14.29000 50.80800
25 12 20 01 14 19385.60000 4.63900000 502.80000 90.14000 14.29000 50.80800
25 12 20 01 14 19385.60000 4.63900000 503.17000 90.14000 14.29000 50.80800
25 12 20 01 15 19382.80000 4.63900000 503.17000 90.24000 14.29000 50.80800
25 12 20 01 15 19382.80000 4.63900000 503.30000 90.24000 14.29000 50.80800
25 12 20 01 15 19382.80000 4.63900000 503.31000 90.24000 14.29000 50.80800
25 12 20 01 16 19382.80000 4.63900000 503.38000 90.24000 14.29000 50.80800
25 12 20 01 16 19387.10000 4.63900000 503.82000 90.27000 14.29000 50.80800
25 12 20 01 17 19390.00000 4.63900000 503.89000 90.50000 14.29000 50.80800
25 12 20 01 17 19394.10000 4.63900000 503.66000 90.50000 14.29000 50.80800
25 12 20 01 18 19394.00000 4.63900000 503.55000 90.40000 14.29000 50.80800
25 12 20 01 18 19391.80000 4.63900000 503.64000 90.52000 14.29000 50.80800
25 12 20 01 18 19393.60000 4.63900000 503.89000 90.52000 14.29000 50.80800
25 12 20 01 19 19400.00000 4.63900000 503.89000 90.52000 14.29000 50.80800
25 12 20 01 19 19400.00000 4.63900000 503.90000 90.52000 14.29000 50.80800
25 12 20 01 20 19400.00000 4.63900000 503.90000 90.52000 14.29000 50.80800
25 12 20 01 20 19406.70000 4.67200000 503.93000 90.38000 14.29000 50.80800
25 12 20 01 21 19406.70000 4.67200000 503.93000 90.38000 14.29000 50.80800
25 12 20 01 21 19405.60000 4.67200000 503.93000 90.28000 14.29000 50.80800
25 12 20 01 21 19405.50000 4.67200000 503.93000 90.38000 14.29000 50.80800
25 12 20 01 22 19389.90000 4.67200000 503.93000 90.37000 14.29000 50.80800
25 12 20 01 22 19399.70000 4.67200000 503.93000 90.29000 14.29000 50.80800
25 12 20 01 23 19399.70000 4.67200000 504.06000 90.29000 14.29000 50.80800
25 12 20 01 23 19399.70000 4.67200000 504.29000 90.29000 14.29000 50.80800
25 12 20 01 24 19399.60000 4.67200000 504.29000 90.29000 14.29000 50.80800
25 12 20 01 24 19402.30000 4.67200000 504.08000 90.29000 14.29000 50.80800
25 12 20 01 24 19400.20000 4.67200000 504.08000 90.29000 14.29000 50.80800
25 12 20 01 25 19400.20000 4.67200000 504.08000 90.29000 14.29000 50.80800
25 12 20 01 25 19400.20000 4.67200000 503.79000 90.22000 14.29000 50.80800
25 12 20 01 26 19383.60000 4.65900000 503.79000 90.22000 14.29000 50.79300
25 12 20 01 26 19388.50000 4.65900000 503.42000 90.22000 14.29000 50.79300
25 12 20 01 27 19392.90000 4.64000000 503.42000 90.09000 14.29000 50.79300
25 12 20 01 27 19392.90000 4.64000000 503.57000 90.13000 14.29000 50.79300
25 12 20 01 27 19389.30000 4.64000000 502.95000 90.09000 14.29000 50.79300
25 12 20 01 28 19385.40000 4.64000000 503.64000 90.23000 14.29000 50.79300
25 12 20 01 28 19380.00000 4.64000000 503.65000 90.24000 14.29000 50.79300
25 12 20 01 29 19377.40000 4.64000000 502.94000 90.24000 14.29000 50.79300
25 12 20 01 29 19370.10000 4.64000000 503.02000 90.15000 14.29000 50.79300
25 12 20 01 30 19370.00000 4.64000000 502.36000 90.05000 14.29000 50.79300
25 12 20 01 30 19361.30000 4.64000000 502.58000 90.07000 14.29000 50.79300
25 12 20 01 30 19363.30000 4.64000000 502.58000 90.10000 14.29000 50.79300
25 12 20 01 31 19364.20000 4.64000000 502.57000 90.10000 14.29000 50.79300
25 12 20 01 31 19364.20000 4.64000000 502.82000 90.10000 14.29000 50.79300
25 12 20 01 32 19368.10000 4.64000000 502.75000 90.10000 14.29000 50.79300
25 12 20 01 32 19369.10000 4.65800000 502.50000 90.16000 14.29000 50.79300
25 12 20 01 33 19369.10000 4.65800000 501.98000 90.17000 14.29000 50.79300
25 12 20 01 33 19382.40000 4.65800000 501.98000 90.17000 14.29000 50.79300
25 12 20 01 33 19382.30000 4.65800000 501.98000 90.17000 14.29000 50.79300
25 12 20 01 34 19390.00000 4.65800000 502.11000 90.18000 14.29000 50.79300
25 12 20 01 34 19394.40000 4.65800000 502.82000 90.18000 14.29000 50.79300
25 12 20 01 35 19397.30000 4.65800000 502.82000 90.34000 14.29000 50.79300
25 12 20 01 35 19397.30000 4.65800000 502.82000 90.34000 14.29000 50.79300
25 12 20 01 36 19370.10000 4.65800000 502.82000 90.33000 14.29000 50.79300
25 12 20 01 36 19377.30000 4.65800000 502.22000 90.32000 14.29000 50.79300
25 12 20 01 36 19385.20000 4.65800000 502.22000 90.32000 14.29000 50.79300
25 12 20 01 37 19381.00000 4.65800000 502.54000 90.32000 14.29000 50.79300
25 12 20 01 37 19381.00000 4.65800000 502.58000 90.32000 14.29000 50.79300
25 12 20 01 38 19386.40000 4.67900000 502.70000 90.55000 14.29000 50.79300
25 12 20 01 38 19395.10000 4.67900000 502.82000 90.55000 14.29000 50.79300
25 12 20 01 39 19399.60000 4.67900000 503.36000 90.57000 14.29000 50.79300
25 12 20 01 39 19399.50000 4.67900000 503.36000 90.57000 14.29000 50.79300
25 12 20 01 39 19397.50000 4.67900000 503.51000 90.48000 14.29000 50.79300
25 12 20 01 40 19392.10000 4.67900000 503.51000 90.48000 14.29000 50.79300
