M=[
23 6 21 11 34 28468.20000 32.86800000 1670.90000 108.03000 15.47700 94.46900
23 6 21 11 34 28465.80000 32.86800000 1670.56000 108.03000 15.47700 94.46900
23 6 21 11 35 28460.10000 32.86800000 1670.07000 108.03000 15.47700 94.46900
23 6 21 11 35 28442.10000 32.86800000 1669.04000 108.03000 15.47700 94.46900
23 6 21 11 36 28449.10000 32.86800000 1669.22000 108.03000 15.43500 94.55700
23 6 21 11 36 28466.10000 32.86800000 1670.94000 108.03000 15.56900 94.55700
23 6 21 11 36 28463.70000 32.82000000 1671.09000 108.03000 15.56900 94.61800
23 6 21 11 37 28489.60000 32.82000000 1671.62000 108.03000 15.56900 94.61800
23 6 21 11 37 28483.60000 32.82000000 1672.00000 108.03000 15.56900 94.61800
23 6 21 11 38 28483.60000 32.82000000 1671.94000 108.04000 15.56900 94.61800
23 6 21 11 38 28483.60000 32.82000000 1671.94000 108.04000 15.56900 94.61800
23 6 21 11 39 28474.30000 32.82000000 1671.95000 108.04000 15.56900 94.61800
23 6 21 11 39 28484.40000 32.82000000 1672.11000 108.04000 15.56900 94.61800
23 6 21 11 39 28499.50000 32.98700000 1674.13000 108.27000 15.56900 94.61800
23 6 21 11 40 28484.70000 32.98700000 1672.98000 108.27000 15.56900 94.61800
23 6 21 11 40 28487.30000 32.98700000 1674.14000 108.19000 15.56900 94.61800
23 6 21 11 41 28490.70000 32.98700000 1674.73000 108.19000 15.56900 94.61800
23 6 21 11 41 28475.90000 32.98700000 1674.18000 108.19000 15.56900 94.61800
23 6 21 11 42 28474.20000 32.98700000 1674.18000 108.03000 15.56900 94.61800
23 6 21 11 42 28474.10000 32.98700000 1673.74000 108.03000 15.56900 94.61800
23 6 21 11 42 28468.80000 32.98700000 1674.00000 108.03000 15.56900 94.61800
23 6 21 11 43 28439.20000 32.98700000 1674.00000 108.03000 15.56900 94.61800
23 6 21 11 43 28442.30000 32.98700000 1672.54000 108.06000 15.56900 94.61800
23 6 21 11 44 28440.50000 32.98700000 1672.54000 108.08000 15.56900 94.61800
23 6 21 11 44 28443.40000 32.98700000 1672.54000 108.08000 15.56900 94.61800
23 6 21 11 45 28455.80000 32.98700000 1674.00000 108.08000 15.56900 95.49700
23 6 21 11 45 28440.00000 32.98700000 1671.87000 108.08000 15.56900 95.49700
23 6 21 11 45 28414.60000 32.98700000 1670.01000 107.87000 15.56900 95.49700
23 6 21 11 46 28421.00000 32.98700000 1669.00000 107.88000 15.56900 95.49700
23 6 21 11 46 28417.40000 32.85800000 1667.76000 107.88000 15.56900 95.49700
23 6 21 11 47 28406.00000 32.85800000 1668.18000 107.84000 15.56900 95.49700
23 6 21 11 47 28402.10000 32.85800000 1668.18000 107.84000 15.56900 95.49700
23 6 21 11 48 28410.50000 32.85800000 1668.18000 107.84000 15.56900 95.49700
23 6 21 11 48 28405.50000 32.86800000 1667.85000 107.84000 15.56900 95.49700
23 6 21 11 48 28427.00000 32.86800000 1667.86000 107.77000 15.56900 95.49700
23 6 21 11 49 28450.40000 32.86800000 1667.86000 107.77000 15.56900 95.49700
23 6 21 11 49 28444.50000 32.86800000 1669.14000 107.77000 15.56900 95.49700
23 6 21 11 50 28460.60000 32.86800000 1669.35000 107.77000 15.56900 95.14600
23 6 21 11 50 28455.20000 32.86800000 1669.35000 107.77000 15.56900 95.14600
23 6 21 11 51 28481.50000 32.86800000 1671.08000 107.96000 15.56900 94.97000
23 6 21 11 51 28448.70000 32.86800000 1671.00000 107.97000 15.56900 94.93200
23 6 21 11 51 28427.90000 32.86800000 1669.85000 107.84000 15.56900 94.93200
23 6 21 11 52 28464.10000 32.86800000 1671.11000 107.84000 15.56900 94.93200
23 6 21 11 52 28452.70000 32.86800000 1671.11000 107.84000 15.56900 94.93200
23 6 21 11 53 28447.50000 32.86800000 1670.54000 107.84000 15.56900 94.93200
23 6 21 11 53 28452.20000 32.86800000 1668.91000 107.87000 15.56900 94.93200
23 6 21 11 54 28441.90000 32.86800000 1668.82000 107.87000 15.56900 94.76900
23 6 21 11 54 28446.60000 32.86800000 1668.84000 107.81000 15.56900 94.91100
23 6 21 11 54 28454.20000 32.86800000 1668.89000 107.79000 15.56900 94.91100
23 6 21 11 55 28462.90000 32.86800000 1669.24000 107.83000 15.56900 94.91100
23 6 21 11 55 28466.00000 32.86800000 1669.48000 107.83000 15.56900 94.91100
23 6 21 11 56 28471.80000 32.86800000 1669.48000 107.86000 15.56900 94.85100
23 6 21 11 56 28454.60000 32.86800000 1669.48000 107.86000 15.56900 94.85100
23 6 21 11 57 28447.30000 32.99700000 1669.48000 107.86000 15.56900 94.85100
23 6 21 11 57 28452.40000 32.99700000 1669.48000 107.90000 15.56900 94.85100
23 6 21 11 57 28447.10000 32.99700000 1668.93000 107.90000 15.56900 94.85100
23 6 21 11 58 28447.10000 32.99700000 1669.34000 107.85000 15.56900 94.85100
23 6 21 11 58 28437.40000 32.99700000 1668.92000 107.85000 15.56900 94.85100
23 6 21 11 59 28461.10000 32.98600000 1669.99000 107.85000 15.56900 94.85100
23 6 21 11 59 28450.20000 32.98600000 1668.91000 107.85000 15.56900 94.85100
23 6 21 12 00 28445.60000 32.98600000 1668.91000 107.85000 15.56900 94.85100
23 6 21 12 00 28430.00000 32.96300000 1669.00000 107.81000 15.56900 94.57400
23 6 21 12 00 28399.10000 32.96300000 1667.05000 107.65000 15.56900 94.37800
23 6 21 12 01 28472.30000 32.98600000 1668.99000 107.65000 15.56900 94.37800
23 6 21 12 01 28506.80000 33.13100000 1674.00000 108.00000 15.56900 94.37800
23 6 21 12 02 28534.80000 33.13100000 1676.93000 108.00000 15.56900 94.37800
23 6 21 12 02 28539.20000 33.13100000 1675.94000 108.00000 15.56900 95.24000
23 6 21 12 03 28486.30000 33.26200000 1671.41000 108.00000 15.56900 95.24000
23 6 21 12 03 28517.80000 33.24100000 1672.98000 107.90000 15.56900 94.94100
23 6 21 12 03 28530.00000 33.22700000 1675.01000 107.90000 15.56900 94.94100
23 6 21 12 04 28520.50000 33.31000000 1676.45000 108.31000 15.56900 94.94100
23 6 21 12 04 28496.70000 33.31000000 1673.61000 108.04000 15.56900 94.94100
23 6 21 12 05 28510.80000 33.24800000 1673.83000 108.06000 15.56900 94.94100
23 6 21 12 05 28512.10000 33.24800000 1674.83000 108.10000 15.56900 94.94100
23 6 21 12 06 28496.60000 33.20800000 1674.39000 108.10000 15.56900 94.94100
23 6 21 12 06 28451.60000 33.20800000 1673.42000 107.79000 15.56900 94.94100
23 6 21 12 06 28441.90000 33.20800000 1670.89000 107.79000 15.56900 94.94100
23 6 21 12 07 28431.20000 33.20800000 1671.56000 107.79000 15.56900 94.94100
23 6 21 12 07 28431.30000 33.20800000 1670.17000 107.79000 15.56900 94.94100
23 6 21 12 08 28431.20000 33.20800000 1668.70000 107.71000 15.56900 94.94100
23 6 21 12 08 28416.10000 33.20800000 1669.06000 107.71000 15.56900 94.94100
23 6 21 12 09 28416.10000 33.20800000 1669.05000 107.71000 15.56900 94.94100
23 6 21 12 09 28416.10000 33.20800000 1669.03000 107.64000 15.56900 94.94100
23 6 21 12 09 28416.00000 33.20800000 1668.38000 107.56000 15.56900 94.53500
23 6 21 12 10 28412.70000 33.20800000 1668.10000 107.56000 15.56900 94.53500
23 6 21 12 10 28416.10000 33.20800000 1668.76000 107.56000 15.56900 94.53500
23 6 21 12 11 28419.30000 33.20800000 1668.76000 107.59000 15.56900 94.53500
23 6 21 12 11 28422.70000 33.20800000 1668.76000 107.59000 15.56900 94.53500
23 6 21 12 12 28409.60000 33.20800000 1669.61000 107.55000 15.56900 94.53500
23 6 21 12 12 28414.70000 33.20800000 1671.73000 107.73000 15.56900 94.53500
23 6 21 12 12 28450.00000 33.20800000 1672.26000 107.73000 15.56900 94.53500
23 6 21 12 13 28450.00000 33.20800000 1671.90000 107.74000 15.56900 94.53500
23 6 21 12 13 28442.70000 33.00200000 1671.91000 107.74000 15.56900 94.53500
23 6 21 12 14 28442.80000 33.00200000 1671.91000 107.74000 15.56900 94.26800
23 6 21 12 14 28450.00000 33.00200000 1671.91000 107.74000 15.56900 94.26800
23 6 21 12 15 28442.80000 33.00200000 1671.91000 107.74000 15.56900 94.26800
23 6 21 12 15 28450.00000 33.00200000 1672.75000 107.74000 15.56900 94.26800
23 6 21 12 15 28489.00000 33.00200000 1672.75000 107.78000 15.56900 94.26800
23 6 21 12 16 28458.60000 33.00200000 1674.19000 107.73000 15.56900 94.57500
23 6 21 12 16 28458.60000 33.00200000 1674.19000 107.73000 15.56900 94.57500
23 6 21 12 17 28458.60000 33.00200000 1671.92000 107.73000 15.56900 94.57500
23 6 21 12 17 28426.40000 33.00200000 1671.91000 107.70000 15.56900 94.57500
23 6 21 12 18 28432.20000 33.00200000 1670.00000 107.69000 15.56900 94.29700
