M=[
15 4 21 05 08 52689.80000 18.26500000 2053.40000 229.32000 40.87700 202.12400
15 4 21 05 09 52685.30000 18.26500000 2053.06000 229.32000 40.87700 202.49300
15 4 21 05 09 52694.00000 18.26500000 2052.56000 229.00000 40.87700 202.49300
15 4 21 05 10 52695.10000 18.26500000 2052.19000 228.95000 40.87700 202.49300
15 4 21 05 10 52698.80000 18.26500000 2052.69000 228.58000 40.87700 202.49300
15 4 21 05 10 52698.90000 18.34500000 2052.50000 228.08000 40.87700 202.49300
15 4 21 05 11 52689.10000 18.34500000 2052.53000 228.18000 40.87700 202.58800
15 4 21 05 11 52692.80000 18.46300000 2053.30000 228.50000 40.87700 202.58800
15 4 21 05 12 52692.90000 18.49000000 2053.65000 228.68000 40.87700 202.58800
15 4 21 05 12 52678.50000 18.49300000 2053.02000 228.79000 40.87700 202.42400
15 4 21 05 13 52675.10000 18.49300000 2052.50000 228.67000 40.87700 202.24500
15 4 21 05 13 52690.90000 18.49300000 2053.49000 228.67000 40.87700 202.24500
15 4 21 05 13 52686.50000 18.49300000 2053.97000 228.67000 40.87700 202.24500
15 4 21 05 14 52687.60000 18.49300000 2053.79000 228.88000 40.87700 202.24500
15 4 21 05 14 52687.60000 18.49300000 2054.03000 228.88000 40.87700 202.24500
15 4 21 05 15 52659.70000 18.49300000 2053.64000 228.88000 40.87700 202.24500
15 4 21 05 15 52632.60000 18.49300000 2053.51000 228.51000 40.87700 202.24500
15 4 21 05 16 52610.00000 18.49300000 2050.23000 227.61000 40.87700 202.24500
15 4 21 05 16 52550.40000 18.49300000 2050.01000 227.42000 40.87700 202.24500
15 4 21 05 16 52550.50000 18.49300000 2050.00000 227.36000 40.87700 202.24500
15 4 21 05 17 52541.00000 18.28800000 2049.00000 227.48000 40.87700 202.24500
15 4 21 05 17 52522.60000 18.28800000 2048.48000 227.62000 40.87700 202.24500
15 4 21 05 18 52537.30000 18.28800000 2049.31000 227.78000 40.87700 202.24500
15 4 21 05 18 52563.40000 18.28800000 2049.32000 227.75000 40.87700 202.24500
15 4 21 05 19 52563.50000 18.28800000 2049.32000 227.66000 40.87700 202.24500
15 4 21 05 19 52514.10000 18.28800000 2047.94000 227.66000 40.87700 201.67200
15 4 21 05 19 52529.20000 18.28800000 2047.81000 227.39000 40.87700 201.67200
15 4 21 05 20 52522.10000 18.26100000 2046.51000 227.39000 40.87700 200.89000
15 4 21 05 20 52545.60000 18.26100000 2049.39000 227.64000 40.87700 200.89000
15 4 21 05 21 52559.90000 18.26100000 2049.39000 227.64000 40.87700 201.40600
15 4 21 05 21 52569.00000 18.26100000 2050.00000 227.64000 40.87700 201.40600
15 4 21 05 22 52560.10000 18.26100000 2049.88000 227.89000 40.87700 202.30100
15 4 21 05 22 52560.10000 18.26100000 2050.00000 227.89000 40.87700 202.29300
15 4 21 05 22 52566.00000 18.26100000 2049.99000 227.70000 40.87700 202.29300
15 4 21 05 23 52506.30000 18.26100000 2049.59000 227.61000 40.87700 202.29300
15 4 21 05 23 52506.40000 18.26100000 2047.26000 227.20000 40.87700 202.29300
15 4 21 05 24 52529.30000 18.26100000 2047.79000 227.20000 40.87700 202.29300
15 4 21 05 24 52506.50000 18.26100000 2047.79000 227.41000 40.87700 202.29300
15 4 21 05 25 52506.30000 18.26100000 2046.63000 227.50000 40.87700 202.29300
15 4 21 05 25 52506.30000 18.26100000 2046.64000 227.47000 40.87700 202.68500
15 4 21 05 25 52506.30000 18.26100000 2046.64000 227.37000 40.87700 202.68500
15 4 21 05 26 52523.70000 18.26100000 2047.79000 227.83000 40.87700 202.80600
15 4 21 05 26 52511.70000 18.26100000 2047.79000 227.83000 40.87700 202.80600
15 4 21 05 27 52511.80000 18.29100000 2047.78000 227.68000 40.87700 202.80600
15 4 21 05 27 52506.30000 18.29100000 2047.09000 227.68000 40.87700 202.80600
15 4 21 05 28 52506.30000 18.29100000 2047.77000 227.84000 40.87700 202.80600
15 4 21 05 28 52505.70000 18.29100000 2047.77000 227.55000 40.87700 202.75500
15 4 21 05 28 52500.30000 18.29100000 2047.45000 227.55000 40.87700 202.75500
15 4 21 05 29 52515.30000 18.29100000 2047.77000 227.78000 41.33200 202.02500
15 4 21 05 29 52515.40000 18.29100000 2047.78000 227.78000 41.33200 202.02500
15 4 21 05 30 52515.30000 18.29100000 2047.78000 227.58000 41.33200 202.09100
15 4 21 05 30 52510.10000 18.25200000 2047.78000 227.58000 41.33200 202.09100
15 4 21 05 31 52553.60000 18.25200000 2050.00000 227.58000 41.33200 202.09100
15 4 21 05 31 52553.60000 18.25200000 2050.00000 227.58000 41.33200 202.09100
15 4 21 05 31 52550.40000 18.25200000 2050.00000 227.72000 41.33200 202.09100
15 4 21 05 32 52550.50000 18.25200000 2049.10000 227.56000 41.33200 202.90600
15 4 21 05 32 52550.40000 18.25200000 2047.81000 227.56000 41.33200 202.90600
15 4 21 05 33 52525.30000 18.25200000 2048.54000 227.56000 41.33200 202.90600
15 4 21 05 33 52510.10000 18.25200000 2048.61000 227.51000 41.33200 202.90600
15 4 21 05 34 52510.10000 18.25200000 2048.91000 227.36000 41.33200 202.90600
15 4 21 05 34 52513.20000 18.25200000 2050.00000 227.70000 41.33200 202.90600
15 4 21 05 35 52531.10000 18.25200000 2049.90000 227.43000 41.33200 204.69700
15 4 21 05 35 52531.00000 18.25200000 2049.98000 227.43000 41.33200 204.97900
15 4 21 05 35 52545.60000 18.25200000 2050.00000 227.43000 41.33200 204.97900
15 4 21 05 36 52561.60000 18.25200000 2050.00000 227.43000 41.33200 204.34000
15 4 21 05 36 52566.90000 18.25200000 2050.00000 227.43000 41.33200 204.34000
15 4 21 05 37 52567.70000 18.25200000 2050.00000 227.73000 41.33200 205.15800
15 4 21 05 37 52572.50000 18.25200000 2051.98000 228.05000 40.93600 206.24400
15 4 21 05 38 52569.90000 18.25200000 2052.05000 228.05000 40.92800 207.01200
15 4 21 05 38 52580.40000 18.25200000 2054.89000 228.23000 40.92800 207.87000
15 4 21 05 38 52596.60000 18.25200000 2054.39000 228.13000 40.92800 208.42000
15 4 21 05 39 52595.00000 18.36800000 2055.00000 228.13000 40.92800 208.64700
15 4 21 05 39 52590.00000 18.39700000 2055.00000 228.18000 40.92800 207.26400
15 4 21 05 40 52590.00000 18.39700000 2055.75000 228.18000 40.92800 207.19900
15 4 21 05 40 52648.60000 18.39700000 2056.00000 228.48000 40.92800 207.72300
15 4 21 05 41 52648.30000 18.39700000 2057.75000 228.48000 40.92800 207.93000
15 4 21 05 41 52648.30000 18.39700000 2056.69000 228.48000 40.92800 206.73700
15 4 21 05 41 52618.40000 18.39700000 2055.72000 228.48000 40.92500 206.73700
15 4 21 05 42 52622.20000 18.39700000 2056.98000 228.64000 40.92500 207.08100
15 4 21 05 42 52635.00000 18.39700000 2058.10000 228.89000 40.92500 207.97900
15 4 21 05 43 52641.70000 18.39700000 2058.10000 229.09000 40.92500 206.79300
15 4 21 05 43 52648.30000 18.39700000 2059.62000 229.49000 40.92500 207.15100
15 4 21 05 44 52620.90000 18.39700000 2056.59000 229.05000 40.92500 207.15100
15 4 21 05 44 52614.50000 18.39700000 2056.68000 228.97000 40.92500 207.09100
15 4 21 05 44 52614.50000 18.39700000 2054.43000 228.57000 40.92900 206.47600
15 4 21 05 45 52614.40000 18.39700000 2054.87000 228.46000 40.90400 206.88200
15 4 21 05 45 52614.50000 18.39700000 2056.12000 228.46000 40.90400 207.64500
15 4 21 05 46 52618.50000 18.39700000 2056.58000 228.46000 40.90400 207.64500
15 4 21 05 46 52619.30000 18.39700000 2055.38000 228.72000 40.90400 207.69100
15 4 21 05 47 52619.40000 18.45200000 2055.80000 228.61000 40.90400 207.72900
15 4 21 05 47 52619.40000 18.45200000 2055.80000 228.73000 41.03000 207.99500
15 4 21 05 47 52643.80000 18.45900000 2055.80000 228.73000 41.03000 207.99500
15 4 21 05 48 52643.70000 18.45900000 2056.92000 229.07000 41.03000 207.69800
15 4 21 05 48 52648.30000 18.45900000 2057.00000 229.45000 41.03000 207.70900
15 4 21 05 49 52667.10000 18.45900000 2058.41000 229.61000 41.03000 207.11500
15 4 21 05 49 52667.10000 18.45900000 2058.59000 229.32000 41.03000 207.11500
15 4 21 05 50 52667.00000 18.45900000 2058.59000 229.26000 41.03000 207.11500
15 4 21 05 50 52667.00000 18.41900000 2057.71000 229.26000 41.03000 207.25900
15 4 21 05 50 52685.70000 18.41900000 2059.62000 229.66000 41.03000 207.25900
15 4 21 05 51 52758.40000 18.41900000 2061.61000 229.66000 41.03000 207.75000
15 4 21 05 51 52736.50000 18.41900000 2063.40000 229.86000 41.03000 207.75000
15 4 21 05 52 52784.60000 18.41900000 2063.33000 230.04000 41.03000 206.96900
