M=[
23 5 20 09 32 8440.70000 5.91700000 190.72000 40.56000 11.67000 43.11800
23 5 20 09 32 8442.20000 5.91700000 190.72000 40.56000 11.67000 43.47500
23 5 20 09 33 8445.50000 5.91700000 190.77000 40.56000 11.67000 43.47500
23 5 20 09 33 8445.90000 5.91700000 190.75000 40.56000 11.67000 43.47500
23 5 20 09 34 8445.80000 5.91700000 190.77000 40.56000 11.67000 43.47500
23 5 20 09 34 8447.60000 5.91700000 190.75000 40.56000 11.67000 43.47500
23 5 20 09 35 8448.30000 5.91700000 190.75000 40.56000 11.67000 43.47500
23 5 20 09 35 8448.20000 5.91700000 190.80000 40.56000 11.67000 43.38400
23 5 20 09 35 8448.90000 5.91700000 190.80000 40.56000 11.67000 43.47500
23 5 20 09 36 8447.80000 5.91700000 190.88000 40.60000 11.67000 43.47500
23 5 20 09 36 8448.30000 5.91700000 190.90000 40.60000 11.67000 43.47500
23 5 20 09 37 8449.00000 5.91700000 190.90000 40.60000 11.67000 43.47500
23 5 20 09 37 8448.90000 5.91700000 190.90000 40.60000 11.67000 43.45500
23 5 20 09 38 8449.00000 5.91700000 190.89000 40.60000 11.69900 43.47500
23 5 20 09 38 8450.90000 5.91700000 190.89000 40.60000 11.69900 43.45500
23 5 20 09 39 8450.30000 5.91700000 190.89000 40.60000 11.69900 43.45500
23 5 20 09 39 8452.10000 5.91700000 190.97000 40.60000 11.69900 43.45500
23 5 20 09 40 8452.60000 5.91700000 190.89000 40.60000 11.69900 43.47500
23 5 20 09 40 8450.30000 5.91700000 190.97000 40.60000 11.69900 43.45500
23 5 20 09 40 8450.40000 5.91700000 190.97000 40.60000 11.69900 43.47500
23 5 20 09 41 8450.00000 5.91700000 190.97000 40.60000 11.69900 43.45500
23 5 20 09 41 8450.10000 5.91700000 190.75000 40.60000 11.69900 43.45500
23 5 20 09 42 8450.10000 5.91700000 190.71000 40.60000 11.69900 43.11800
23 5 20 09 42 8449.10000 5.91700000 190.73000 40.56000 11.69900 43.45500
23 5 20 09 43 8446.00000 5.91700000 190.73000 40.56000 11.69900 43.45500
23 5 20 09 43 8445.90000 5.91700000 190.73000 40.56000 11.69900 43.45500
23 5 20 09 44 8437.20000 5.91700000 190.72000 40.56000 11.69900 43.45500
23 5 20 09 44 8439.20000 5.91700000 190.71000 40.56000 11.69900 43.45500
23 5 20 09 45 8436.10000 5.91700000 190.71000 40.60000 11.69900 43.45500
23 5 20 09 45 8433.70000 5.91700000 190.71000 40.51000 11.69900 43.47500
23 5 20 09 45 8433.00000 5.91700000 190.71000 40.51000 11.69900 43.45500
23 5 20 09 46 8431.80000 5.91700000 190.72000 40.51000 11.69900 43.45500
23 5 20 09 46 8433.20000 5.91700000 190.72000 40.51000 11.69900 43.45500
23 5 20 09 47 8433.30000 5.91700000 190.71000 40.50000 11.69900 43.45500
23 5 20 09 47 8433.40000 5.91700000 190.71000 40.50000 11.69900 43.45500
23 5 20 09 48 8433.70000 5.91700000 190.61000 40.50000 11.69900 43.45500
23 5 20 09 48 8433.70000 5.91700000 190.61000 40.50000 11.69900 43.45500
23 5 20 09 49 8439.30000 5.91700000 190.61000 40.50000 11.69900 43.45500
23 5 20 09 49 8436.10000 5.91700000 190.55000 40.50000 11.69900 43.45500
23 5 20 09 50 8439.20000 5.91700000 190.43000 40.50000 11.69900 43.47500
23 5 20 09 50 8438.80000 5.91700000 190.52000 40.50000 11.69900 43.45500
23 5 20 09 51 8437.80000 5.91700000 190.52000 40.50000 11.69900 43.45500
23 5 20 09 51 8435.60000 5.91700000 190.52000 40.50000 11.69900 43.45500
23 5 20 09 51 8435.20000 5.91700000 190.42000 40.50000 11.69900 43.45500
23 5 20 09 52 8434.50000 5.91700000 190.42000 40.50000 11.69900 43.45500
23 5 20 09 52 8438.50000 5.91700000 190.42000 40.50000 11.69900 43.45500
23 5 20 09 53 8437.00000 5.91700000 190.42000 40.50000 11.69900 43.45500
23 5 20 09 53 8437.30000 5.91700000 190.49000 40.50000 11.69900 43.45500
23 5 20 09 54 8428.10000 5.91700000 190.33000 40.60000 11.69900 43.45500
23 5 20 09 54 8432.10000 5.91700000 190.33000 40.50000 11.69900 43.45500
23 5 20 09 55 8428.00000 5.91700000 190.23000 40.50000 11.69900 43.45500
23 5 20 09 55 8428.10000 5.91700000 190.50000 40.45000 11.65000 43.45500
23 5 20 09 56 8425.00000 5.91700000 190.23000 40.45000 11.65000 43.45500
23 5 20 09 56 8417.00000 5.91700000 190.23000 40.45000 11.65000 43.45500
23 5 20 09 57 8418.80000 5.91700000 190.00000 40.45000 11.65000 43.45500
23 5 20 09 57 8411.40000 5.91700000 189.84000 40.40000 11.65000 43.45500
23 5 20 09 58 8390.00000 5.90700000 189.31000 40.33000 11.65000 43.47500
23 5 20 09 58 8393.30000 5.91700000 189.31000 40.33000 11.65000 43.45500
23 5 20 09 59 8393.10000 5.91700000 189.50000 40.33000 11.65000 43.45500
23 5 20 09 59 8402.60000 5.90700000 189.50000 40.30000 11.65000 43.45500
23 5 20 10 00 8400.00000 5.90700000 189.40000 40.30000 11.65000 43.45500
23 5 20 10 00 8395.00000 5.91700000 189.18000 40.28000 11.65000 42.98800
23 5 20 10 01 8391.20000 5.90700000 189.20000 40.28000 11.65000 42.98800
23 5 20 10 01 8391.80000 5.90700000 189.42000 40.28000 11.65000 42.98800
23 5 20 10 02 8400.90000 5.89300000 189.70000 40.28000 11.65000 42.98800
23 5 20 10 02 8402.30000 5.89300000 189.80000 40.28000 11.65000 42.98800
23 5 20 10 03 8398.80000 5.89300000 189.70000 40.28000 11.69900 42.98800
23 5 20 10 03 8404.10000 5.89300000 189.73000 40.35000 11.65000 42.98800
23 5 20 10 03 8409.60000 5.89300000 189.76000 40.31000 11.65000 42.98800
23 5 20 10 04 8409.60000 5.89300000 189.75000 40.31000 11.69900 42.98800
23 5 20 10 04 8409.50000 5.89300000 189.70000 40.31000 11.65000 43.07000
23 5 20 10 05 8390.20000 5.89300000 189.70000 40.31000 11.65000 43.07000
23 5 20 10 05 8387.10000 5.89300000 189.70000 40.31000 11.65000 43.07000
23 5 20 10 06 8385.00000 5.89300000 189.48000 40.31000 11.65000 43.07000
23 5 20 10 06 8377.80000 5.89300000 189.33000 40.26000 11.65000 43.07000
23 5 20 10 07 8375.00000 5.89300000 189.33000 40.25000 11.65000 43.07000
23 5 20 10 07 8375.00000 5.89300000 188.98000 40.25000 11.65000 43.07000
23 5 20 10 08 8375.00000 5.89300000 188.82000 40.25000 11.65000 42.98800
23 5 20 10 08 8385.70000 5.89300000 188.77000 40.25000 11.65000 43.07000
23 5 20 10 09 8379.90000 5.89300000 188.77000 40.25000 11.65000 43.07000
23 5 20 10 09 8385.30000 5.89300000 189.07000 40.25000 11.65000 42.90300
23 5 20 10 10 8386.00000 5.88100000 189.04000 40.22000 11.65000 42.90300
23 5 20 10 10 8377.60000 5.88100000 188.96000 40.22000 11.65000 42.90300
23 5 20 10 11 8375.70000 5.88100000 188.86000 40.22000 11.65000 42.90300
23 5 20 10 11 8371.70000 5.88100000 188.86000 40.22000 11.65000 42.91800
23 5 20 10 12 8370.30000 5.88100000 188.76000 40.22000 11.65000 42.91800
23 5 20 10 12 8364.50000 5.88100000 188.76000 40.22000 11.65000 42.91800
23 5 20 10 13 8371.00000 5.88100000 188.76000 40.22000 11.65000 42.91800
23 5 20 10 13 8377.30000 5.88100000 188.76000 40.22000 11.65000 42.91800
23 5 20 10 14 8378.30000 5.88100000 189.04000 40.22000 11.65000 42.91800
23 5 20 10 14 8374.00000 5.88100000 189.04000 40.22000 11.65000 42.91800
23 5 20 10 15 8379.70000 5.88100000 189.04000 40.22000 11.65000 42.91800
23 5 20 10 15 8376.80000 5.88100000 188.96000 40.22000 11.58000 42.91800
23 5 20 10 15 8379.60000 5.88100000 188.96000 40.22000 11.58000 42.91800
23 5 20 10 16 8376.10000 5.88100000 189.03000 40.22000 11.58000 42.91800
23 5 20 10 16 8380.00000 5.89000000 189.03000 40.22000 11.58000 42.93200
23 5 20 10 17 8380.00000 5.89000000 189.24000 40.22000 11.58000 42.93200
23 5 20 10 17 8384.30000 5.89000000 189.31000 40.22000 11.58000 42.93200
23 5 20 10 18 8387.30000 5.89000000 189.34000 40.45000 11.58000 42.93200
23 5 20 10 18 8389.40000 5.89000000 189.37000 40.25000 11.58000 42.93200
23 5 20 10 19 8392.20000 5.89000000 189.38000 40.26000 11.58000 42.93200
23 5 20 10 19 8393.70000 5.89000000 189.38000 40.26000 11.59200 43.07000
23 5 20 10 20 8391.00000 5.89000000 189.38000 40.29000 11.59200 42.93200
23 5 20 10 20 8391.10000 5.89000000 189.39000 40.29000 11.59200 43.07000
23 5 20 10 21 8376.60000 5.89000000 189.26000 40.29000 11.59200 42.93200
23 5 20 10 21 8378.10000 5.89000000 189.26000 40.29000 11.59200 42.93200
23 5 20 10 22 8375.90000 5.89000000 189.26000 40.25000 11.59200 42.98800
23 5 20 10 22 8375.70000 5.89000000 189.26000 40.25000 11.59200 42.93200
23 5 20 10 23 8375.60000 5.89000000 189.26000 40.28000 11.59200 42.93200
