M=[
11 11 20 10 38 13138.90000 4.34800000 391.18000 50.29000 13.60000 50.66600
11 11 20 10 38 13136.10000 4.34800000 391.28000 50.31000 13.60000 50.66600
11 11 20 10 39 13137.30000 4.34800000 391.29000 50.31000 13.60000 50.66600
11 11 20 10 39 13138.00000 4.34800000 391.29000 50.31000 13.60000 50.66600
11 11 20 10 39 13138.00000 4.34800000 391.29000 50.31000 13.60000 50.66600
11 11 20 10 40 13145.00000 4.34800000 391.50000 50.31000 13.60000 50.66600
11 11 20 10 40 13144.50000 4.34800000 391.79000 50.38000 13.60000 50.66600
11 11 20 10 41 13138.20000 4.34800000 391.79000 50.38000 13.60000 50.66600
11 11 20 10 41 13138.10000 4.34800000 391.74000 50.38000 13.60000 50.66600
11 11 20 10 42 13138.20000 4.34800000 391.75000 50.38000 13.60000 50.71000
11 11 20 10 42 13138.20000 4.34800000 391.75000 50.38000 13.60000 50.71000
11 11 20 10 42 13138.10000 4.34800000 391.79000 50.38000 13.60000 50.71000
11 11 20 10 43 13138.10000 4.34800000 391.76000 50.39000 13.60000 50.71000
11 11 20 10 43 13132.00000 4.34800000 391.76000 50.39000 13.60000 50.71000
11 11 20 10 44 13128.30000 4.34800000 391.74000 50.39000 13.60000 50.71000
11 11 20 10 44 13126.70000 4.34800000 391.29000 50.39000 13.60000 50.71000
11 11 20 10 45 13126.70000 4.34800000 391.00000 50.39000 13.60000 50.71000
11 11 20 10 45 13126.70000 4.34800000 391.31000 50.39000 13.60000 50.71000
11 11 20 10 45 13127.30000 4.34800000 391.79000 50.35000 13.60000 50.81500
11 11 20 10 46 13140.00000 4.34800000 391.80000 50.35000 13.60000 50.81500
11 11 20 10 46 13140.00000 4.34800000 391.79000 50.35000 13.60000 50.81500
11 11 20 10 47 13146.90000 4.34800000 391.78000 50.40000 13.60000 50.81500
11 11 20 10 47 13147.00000 4.34800000 391.92000 50.40000 13.60000 50.81500
11 11 20 10 48 13147.00000 4.34800000 391.39000 50.45000 13.60000 50.81500
11 11 20 10 48 13147.00000 4.34800000 391.69000 50.45000 13.60000 50.81500
11 11 20 10 48 13146.90000 4.34800000 391.89000 50.45000 13.60000 50.81500
11 11 20 10 49 13146.90000 4.34800000 391.82000 50.52000 13.60000 50.81500
11 11 20 10 49 13147.00000 4.34800000 391.82000 50.52000 13.79900 50.81500
11 11 20 10 50 13145.50000 4.34800000 391.89000 50.52000 13.79900 50.81500
11 11 20 10 50 13141.60000 4.34800000 391.40000 50.52000 13.79900 50.81500
11 11 20 10 51 13141.50000 4.34800000 391.59000 50.50000 13.79900 50.81500
11 11 20 10 51 13139.10000 4.34800000 391.56000 50.49000 13.79900 50.81500
11 11 20 10 51 13139.10000 4.34800000 391.56000 50.49000 13.79900 50.81500
11 11 20 10 52 13138.30000 4.34800000 391.56000 50.49000 13.79900 50.81500
11 11 20 10 52 13138.30000 4.34800000 391.33000 50.48000 13.79900 50.81500
11 11 20 10 53 13147.00000 4.34800000 391.81000 50.48000 13.79900 50.81500
11 11 20 10 53 13147.60000 4.34800000 392.02000 50.48000 13.79900 50.81500
11 11 20 10 54 13147.80000 4.34800000 392.12000 50.48000 13.79900 50.81500
11 11 20 10 54 13149.90000 4.34800000 392.06000 50.48000 13.79900 50.81500
11 11 20 10 54 13150.00000 4.34800000 391.91000 50.48000 13.61800 50.81500
11 11 20 10 55 13149.90000 4.34800000 391.91000 50.48000 13.61800 50.81500
11 11 20 10 55 13150.00000 4.34800000 392.15000 50.55000 13.61800 50.81500
11 11 20 10 56 13184.90000 4.34800000 392.58000 50.58000 13.61800 50.81500
11 11 20 10 56 13195.70000 4.34800000 393.10000 50.60000 13.61800 50.81500
11 11 20 10 56 13200.00000 4.34900000 393.56000 50.66000 13.61800 50.81500
11 11 20 10 57 13210.40000 4.34900000 393.45000 50.69000 13.61800 50.81500
11 11 20 10 57 13191.00000 4.34900000 393.20000 50.69000 13.61800 50.81500
11 11 20 10 58 13214.30000 4.34900000 393.49000 50.71000 13.61800 50.81500
11 11 20 10 58 13215.90000 4.34900000 393.63000 50.74000 13.61800 50.81500
11 11 20 10 59 13215.80000 4.35300000 393.63000 50.80000 13.61800 50.81500
11 11 20 10 59 13219.40000 4.35300000 393.64000 50.80000 13.61800 50.81500
11 11 20 10 59 13226.80000 4.35300000 393.91000 50.83000 13.61800 50.81500
11 11 20 11 00 13227.10000 4.35300000 393.68000 50.84000 13.61800 50.81500
11 11 20 11 00 13225.00000 4.35300000 393.55000 50.84000 13.61800 50.81500
11 11 20 11 01 13200.80000 4.35300000 393.10000 50.82000 13.61800 50.81500
11 11 20 11 01 13188.50000 4.35300000 392.51000 50.82000 13.61800 50.81500
11 11 20 11 02 13199.00000 4.35700000 393.18000 50.66000 13.61800 50.78000
11 11 20 11 02 13196.70000 4.35700000 393.42000 50.66000 13.61800 50.78000
11 11 20 11 02 13217.70000 4.35700000 393.71000 50.77000 13.61800 50.78000
11 11 20 11 03 13210.00000 4.35700000 393.50000 50.77000 13.61800 50.78000
11 11 20 11 03 13215.00000 4.35000000 393.61000 50.82000 13.61800 50.78000
11 11 20 11 04 13208.90000 4.35000000 393.63000 50.82000 13.61800 50.78000
11 11 20 11 04 13205.20000 4.35000000 393.50000 50.82000 13.61800 50.78000
11 11 20 11 05 13187.40000 4.35000000 393.03000 50.82000 13.61800 50.78000
11 11 20 11 05 13200.80000 4.35000000 393.09000 50.82000 13.61800 50.78000
11 11 20 11 05 13194.60000 4.35000000 393.14000 50.82000 13.61800 50.78000
11 11 20 11 06 13191.30000 4.35000000 392.72000 50.82000 13.61800 50.78000
11 11 20 11 06 13181.90000 4.35000000 392.56000 50.60000 13.61800 50.78000
11 11 20 11 07 13190.00000 4.35000000 392.87000 50.60000 13.61800 50.78000
11 11 20 11 07 13190.10000 4.35000000 392.56000 50.60000 13.61800 50.78000
11 11 20 11 08 13190.10000 4.35000000 392.56000 50.57000 13.61800 50.78000
11 11 20 11 08 13190.10000 4.35000000 392.50000 50.55000 13.61800 50.78000
11 11 20 11 08 13183.40000 4.35000000 392.31000 50.55000 13.61800 50.78000
11 11 20 11 09 13174.70000 4.35000000 392.31000 50.55000 13.61800 50.78000
11 11 20 11 09 13186.10000 4.35000000 392.31000 50.55000 13.61800 50.78000
11 11 20 11 10 13190.00000 4.35000000 392.45000 50.55000 13.61800 50.78000
11 11 20 11 10 13195.00000 4.35000000 392.53000 50.55000 13.61800 50.78000
11 11 20 11 11 13197.90000 4.35000000 392.30000 50.55000 13.61800 50.78000
11 11 20 11 11 13194.30000 4.35000000 392.20000 50.55000 13.55200 50.78000
11 11 20 11 11 13198.90000 4.35000000 392.20000 50.55000 13.55200 50.78000
11 11 20 11 12 13198.90000 4.35000000 392.54000 50.60000 13.55200 50.78000
11 11 20 11 12 13200.00000 4.35000000 392.55000 50.60000 13.55200 50.88000
11 11 20 11 13 13206.50000 4.35000000 392.33000 50.60000 13.55200 50.88000
11 11 20 11 13 13205.10000 4.35000000 392.33000 50.60000 13.55200 50.88000
11 11 20 11 14 13199.40000 4.35000000 392.32000 50.60000 13.55200 50.88000
11 11 20 11 14 13197.00000 4.35000000 392.33000 50.60000 13.55200 50.88000
11 11 20 11 14 13197.10000 4.35000000 392.33000 50.58000 13.55200 50.88000
11 11 20 11 15 13197.10000 4.35000000 392.33000 50.58000 13.55200 50.88000
11 11 20 11 15 13200.70000 4.35000000 392.33000 50.58000 13.55200 50.88000
11 11 20 11 16 13199.00000 4.35000000 392.33000 50.58000 13.55200 50.88000
11 11 20 11 16 13200.90000 4.35000000 392.10000 50.62000 13.55200 50.97900
11 11 20 11 17 13196.20000 4.35000000 392.11000 50.62000 13.55200 50.97900
11 11 20 11 17 13200.00000 4.35000000 392.11000 50.63000 13.55200 50.97900
11 11 20 11 17 13200.00000 4.35000000 392.46000 50.63000 13.55200 50.97900
11 11 20 11 18 13201.90000 4.35000000 392.35000 50.63000 13.55200 50.97900
11 11 20 11 18 13201.90000 4.35000000 392.32000 50.63000 13.55200 51.09000
11 11 20 11 19 13203.60000 4.35000000 392.29000 50.63000 13.55200 51.09000
11 11 20 11 19 13201.80000 4.35000000 392.29000 50.63000 13.55200 51.09000
11 11 20 11 20 13211.40000 4.35000000 392.45000 50.63000 13.55200 51.09000
11 11 20 11 20 13218.00000 4.35000000 392.59000 50.70000 13.69100 51.09000
11 11 20 11 20 13219.90000 4.35000000 392.59000 50.70000 13.69100 51.09000
11 11 20 11 21 13219.20000 4.35000000 392.75000 50.65000 13.69100 51.09000
11 11 20 11 21 13220.00000 4.35000000 392.93000 50.65000 13.69100 51.09000
11 11 20 11 22 13220.00000 4.35000000 392.80000 50.69000 13.69100 51.09000
11 11 20 11 22 13220.00000 4.35000000 392.55000 50.69000 13.69100 51.09000
11 11 20 11 23 13221.90000 4.35000000 392.48000 50.69000 13.69100 51.09000
