M=[
22 4 21 01 30 45237.10000 28.03700000 2028.60000 217.79000 33.91900 199.87600
22 4 21 01 30 45231.10000 28.03700000 2029.60000 217.80000 33.91900 199.87600
22 4 21 01 30 45247.90000 28.03700000 2028.33000 217.70000 33.91900 199.87600
22 4 21 01 31 45224.20000 28.03700000 2024.05000 217.70000 33.91900 199.87600
22 4 21 01 31 45224.20000 28.03700000 2024.05000 217.70000 33.91900 199.87600
22 4 21 01 32 45216.10000 28.03700000 2022.35000 217.50000 33.91900 199.87600
22 4 21 01 32 45216.10000 28.03700000 2023.11000 217.50000 33.91900 199.87600
22 4 21 01 33 45242.70000 28.03700000 2024.08000 217.50000 33.91900 199.87600
22 4 21 01 33 45222.50000 28.03700000 2023.68000 217.50000 33.91900 199.87600
22 4 21 01 33 45222.50000 27.95300000 2022.94000 217.50000 33.91900 199.87600
22 4 21 01 34 45193.20000 27.95300000 2020.91000 217.50000 33.91900 199.87600
22 4 21 01 34 45183.90000 27.95300000 2019.13000 217.50000 33.91900 199.41900
22 4 21 01 35 45183.90000 27.95300000 2019.57000 217.13000 33.91900 199.41900
22 4 21 01 35 45224.00000 27.95300000 2019.67000 217.13000 33.91900 199.41900
22 4 21 01 36 45234.00000 27.95300000 2022.90000 217.13000 33.91900 199.41900
22 4 21 01 36 45234.00000 27.95300000 2022.06000 217.13000 33.91900 199.41900
22 4 21 01 36 45238.70000 27.95300000 2022.06000 217.67000 33.91900 199.41900
22 4 21 01 37 45238.70000 27.95300000 2021.19000 217.32000 33.91900 199.41900
22 4 21 01 37 45238.70000 27.95300000 2021.18000 217.32000 33.91900 199.41900
22 4 21 01 38 45212.20000 27.91700000 2019.57000 217.32000 33.91900 199.41900
22 4 21 01 38 45188.80000 27.81300000 2018.44000 216.49000 33.91900 199.41900
22 4 21 01 39 45157.80000 27.81300000 2016.75000 216.48000 33.91900 198.86700
22 4 21 01 39 45178.90000 27.81300000 2018.74000 216.48000 33.91900 198.86700
22 4 21 01 39 45178.90000 27.81300000 2018.74000 216.48000 33.91900 198.86700
22 4 21 01 40 45157.80000 27.81300000 2018.74000 216.62000 33.48700 198.86700
22 4 21 01 40 45157.70000 27.81300000 2017.69000 216.62000 33.48700 198.86700
22 4 21 01 41 45140.60000 27.81300000 2015.76000 216.62000 33.48700 198.86700
22 4 21 01 41 45140.60000 27.81300000 2014.57000 216.10000 33.48700 198.86700
22 4 21 01 42 45140.60000 27.81300000 2014.92000 216.32000 33.48700 198.86700
22 4 21 01 42 45140.60000 27.81300000 2017.31000 216.32000 33.48700 198.86700
22 4 21 01 42 45185.80000 27.81300000 2018.98000 216.32000 33.48700 198.86700
22 4 21 01 43 45167.70000 27.81300000 2020.38000 215.99000 33.48700 198.86700
22 4 21 01 43 45177.10000 27.81300000 2020.65000 215.99000 33.48700 198.86700
22 4 21 01 44 45181.80000 27.81300000 2022.90000 215.99000 33.48700 198.86700
22 4 21 01 44 45181.80000 27.81300000 2023.51000 215.99000 33.48700 198.86700
22 4 21 01 45 45167.00000 27.81300000 2020.01000 215.99000 33.48700 198.86700
22 4 21 01 45 45167.10000 27.81300000 2020.01000 215.99000 33.48700 198.86700
22 4 21 01 45 45195.70000 27.81300000 2022.00000 215.99000 33.48700 198.86700
22 4 21 01 46 45195.80000 27.81300000 2023.03000 215.99000 33.48700 198.86700
22 4 21 01 46 45198.30000 27.81300000 2023.03000 215.99000 33.48700 198.86700
22 4 21 01 47 45214.00000 27.81300000 2024.31000 215.99000 33.48700 198.86700
22 4 21 01 47 45214.00000 27.81300000 2024.07000 215.99000 33.48700 198.86700
22 4 21 01 48 45214.00000 27.81300000 2024.98000 215.99000 33.48700 198.86700
22 4 21 01 48 45249.60000 27.81300000 2025.26000 215.99000 33.48700 199.46300
22 4 21 01 48 45249.60000 27.81300000 2024.80000 215.99000 33.48700 199.46300
22 4 21 01 49 45216.40000 27.81300000 2024.27000 215.99000 33.48700 199.46300
22 4 21 01 49 45242.60000 27.81300000 2025.62000 215.99000 33.48700 199.46300
22 4 21 01 50 45214.20000 27.81300000 2022.31000 215.99000 33.48700 199.46300
22 4 21 01 50 45214.10000 27.81300000 2022.31000 215.99000 33.48700 199.46300
22 4 21 01 51 45214.20000 27.81300000 2022.73000 215.99000 33.48700 199.46300
22 4 21 01 51 45214.10000 27.81300000 2023.84000 215.99000 33.48700 199.46300
22 4 21 01 51 45214.10000 27.81300000 2023.65000 215.99000 33.48700 199.46300
22 4 21 01 52 45214.10000 27.81300000 2023.65000 215.99000 33.45000 199.46300
22 4 21 01 52 45214.10000 27.73000000 2023.64000 215.99000 33.45000 199.46300
22 4 21 01 53 45214.20000 27.73000000 2023.64000 216.07000 33.45000 199.46300
22 4 21 01 53 45214.20000 27.73000000 2017.42000 215.93000 33.45000 199.46300
22 4 21 01 54 45140.50000 27.73000000 2014.03000 215.42000 33.45000 199.46300
22 4 21 01 54 45140.50000 27.73000000 2014.03000 215.15000 33.45000 199.46300
22 4 21 01 54 45050.30000 27.73000000 2010.20000 214.90000 33.45000 199.46300
22 4 21 01 55 45011.60000 27.47100000 2008.16000 214.36000 33.45000 199.46300
22 4 21 01 55 45027.20000 27.47100000 2009.55000 214.48000 33.45000 199.46300
22 4 21 01 56 45012.50000 27.47100000 2008.99000 214.48000 33.45000 199.46300
22 4 21 01 56 45024.70000 27.47100000 2008.99000 214.22000 33.45000 199.46300
22 4 21 01 57 45064.40000 27.47100000 2011.05000 214.59000 33.45000 199.46300
22 4 21 01 57 45069.70000 27.47100000 2013.55000 214.64000 33.45000 199.46300
22 4 21 01 57 45069.70000 27.47100000 2013.56000 214.64000 33.45000 199.46300
22 4 21 01 58 45011.60000 27.53200000 2008.16000 213.88000 33.45000 197.99600
22 4 21 01 58 44968.10000 27.53200000 2002.61000 213.39000 33.45000 197.99600
22 4 21 01 59 44964.50000 27.53200000 2002.62000 213.39000 33.45000 197.99600
22 4 21 01 59 44923.80000 27.53200000 2002.62000 213.56000 33.45000 197.99600
22 4 21 02 00 44843.30000 27.53200000 1994.66000 213.56000 33.45000 197.99600
22 4 21 02 00 44795.70000 27.32900000 1993.35000 212.76000 33.45000 195.94700
22 4 21 02 00 44713.10000 27.32900000 1984.52000 212.34000 33.45000 195.94700
22 4 21 02 01 44760.60000 27.32900000 1987.00000 212.14000 33.45000 195.94700
22 4 21 02 01 44694.10000 27.32900000 1984.71000 211.74000 33.45000 195.94700
22 4 21 02 02 44657.90000 27.18800000 1980.20000 211.73000 33.45000 195.94700
22 4 21 02 02 44564.90000 27.11200000 1978.98000 211.12000 33.45000 195.94700
22 4 21 02 03 44608.30000 27.11200000 1980.07000 211.66000 33.46700 195.43200
22 4 21 02 03 44634.80000 27.11200000 1983.66000 211.66000 33.46700 195.43200
22 4 21 02 03 44613.80000 27.11200000 1983.66000 212.20000 33.46700 195.43200
22 4 21 02 04 44550.90000 27.11200000 1977.54000 211.67000 33.44100 194.96900
22 4 21 02 04 44525.70000 27.11200000 1974.69000 211.86000 33.44100 194.96900
22 4 21 02 05 44497.60000 27.11200000 1976.86000 211.51000 33.44100 194.96900
22 4 21 02 05 44532.30000 27.11200000 1981.12000 212.14000 33.44100 194.96900
22 4 21 02 06 44521.10000 27.11200000 1981.12000 211.91000 33.44100 195.71000
22 4 21 02 06 44568.10000 27.11200000 1981.12000 212.18000 33.44100 195.71000
22 4 21 02 06 44497.50000 27.12300000 1979.33000 211.07000 33.44100 195.71000
22 4 21 02 07 44400.00000 27.04400000 1972.56000 210.48000 33.44100 195.71000
22 4 21 02 07 44434.50000 27.04400000 1972.56000 211.28000 33.44100 195.71000
22 4 21 02 08 44337.70000 27.00800000 1967.27000 211.01000 33.44100 195.71000
22 4 21 02 08 44367.40000 27.00800000 1971.57000 211.01000 33.44100 195.71000
22 4 21 02 09 44231.50000 27.00800000 1965.68000 210.96000 33.44100 195.71000
22 4 21 02 09 44013.00000 26.80100000 1957.38000 210.06000 33.00000 195.71000
22 4 21 02 10 44034.50000 26.80100000 1959.74000 210.53000 33.00000 194.31000
22 4 21 02 10 43962.60000 26.73600000 1954.44000 210.53000 33.00000 194.31000
22 4 21 02 10 43832.00000 26.71500000 1950.01000 209.22000 33.00000 194.31000
22 4 21 02 11 43845.70000 26.71500000 1952.39000 209.56000 33.00000 194.31000
22 4 21 02 11 43832.40000 26.71500000 1956.99000 209.80000 33.00000 194.31000
22 4 21 02 12 43981.40000 26.81500000 1965.50000 210.95000 33.00000 194.31000
22 4 21 02 12 44072.40000 27.03300000 1968.24000 211.49000 33.00000 194.31000
22 4 21 02 13 44094.40000 27.03300000 1970.41000 211.49000 33.00000 194.31000
22 4 21 02 13 44004.40000 26.97400000 1965.39000 211.40000 33.00000 194.31000
