M=[
25 7 20 19 34 8314.90000 5.70100000 254.81000 41.59000 19.86400 56.04700
25 7 20 19 34 8314.90000 5.70100000 254.66000 41.59000 19.86400 56.04700
25 7 20 19 35 8314.40000 5.70100000 254.62000 41.59000 19.86400 56.04700
25 7 20 19 35 8314.90000 5.70100000 254.62000 41.59000 19.86400 56.04700
25 7 20 19 35 8314.90000 5.70100000 254.77000 41.59000 19.86400 56.04700
25 7 20 19 36 8314.90000 5.70100000 254.78000 41.59000 19.86400 56.04700
25 7 20 19 36 8314.80000 5.70100000 254.86000 41.59000 19.86400 56.04700
25 7 20 19 37 8314.80000 5.70100000 254.85000 41.59000 19.86400 56.04700
25 7 20 19 37 8314.90000 5.70100000 255.00000 41.59000 19.86400 56.04700
25 7 20 19 38 8314.90000 5.70100000 254.91000 41.59000 19.86400 56.04700
25 7 20 19 38 8314.80000 5.72500000 254.84000 41.59000 19.86400 56.04700
25 7 20 19 39 8314.90000 5.72500000 254.84000 41.58000 19.86400 56.04700
25 7 20 19 39 8314.90000 5.72500000 254.85000 41.59000 19.86400 56.04700
25 7 20 19 39 8314.90000 5.72500000 254.86000 41.59000 19.86400 56.04700
25 7 20 19 40 8314.90000 5.72500000 254.87000 41.59000 19.86400 56.04700
25 7 20 19 40 8314.80000 5.72500000 254.86000 41.59000 19.86400 56.04700
25 7 20 19 41 8314.90000 5.72500000 254.76000 41.59000 19.86400 56.04700
25 7 20 19 41 8314.90000 5.72500000 254.75000 41.63000 19.86400 56.04700
25 7 20 19 42 8314.90000 5.72500000 254.73000 41.63000 19.86400 55.75900
25 7 20 19 42 8314.80000 5.72500000 254.76000 41.63000 19.86400 55.75900
25 7 20 19 42 8314.90000 5.72500000 254.67000 41.63000 19.86400 55.75900
25 7 20 19 43 8316.20000 5.72500000 254.76000 41.63000 19.86400 55.86000
25 7 20 19 43 8316.20000 5.72500000 254.64000 41.63000 19.86400 55.86000
25 7 20 19 44 8314.10000 5.72500000 254.33000 41.63000 19.86400 55.86000
25 7 20 19 44 8314.00000 5.72500000 254.38000 41.63000 19.86400 55.86000
25 7 20 19 45 8314.10000 5.72500000 254.38000 41.63000 19.86400 55.86000
25 7 20 19 45 8314.80000 5.72500000 254.33000 41.64000 19.86400 55.86000
25 7 20 19 46 8316.20000 5.72500000 254.23000 41.65000 19.86400 55.86000
25 7 20 19 46 8316.10000 5.72500000 254.46000 41.69000 19.86400 55.86000
25 7 20 19 46 8316.20000 5.72500000 254.59000 41.69000 19.86400 55.86000
25 7 20 19 47 8317.80000 5.72500000 254.85000 41.69000 19.86400 55.86000
25 7 20 19 47 8316.50000 5.72500000 254.62000 41.69000 19.86400 55.86000
25 7 20 19 48 8319.10000 5.72500000 254.87000 41.69000 19.86400 55.86000
25 7 20 19 48 8319.10000 5.72500000 254.87000 41.69000 19.86400 55.86000
25 7 20 19 49 8319.60000 5.71100000 254.86000 41.69000 19.86400 55.86000
25 7 20 19 49 8319.60000 5.71900000 254.86000 41.69000 19.86400 55.86000
25 7 20 19 50 8319.60000 5.71900000 254.86000 41.69000 19.86400 55.86000
25 7 20 19 50 8318.70000 5.71900000 254.74000 41.69000 19.86400 55.86000
25 7 20 19 51 8319.90000 5.71900000 254.84000 41.69000 19.86400 55.86000
25 7 20 19 51 8318.90000 5.71900000 254.74000 41.69000 19.86400 55.86000
25 7 20 19 51 8319.00000 5.71900000 254.74000 41.72000 19.86400 55.86000
25 7 20 19 52 8319.10000 5.71900000 254.61000 41.72000 19.86400 55.86000
25 7 20 19 52 8319.10000 5.71000000 254.50000 41.67000 19.86400 55.86000
25 7 20 19 53 8316.10000 5.71000000 254.28000 41.67000 19.86400 55.86000
25 7 20 19 53 8314.10000 5.71000000 254.27000 41.67000 19.97700 55.86000
25 7 20 19 54 8314.10000 5.71000000 254.27000 41.67000 19.97700 55.86000
25 7 20 19 54 8314.00000 5.71000000 254.57000 41.67000 19.97700 55.86000
25 7 20 19 55 8310.20000 5.71000000 254.51000 41.67000 19.97700 55.86000
25 7 20 19 55 8311.40000 5.71000000 254.62000 41.67000 19.97700 55.86000
25 7 20 19 56 8314.00000 5.71000000 254.86000 41.67000 19.97700 55.86000
25 7 20 19 56 8314.10000 5.71000000 254.78000 41.67000 19.98100 55.86000
25 7 20 19 57 8315.00000 5.71000000 254.86000 41.67000 19.98100 55.86000
25 7 20 19 57 8315.00000 5.71000000 254.86000 41.71000 19.98100 55.86000
25 7 20 19 57 8314.90000 5.71000000 254.87000 41.71000 19.98100 55.86000
25 7 20 19 58 8315.00000 5.70300000 254.88000 41.71000 19.98100 55.86000
25 7 20 19 58 8315.00000 5.70300000 255.00000 41.71000 19.98100 55.86000
25 7 20 19 59 8314.90000 5.70300000 255.00000 41.71000 19.98100 55.86000
25 7 20 19 59 8313.70000 5.70300000 255.00000 41.71000 19.98100 55.86000
25 7 20 20 00 8314.90000 5.70300000 255.00000 41.71000 19.98100 55.86000
25 7 20 20 00 8316.40000 5.72300000 255.15000 41.71000 19.98100 55.86000
25 7 20 20 01 8315.10000 5.73100000 255.01000 41.71000 19.98100 55.86000
25 7 20 20 01 8315.00000 5.73100000 255.10000 41.71000 19.98100 55.86000
25 7 20 20 02 8315.50000 5.73100000 255.21000 41.66000 19.98100 55.86000
25 7 20 20 02 8316.20000 5.73100000 255.17000 41.66000 19.98100 55.86000
25 7 20 20 02 8314.30000 5.73100000 255.16000 41.68000 19.98100 55.86000
25 7 20 20 03 8315.90000 5.73900000 255.16000 41.68000 19.98100 55.86000
25 7 20 20 03 8316.00000 5.73900000 255.01000 41.64000 19.98100 55.86000
25 7 20 20 04 8315.90000 5.73900000 255.16000 41.65000 19.98100 55.86000
25 7 20 20 04 8316.00000 5.73900000 255.17000 41.70000 19.98100 55.86000
25 7 20 20 05 8316.00000 5.73900000 255.42000 41.74000 19.98100 55.86000
25 7 20 20 05 8316.00000 5.73900000 255.42000 41.74000 19.98100 55.86000
25 7 20 20 06 8316.00000 5.73900000 255.34000 41.74000 19.98100 55.86000
25 7 20 20 06 8315.90000 5.73900000 255.32000 41.74000 19.98100 55.86000
25 7 20 20 06 8315.90000 5.73900000 255.09000 41.74000 19.98100 55.86000
25 7 20 20 07 8315.90000 5.73900000 255.09000 41.67000 19.98100 55.86000
25 7 20 20 07 8316.00000 5.73900000 255.03000 41.67000 19.98100 55.86000
25 7 20 20 08 8315.90000 5.73900000 255.22000 41.67000 19.98100 55.86000
25 7 20 20 08 8315.90000 5.73900000 255.30000 41.67000 19.98100 55.86000
25 7 20 20 09 8315.90000 5.73900000 255.18000 41.67000 19.98100 55.83500
25 7 20 20 09 8315.90000 5.73900000 255.18000 41.67000 20.05200 55.83500
25 7 20 20 10 8316.00000 5.73900000 255.45000 41.67000 20.05200 55.83500
25 7 20 20 10 8316.00000 5.73900000 255.41000 41.67000 20.05200 55.83500
25 7 20 20 11 8316.00000 5.74100000 255.47000 41.71000 20.05200 55.83500
25 7 20 20 11 8316.00000 5.76100000 255.48000 41.78000 20.05200 55.83500
25 7 20 20 11 8316.00000 5.76100000 255.48000 41.78000 20.05200 55.83500
25 7 20 20 12 8315.90000 5.76100000 255.50000 41.70000 20.05200 55.83500
25 7 20 20 12 8316.00000 5.76100000 255.64000 41.70000 20.05200 55.83500
25 7 20 20 13 8316.90000 5.76100000 256.28000 41.70000 20.05200 55.83500
25 7 20 20 13 8318.00000 5.76100000 256.27000 41.70000 20.05200 55.83500
25 7 20 20 14 8319.90000 5.76000000 256.68000 41.70000 20.05200 55.83500
25 7 20 20 14 8319.90000 5.76000000 256.54000 41.70000 20.05200 55.83600
25 7 20 20 15 8319.40000 5.76000000 256.31000 41.70000 20.05200 55.83600
25 7 20 20 15 8319.90000 5.76000000 256.60000 41.70000 20.05200 55.83600
25 7 20 20 16 8319.80000 5.76000000 256.53000 41.73000 20.05200 55.83600
25 7 20 20 16 8319.60000 5.76000000 256.34000 41.73000 20.05200 55.83600
25 7 20 20 17 8319.00000 5.76000000 256.16000 41.69000 20.05200 55.83600
25 7 20 20 17 8319.20000 5.76000000 256.29000 41.69000 20.05200 55.83600
25 7 20 20 17 8319.80000 5.76000000 256.38000 41.73000 20.05200 55.83600
25 7 20 20 18 8319.20000 5.76000000 256.42000 41.73000 20.05200 55.83600
25 7 20 20 18 8319.90000 5.76000000 256.39000 41.71000 20.05200 55.83600
25 7 20 20 19 8319.90000 5.73800000 256.29000 41.71000 20.05200 55.83600
25 7 20 20 19 8319.60000 5.73800000 256.29000 41.71000 20.05200 55.83600
25 7 20 20 20 8319.60000 5.73800000 255.98000 41.71000 20.05200 55.83600
25 7 20 20 20 8319.90000 5.73800000 256.13000 41.70000 20.05200 55.83600
25 7 20 20 21 8319.90000 5.73800000 256.27000 41.70000 20.05200 55.88000
25 7 20 20 21 8319.90000 5.73800000 256.37000 41.70000 20.05200 55.88000
25 7 20 20 22 8319.90000 5.73800000 256.44000 41.70000 20.05200 55.88000
25 7 20 20 22 8319.90000 5.73800000 256.53000 41.70000 20.05200 55.88000
25 7 20 20 22 8319.90000 5.73800000 256.20000 41.70000 20.05200 55.88000
