M=[
 9 4 21 13 27 49348.00000 16.05400000 1749.88000 190.54000 41.80800 163.73600
 9 4 21 13 28 49348.00000 16.05400000 1750.20000 190.54000 41.80800 163.73600
 9 4 21 13 28 49351.00000 16.03300000 1750.33000 190.71000 41.80800 163.73600
 9 4 21 13 29 49389.00000 16.03300000 1751.49000 190.63000 41.80800 163.73600
 9 4 21 13 29 49372.30000 16.03300000 1750.07000 190.63000 41.80800 163.73600
 9 4 21 13 29 49372.60000 16.03700000 1750.44000 190.61000 41.80800 163.73600
 9 4 21 13 30 49360.40000 16.03700000 1750.31000 190.38000 41.80800 163.73600
 9 4 21 13 30 49359.90000 16.03700000 1750.30000 190.38000 41.80800 163.73600
 9 4 21 13 31 49355.20000 16.03700000 1750.30000 190.81000 41.80800 163.73600
 9 4 21 13 31 49366.30000 16.03700000 1751.25000 190.81000 41.80800 163.73600
 9 4 21 13 32 49380.00000 16.03700000 1751.22000 190.99000 41.80800 163.73600
 9 4 21 13 32 49376.10000 16.03700000 1751.28000 190.98000 41.80800 163.50600
 9 4 21 13 32 49387.90000 16.03700000 1751.67000 190.98000 41.80800 163.50600
 9 4 21 13 33 49388.00000 16.03700000 1751.64000 190.98000 41.80800 163.50600
 9 4 21 13 33 49388.00000 16.03700000 1751.45000 190.99000 41.80800 163.50600
 9 4 21 13 34 49372.80000 16.03700000 1751.60000 190.86000 41.80800 163.74300
 9 4 21 13 34 49389.10000 16.03700000 1751.71000 190.86000 41.80800 163.74300
 9 4 21 13 35 49389.00000 16.03700000 1751.71000 190.86000 41.80800 163.74300
 9 4 21 13 35 49389.10000 16.03700000 1751.71000 190.86000 41.80800 163.74300
 9 4 21 13 35 49389.10000 16.03700000 1751.72000 190.86000 41.80800 163.74300
 9 4 21 13 36 49389.10000 16.07500000 1753.89000 191.23000 41.80800 163.74300
 9 4 21 13 36 49425.50000 16.07500000 1753.78000 191.26000 41.80800 163.74300
 9 4 21 13 37 49438.20000 16.07500000 1753.90000 191.26000 41.80800 163.74300
 9 4 21 13 37 49446.00000 16.07500000 1754.54000 191.56000 41.80800 163.74300
 9 4 21 13 38 49491.40000 16.07500000 1755.30000 191.55000 41.80800 163.95000
 9 4 21 13 38 49490.70000 16.07900000 1755.30000 191.58000 41.80800 163.95000
 9 4 21 13 38 49450.00000 16.07900000 1754.84000 191.50000 41.80800 163.95000
 9 4 21 13 39 49463.60000 16.07900000 1754.35000 191.23000 41.80800 163.95000
 9 4 21 13 39 49472.90000 16.07900000 1755.92000 191.23000 41.80800 163.95000
 9 4 21 13 40 49466.70000 16.07900000 1755.67000 191.22000 41.80800 163.64300
 9 4 21 13 40 49473.00000 16.07900000 1756.43000 191.22000 41.80800 163.64300
 9 4 21 13 41 49470.10000 16.08500000 1756.35000 191.22000 41.80800 163.64300
 9 4 21 13 41 49496.00000 16.08500000 1756.71000 191.22000 41.80800 163.64300
 9 4 21 13 41 49500.00000 16.08500000 1757.02000 191.46000 41.80800 164.00000
 9 4 21 13 42 49500.00000 16.08500000 1757.22000 191.46000 41.80800 164.00000
 9 4 21 13 42 49498.60000 16.08500000 1757.15000 191.46000 41.80800 164.00000
 9 4 21 13 43 49476.00000 16.08500000 1753.50000 191.46000 41.80800 164.00000
 9 4 21 13 43 49490.80000 16.08500000 1753.39000 191.46000 41.80800 164.00000
 9 4 21 13 44 49486.20000 16.08500000 1753.74000 191.35000 41.80800 164.00000
 9 4 21 13 44 49481.80000 16.05300000 1753.82000 191.43000 41.80800 163.66000
 9 4 21 13 44 49461.00000 16.05300000 1754.00000 191.49000 41.80800 163.66000
 9 4 21 13 45 49454.60000 16.05500000 1753.45000 191.49000 41.80800 163.66000
 9 4 21 13 45 49478.30000 16.05500000 1753.80000 191.50000 41.80800 164.00000
 9 4 21 13 46 49473.00000 16.05500000 1754.07000 191.47000 41.80800 164.03300
 9 4 21 13 46 49481.40000 16.05500000 1753.98000 191.51000 41.80800 164.03300
 9 4 21 13 47 49452.70000 16.05500000 1753.38000 191.19000 41.80800 164.03300
 9 4 21 13 47 49450.00000 16.05500000 1751.82000 191.19000 41.80800 164.03300
 9 4 21 13 47 49434.80000 16.05500000 1752.19000 191.19000 41.80800 164.03300
 9 4 21 13 48 49434.70000 16.06200000 1751.79000 191.05000 41.80800 164.01100
 9 4 21 13 48 49236.00000 16.06200000 1748.11000 190.45000 41.80800 164.01100
 9 4 21 13 49 49240.10000 16.06200000 1748.11000 190.15000 41.80800 163.00000
 9 4 21 13 49 49210.80000 16.06200000 1745.72000 190.00000 41.80800 163.00000
 9 4 21 13 50 49269.10000 16.06200000 1748.70000 190.53000 41.80800 163.00000
 9 4 21 13 50 49275.70000 16.06200000 1747.99000 190.45000 41.80800 163.00000
 9 4 21 13 50 49273.30000 16.06200000 1749.05000 190.45000 41.40000 163.00000
 9 4 21 13 51 49268.70000 16.06200000 1748.81000 190.45000 41.40000 163.00000
 9 4 21 13 51 49310.70000 16.06200000 1750.53000 190.64000 41.40000 163.00000
 9 4 21 13 52 49288.70000 16.06200000 1750.53000 190.76000 41.40000 163.00000
 9 4 21 13 52 49283.60000 16.06200000 1751.27000 190.67000 41.40000 163.00000
 9 4 21 13 53 49302.10000 16.06200000 1751.78000 190.67000 41.40000 163.00000
 9 4 21 13 53 49333.70000 16.06200000 1752.82000 190.85000 41.40000 163.00000
 9 4 21 13 53 49336.30000 16.06200000 1752.82000 190.85000 41.40000 163.07100
 9 4 21 13 54 49370.00000 16.06200000 1754.53000 191.09000 41.40000 163.07000
 9 4 21 13 54 49393.60000 16.06200000 1755.02000 191.20000 41.40000 163.07000
 9 4 21 13 55 49398.10000 16.06200000 1755.02000 191.20000 41.40000 163.07000
 9 4 21 13 55 49347.40000 16.06200000 1753.65000 191.03000 41.40000 163.07000
 9 4 21 13 56 49335.80000 16.06200000 1753.18000 191.00000 41.40000 162.50900
 9 4 21 13 56 49342.40000 16.06200000 1753.18000 191.04000 41.40000 162.50900
 9 4 21 13 56 49389.10000 16.06200000 1754.84000 191.23000 41.40000 162.50900
 9 4 21 13 57 49252.80000 16.06200000 1750.89000 190.76000 41.43800 162.71000
 9 4 21 13 57 49145.10000 16.06200000 1748.59000 190.55000 41.43800 162.19000
 9 4 21 13 58 49207.50000 16.06200000 1749.47000 190.50000 41.43800 162.19000
 9 4 21 13 58 49181.90000 16.06200000 1748.58000 190.30000 41.43800 162.19000
 9 4 21 13 59 49195.70000 16.06200000 1748.22000 189.97000 41.43800 162.19000
 9 4 21 13 59 49232.70000 16.06200000 1748.90000 189.97000 41.43800 162.19000
 9 4 21 13 59 49221.60000 16.06200000 1747.99000 189.97000 41.43800 162.19000
 9 4 21 14 00 49184.30000 16.06200000 1749.00000 189.97000 41.43800 162.19000
 9 4 21 14 00 49145.50000 16.06200000 1747.18000 190.00000 41.43800 161.55200
 9 4 21 14 01 49205.70000 16.06200000 1749.96000 190.33000 41.43800 161.55200
 9 4 21 14 01 49220.10000 16.06200000 1749.86000 190.33000 41.43800 161.55200
 9 4 21 14 02 49236.40000 16.06200000 1750.00000 190.33000 41.43800 161.55200
 9 4 21 14 02 49207.00000 16.06200000 1751.14000 190.31000 41.43800 162.19000
 9 4 21 14 02 49197.50000 16.06200000 1751.00000 190.31000 41.43800 162.19000
 9 4 21 14 03 49234.50000 16.06200000 1751.37000 190.33000 41.43800 162.19000
 9 4 21 14 03 49231.00000 16.06200000 1751.78000 190.33000 41.43800 162.19000
 9 4 21 14 04 49238.40000 16.06200000 1752.33000 190.33000 41.43800 162.73700
 9 4 21 14 04 49246.80000 16.06200000 1752.61000 190.33000 41.43800 162.73700
 9 4 21 14 05 49275.90000 16.06200000 1752.85000 190.99000 41.43800 162.73700
 9 4 21 14 05 49273.60000 16.06200000 1753.15000 190.99000 41.43800 162.73700
 9 4 21 14 05 49281.20000 16.06200000 1753.32000 190.99000 41.43800 162.73700
 9 4 21 14 06 49272.90000 16.06200000 1753.32000 191.12000 41.43800 162.93600
 9 4 21 14 06 49259.80000 16.06200000 1752.04000 191.12000 41.43800 162.93600
 9 4 21 14 07 49248.20000 16.06200000 1751.61000 190.86000 41.43800 162.93600
 9 4 21 14 07 49230.00000 16.06200000 1752.39000 190.86000 41.43800 162.93600
 9 4 21 14 08 49236.90000 16.06200000 1751.47000 190.86000 41.43800 162.93600
 9 4 21 14 08 49245.80000 16.06200000 1751.47000 190.87000 41.43800 162.93600
 9 4 21 14 08 49245.80000 16.06200000 1751.70000 190.87000 41.43800 162.93600
 9 4 21 14 09 49245.90000 16.06200000 1751.70000 190.70000 41.43800 162.93600
 9 4 21 14 09 49234.10000 16.06200000 1750.26000 190.70000 41.43800 162.93600
 9 4 21 14 10 49234.70000 16.06200000 1751.24000 190.70000 41.43800 162.29700
 9 4 21 14 10 49243.20000 16.06200000 1752.71000 190.79000 41.43800 162.29700
 9 4 21 14 11 49216.20000 16.06200000 1751.81000 190.68000 41.43800 162.29700
