M=[
 1 1 21 18 19 23969.70000 4.70000000 598.92000 102.78000 13.78100 48.00000
 1 1 21 18 20 23966.10000 4.70000000 599.16000 102.78000 13.78100 47.67500
 1 1 21 18 20 23961.80000 4.70000000 598.77000 102.60000 13.78100 47.45700
 1 1 21 18 20 23951.50000 4.70000000 599.00000 102.60000 13.78100 47.43500
 1 1 21 18 21 23951.50000 4.70000000 599.32000 102.57000 13.78100 47.60700
 1 1 21 18 21 23951.40000 4.70000000 599.33000 102.60000 13.78100 46.94500
 1 1 21 18 22 23951.20000 4.70000000 599.10000 102.60000 13.78100 46.86000
 1 1 21 18 22 23940.40000 4.70000000 598.99000 102.62000 13.78100 47.03600
 1 1 21 18 23 23925.40000 4.70000000 598.90000 102.71000 13.78100 46.72100
 1 1 21 18 23 23932.20000 4.64900000 599.03000 102.68000 13.78100 46.92700
 1 1 21 18 23 23933.30000 4.64900000 599.03000 102.65000 13.78100 47.10900
 1 1 21 18 24 23922.90000 4.64900000 599.03000 102.65000 13.78100 46.98400
 1 1 21 18 24 23900.00000 4.64700000 597.84000 102.38000 13.78100 46.73600
 1 1 21 18 25 23900.00000 4.64600000 597.32000 102.29000 13.78100 46.73600
 1 1 21 18 25 23900.00000 4.64600000 597.52000 102.39000 13.78100 46.73600
 1 1 21 18 26 23903.30000 4.64600000 597.66000 102.36000 13.78100 46.54000
 1 1 21 18 26 23900.00000 4.61800000 597.00000 102.32000 13.78100 46.00000
 1 1 21 18 26 23850.00000 4.61800000 596.55000 102.19000 13.78100 45.99900
 1 1 21 18 27 23849.60000 4.63500000 596.50000 102.19000 13.78100 46.27700
 1 1 21 18 27 23846.60000 4.63500000 596.51000 102.20000 13.85000 46.05000
 1 1 21 18 28 23869.80000 4.63500000 597.28000 102.30000 13.85000 45.84700
 1 1 21 18 28 23868.40000 4.63500000 597.82000 102.30000 13.85000 45.74500
 1 1 21 18 29 23867.60000 4.61200000 597.72000 102.34000 13.85000 46.08900
 1 1 21 18 29 23860.00000 4.61300000 597.83000 102.28000 13.85000 45.79200
 1 1 21 18 29 23836.00000 4.61300000 597.42000 102.28000 13.85000 45.79200
 1 1 21 18 30 23814.40000 4.61300000 596.54000 102.04000 13.85000 45.90000
 1 1 21 18 30 23811.80000 4.61300000 596.36000 102.19000 13.70000 45.65000
 1 1 21 18 31 23810.10000 4.61300000 595.74000 102.01000 13.70000 45.25000
 1 1 21 18 31 23817.00000 4.61300000 596.43000 102.05000 13.70000 45.14800
 1 1 21 18 32 23843.70000 4.62100000 596.55000 102.05000 13.75300 44.95900
 1 1 21 18 32 23859.30000 4.62100000 597.23000 102.21000 13.75300 45.12600
 1 1 21 18 32 23850.80000 4.62100000 597.23000 102.25000 13.75300 45.00200
 1 1 21 18 33 23864.90000 4.62200000 597.61000 102.18000 13.75300 44.80400
 1 1 21 18 33 23868.30000 4.60800000 597.58000 102.30000 13.75300 46.13800
 1 1 21 18 34 23868.30000 4.60800000 597.78000 102.49000 13.75300 45.76800
 1 1 21 18 34 23868.30000 4.60800000 597.77000 102.49000 13.75300 46.60900
 1 1 21 18 35 23868.30000 4.60800000 598.01000 102.54000 13.75300 45.89900
 1 1 21 18 35 23868.20000 4.60800000 597.80000 102.51000 13.75300 45.49000
 1 1 21 18 35 23868.30000 4.60800000 597.77000 102.40000 13.75300 45.88800
 1 1 21 18 36 23856.00000 4.60800000 598.01000 102.32000 13.75300 45.84000
 1 1 21 18 36 23856.00000 4.62300000 598.00000 102.30000 13.75300 46.43500
 1 1 21 18 37 23847.50000 4.62300000 597.07000 102.27000 13.75300 46.31000
 1 1 21 18 37 23861.10000 4.62300000 597.05000 102.27000 13.75300 46.53000
 1 1 21 18 38 23851.90000 4.62300000 597.11000 102.30000 13.75300 46.62900
 1 1 21 18 38 23844.50000 4.62300000 597.08000 102.30000 13.75300 46.67100
 1 1 21 18 38 23844.50000 4.62300000 597.10000 102.27000 13.75300 46.67100
 1 1 21 18 39 23824.40000 4.62300000 596.80000 102.27000 13.75300 46.57300
 1 1 21 18 39 23800.20000 4.62300000 596.27000 102.21000 13.75300 46.50000
 1 1 21 18 40 23807.20000 4.62300000 595.98000 102.06000 13.75300 46.48900
 1 1 21 18 40 23788.80000 4.62300000 595.90000 102.06000 13.75300 46.64600
 1 1 21 18 41 23801.80000 4.62300000 595.71000 102.03000 13.75300 46.32900
 1 1 21 18 41 23800.10000 4.62300000 595.60000 101.93000 13.75300 45.92400
 1 1 21 18 41 23762.70000 4.60600000 594.10000 101.90000 13.75300 45.78900
 1 1 21 18 42 23729.00000 4.60600000 593.02000 101.88000 13.75300 46.00000
 1 1 21 18 42 23713.10000 4.60300000 593.73000 101.82000 13.75300 45.87100
 1 1 21 18 43 23729.00000 4.60300000 592.76000 101.70000 13.75300 45.80700
 1 1 21 18 43 23726.40000 4.60300000 593.46000 101.86000 13.75300 45.84400
 1 1 21 18 44 23726.80000 4.60400000 592.79000 101.96000 13.75300 45.76600
 1 1 21 18 44 23725.40000 4.60400000 593.08000 101.96000 13.75300 45.85100
 1 1 21 18 44 23718.70000 4.60400000 592.51000 101.96000 13.75300 45.77000
 1 1 21 18 45 23680.00000 4.60400000 591.82000 101.86000 13.75300 45.77000
 1 1 21 18 45 23587.50000 4.60000000 588.37000 101.77000 13.75300 45.61400
 1 1 21 18 46 23632.00000 4.60000000 589.20000 101.86000 13.75300 45.73800
 1 1 21 18 46 23642.70000 4.60000000 590.00000 101.79000 13.75300 45.73800
 1 1 21 18 47 23608.00000 4.60000000 588.20000 101.56000 13.75300 45.75700
 1 1 21 18 47 23621.90000 4.60000000 588.78000 101.55000 13.75300 45.30000
 1 1 21 18 47 23658.70000 4.60000000 589.66000 101.67000 13.75300 45.72100
 1 1 21 18 48 23658.70000 4.60000000 590.23000 101.50000 13.75300 46.12000
 1 1 21 18 48 23694.40000 4.60000000 590.61000 101.53000 13.75300 46.52700
 1 1 21 18 49 23732.80000 4.60000000 590.97000 101.70000 13.75300 46.57300
 1 1 21 18 49 23733.00000 4.60700000 592.03000 102.01000 13.75300 47.10900
 1 1 21 18 50 23733.00000 4.60700000 591.99000 102.10000 13.75300 46.91800
 1 1 21 18 50 23763.10000 4.60700000 591.91000 102.11000 13.75300 46.75100
 1 1 21 18 50 23795.40000 4.60700000 592.17000 102.26000 13.75300 46.75600
 1 1 21 18 51 23793.10000 4.60700000 592.93000 102.35000 13.75300 47.09000
 1 1 21 18 51 23781.40000 4.60700000 592.61000 102.35000 13.75300 47.09000
 1 1 21 18 52 23804.30000 4.60700000 592.60000 102.50000 13.75300 46.79000
 1 1 21 18 52 23828.60000 4.63100000 593.19000 102.66000 13.75300 46.96500
 1 1 21 18 53 23829.90000 4.63100000 593.46000 102.68000 13.75300 46.96500
 1 1 21 18 53 23883.00000 4.63100000 594.32000 102.90000 13.75300 46.97900
 1 1 21 18 53 23883.60000 4.63100000 595.40000 102.93000 13.75300 47.02200
 1 1 21 18 54 23872.50000 4.63100000 595.00000 102.92000 13.75300 47.36000
 1 1 21 18 54 23857.20000 4.63100000 595.01000 102.92000 13.75300 47.14400
 1 1 21 18 55 23850.00000 4.63100000 595.01000 102.92000 13.75300 47.14400
 1 1 21 18 55 23839.80000 4.63100000 594.43000 102.84000 13.75300 46.90000
 1 1 21 18 56 23829.60000 4.63100000 594.81000 102.84000 13.75300 46.57600
 1 1 21 18 56 23854.90000 4.63100000 594.61000 102.84000 13.75200 46.70900
 1 1 21 18 56 23883.90000 4.63100000 595.49000 102.99000 13.75200 47.19000
 1 1 21 18 57 23892.20000 4.63100000 595.59000 103.07000 13.75200 47.08900
 1 1 21 18 57 23881.00000 4.63100000 595.50000 103.13000 13.75200 47.05000
 1 1 21 18 58 23882.40000 4.63100000 595.29000 103.03000 13.75200 46.70000
 1 1 21 18 58 23879.80000 4.63100000 595.26000 103.03000 13.75200 46.88900
 1 1 21 18 59 23885.50000 4.63100000 595.53000 103.03000 13.75200 46.94300
 1 1 21 18 59 23882.20000 4.63100000 595.66000 103.05000 13.75200 46.84900
 1 1 21 18 59 23880.20000 4.63100000 595.43000 103.05000 13.75200 46.94900
 1 1 21 19 00 23860.80000 4.63100000 595.30000 103.08000 13.75200 47.03500
 1 1 21 19 00 23832.80000 4.63100000 594.57000 102.73000 13.75200 46.99800
 1 1 21 19 01 23832.70000 4.63100000 594.85000 102.73000 13.75200 46.99100
 1 1 21 19 01 23830.20000 4.63100000 594.14000 102.73000 13.75200 46.92000
 1 1 21 19 01 23820.50000 4.63100000 593.88000 102.77000 13.75200 46.90500
 1 1 21 19 02 23830.00000 4.62000000 594.91000 102.86000 13.70000 46.98900
 1 1 21 19 02 23845.30000 4.64300000 594.67000 102.98000 13.69000 46.81000
 1 1 21 19 03 23823.60000 4.64300000 594.18000 102.98000 13.69000 47.19000
 1 1 21 19 03 23814.90000 4.64300000 593.75000 102.55000 13.69000 47.19100
 1 1 21 19 04 23811.10000 4.64300000 593.04000 102.54000 13.69000 47.19000
 1 1 21 19 04 23810.10000 4.64300000 592.89000 102.62000 13.69000 47.20300
