M=[
19 4 21 16 22 46088.80000 27.96100000 1779.58000 217.80000 34.26500 195.39300
19 4 21 16 23 46066.20000 28.00000000 1777.34000 217.48000 34.26500 195.03800
19 4 21 16 23 46092.30000 27.90200000 1778.89000 217.48000 34.49100 195.03800
19 4 21 16 24 46092.00000 28.02600000 1780.86000 218.13000 34.49100 195.03800
19 4 21 16 24 46090.00000 28.00900000 1781.24000 218.61000 34.49100 195.29500
19 4 21 16 24 46105.40000 28.00900000 1780.48000 218.03000 34.49100 195.29500
19 4 21 16 25 46068.00000 27.97100000 1779.59000 217.66000 34.49100 195.29500
19 4 21 16 25 46000.10000 27.90000000 1775.50000 217.22000 34.49100 194.50900
19 4 21 16 26 46014.60000 27.94300000 1776.06000 217.40000 34.49100 194.83000
19 4 21 16 26 46068.50000 28.04600000 1779.40000 218.06000 34.49100 194.83000
19 4 21 16 27 46031.90000 28.04600000 1777.09000 218.05000 34.49100 194.97600
19 4 21 16 27 46071.90000 27.90000000 1777.23000 217.60000 34.49100 194.97600
19 4 21 16 27 46027.10000 27.90000000 1775.32000 217.24000 34.49100 194.97600
19 4 21 16 28 46004.80000 27.90000000 1774.81000 217.23000 34.31100 194.57700
19 4 21 16 28 45908.20000 27.90000000 1770.75000 217.00000 34.31100 194.57700
19 4 21 16 29 46003.00000 27.88700000 1774.14000 217.12000 34.31100 194.57700
19 4 21 16 29 46045.50000 28.05700000 1777.07000 217.12000 34.31100 194.91400
19 4 21 16 30 45976.20000 28.05700000 1775.26000 217.40000 34.31100 194.91400
19 4 21 16 30 45933.10000 28.05700000 1771.59000 217.40000 34.31100 193.56600
19 4 21 16 30 45979.50000 28.05700000 1770.66000 217.40000 34.31100 193.87300
19 4 21 16 31 45940.60000 27.85000000 1770.69000 216.92000 34.31100 193.87300
19 4 21 16 31 45973.70000 27.85000000 1771.81000 216.62000 34.31100 193.36000
19 4 21 16 32 45914.00000 27.85000000 1768.65000 216.25000 34.31100 193.36000
19 4 21 16 32 45873.60000 27.85000000 1768.01000 216.29000 34.30900 193.36000
19 4 21 16 33 45942.20000 27.85000000 1769.37000 216.19000 33.95900 193.63000
19 4 21 16 33 45962.20000 27.83500000 1771.57000 216.60000 34.30800 193.63000
19 4 21 16 33 46029.50000 27.83500000 1775.96000 216.77000 34.30800 194.24100
19 4 21 16 34 46018.10000 27.83500000 1775.67000 217.10000 34.30800 194.25700
19 4 21 16 34 45968.90000 27.90200000 1772.51000 216.64000 34.30800 193.36700
19 4 21 16 35 45992.20000 27.90200000 1775.82000 216.73000 34.30800 193.36700
19 4 21 16 35 46010.40000 27.90200000 1774.90000 216.69000 34.30800 193.36700
19 4 21 16 36 45993.00000 27.91500000 1773.11000 216.69000 33.95900 193.36700
19 4 21 16 36 46055.30000 27.88400000 1779.48000 216.61000 33.95900 194.36700
19 4 21 16 36 46134.90000 27.88400000 1785.62000 217.49000 33.95900 195.03300
19 4 21 16 37 46145.10000 27.91700000 1783.88000 217.46000 33.95900 195.40000
19 4 21 16 37 46127.90000 27.92400000 1783.25000 217.34000 34.29200 195.40000
19 4 21 16 38 46028.50000 27.88700000 1780.81000 216.62000 34.29200 194.93700
19 4 21 16 38 46001.20000 27.88700000 1775.77000 215.63000 34.26500 193.71000
19 4 21 16 39 45937.00000 27.88700000 1772.52000 215.63000 34.26500 193.53800
19 4 21 16 39 45905.30000 27.82000000 1771.22000 215.89000 34.26500 193.53800
19 4 21 16 39 45961.70000 27.82000000 1772.52000 216.09000 34.10900 192.80000
19 4 21 16 40 45930.10000 27.91500000 1771.21000 215.88000 34.10900 192.80000
19 4 21 16 40 45905.20000 27.91500000 1769.86000 215.37000 34.10900 192.80000
19 4 21 16 41 45900.10000 27.91500000 1769.63000 214.77000 34.07700 192.55000
19 4 21 16 41 45895.80000 27.91500000 1771.93000 215.19000 34.07700 192.55000
19 4 21 16 42 45940.50000 27.83400000 1771.03000 215.19000 34.06000 193.11000
19 4 21 16 42 45937.60000 27.83400000 1772.09000 215.50000 34.06000 193.43000
19 4 21 16 43 45890.70000 27.83400000 1770.31000 215.47000 34.06000 192.77300
19 4 21 16 43 45922.80000 27.68900000 1772.56000 215.25000 34.03900 192.69000
19 4 21 16 43 45959.90000 27.68900000 1772.96000 215.50000 34.03200 192.69000
19 4 21 16 44 45899.20000 27.68900000 1770.93000 215.50000 34.02400 193.18900
19 4 21 16 44 45969.20000 27.68900000 1772.98000 215.49000 34.02400 193.18900
19 4 21 16 45 45939.00000 27.68900000 1770.26000 215.00000 34.02400 192.84600
19 4 21 16 45 45875.10000 27.76600000 1767.24000 214.69000 34.02400 192.84600
19 4 21 16 46 45800.10000 27.70000000 1765.85000 213.98000 34.02400 192.03500
19 4 21 16 46 45833.50000 27.58500000 1766.06000 214.09000 34.02400 191.76000
19 4 21 16 46 45796.30000 27.58500000 1762.82000 214.00000 34.02400 191.76000
19 4 21 16 47 45872.60000 27.58500000 1766.05000 214.35000 34.02400 191.76000
19 4 21 16 47 45894.20000 27.58500000 1766.10000 214.35000 33.01000 191.76000
19 4 21 16 48 45919.10000 27.58500000 1767.98000 214.85000 33.01000 191.76000
19 4 21 16 48 45873.30000 27.58500000 1765.34000 214.85000 33.79600 191.76000
19 4 21 16 49 45864.00000 27.65900000 1764.87000 214.31000 33.79600 191.09800
19 4 21 16 49 45829.90000 27.57800000 1764.20000 213.93000 33.79600 190.61000
19 4 21 16 49 45800.00000 27.57800000 1761.75000 213.82000 33.79600 190.14300
19 4 21 16 50 45790.70000 27.49800000 1760.82000 213.82000 33.79600 190.00000
19 4 21 16 50 45770.20000 27.45700000 1760.00000 213.48000 33.79600 188.94000
19 4 21 16 51 45792.80000 27.25000000 1760.69000 213.79000 33.79600 188.94000
19 4 21 16 51 45844.50000 27.25000000 1763.18000 214.40000 33.79600 190.00000
19 4 21 16 52 45780.20000 27.25000000 1759.75000 213.46000 33.79600 190.00000
19 4 21 16 52 45737.00000 27.25000000 1757.89000 212.82000 33.79600 188.74000
19 4 21 16 52 45707.40000 27.29100000 1754.24000 212.65000 33.79600 188.17000
19 4 21 16 53 45736.50000 27.29100000 1756.02000 213.34000 33.66500 188.17000
19 4 21 16 53 45754.60000 27.29100000 1755.01000 213.17000 33.66300 188.17000
19 4 21 16 54 45739.10000 27.29100000 1754.90000 213.20000 33.66300 188.17000
19 4 21 16 54 45788.30000 27.29100000 1756.64000 213.39000 33.66300 189.47100
19 4 21 16 55 45705.10000 27.27000000 1752.99000 212.71000 33.66300 189.47100
19 4 21 16 55 45672.80000 27.27000000 1752.31000 212.19000 33.16300 189.47100
19 4 21 16 55 45651.90000 27.25000000 1750.00000 212.05000 33.16300 186.98000
19 4 21 16 56 45650.00000 27.25000000 1752.77000 212.34000 33.16300 186.82000
19 4 21 16 56 45650.10000 27.25000000 1752.41000 212.74000 33.16300 186.82000
19 4 21 16 57 45707.90000 27.25000000 1753.64000 212.59000 33.16300 186.82000
19 4 21 16 57 45738.10000 27.35900000 1753.41000 213.18000 33.53300 187.31500
19 4 21 16 58 45715.00000 27.35900000 1755.08000 213.41000 33.52300 187.58900
19 4 21 16 58 45699.80000 27.35900000 1752.01000 212.95000 33.50500 186.99400
19 4 21 16 58 45727.10000 27.35900000 1753.90000 212.95000 33.50500 187.18300
19 4 21 16 59 45709.60000 27.28200000 1753.47000 212.97000 33.50500 187.18300
19 4 21 16 59 45764.80000 27.43000000 1756.23000 213.24000 33.49500 187.18300
19 4 21 17 00 45746.30000 27.43000000 1754.00000 212.94000 33.49500 187.33200
19 4 21 17 00 45665.70000 27.43000000 1751.40000 211.71000 33.49500 185.86000
19 4 21 17 01 45655.40000 27.43000000 1751.22000 211.42000 33.49500 185.68000
19 4 21 17 01 45650.00000 27.43000000 1750.25000 211.90000 33.49500 185.81900
19 4 21 17 01 45604.10000 27.43000000 1748.00000 211.80000 33.01000 185.00000
19 4 21 17 02 45589.50000 27.07500000 1747.21000 210.90000 33.01000 185.47700
19 4 21 17 02 45507.30000 27.04000000 1745.64000 210.94000 33.01000 185.47700
19 4 21 17 03 45624.10000 27.04000000 1749.53000 211.20000 33.01000 185.47700
19 4 21 17 03 45658.70000 27.04000000 1751.69000 211.73000 33.47200 186.04600
19 4 21 17 04 45593.20000 27.04000000 1747.30000 210.83000 33.47200 185.92000
19 4 21 17 04 45667.80000 27.21000000 1751.46000 210.85000 33.48500 186.43300
19 4 21 17 04 45666.70000 27.18100000 1750.14000 210.85000 33.48500 186.43300
19 4 21 17 05 45696.40000 27.18100000 1751.99000 211.28000 33.48500 186.43300
19 4 21 17 05 45756.90000 27.21600000 1755.33000 212.05000 33.48500 186.43300
19 4 21 17 06 45762.10000 27.39800000 1758.90000 212.51000 33.48500 187.64100
