M=[
17 7 20 06 36 8016.70000 5.29500000 204.56000 36.94000 16.67100 51.31900
17 7 20 06 36 8018.80000 5.28500000 204.57000 36.94000 16.67100 51.31900
17 7 20 06 37 8015.00000 5.28500000 204.55000 36.94000 16.67100 51.31900
17 7 20 06 37 8015.00000 5.28500000 204.55000 36.94000 16.67100 51.31900
17 7 20 06 37 8015.00000 5.28500000 204.55000 36.94000 16.67100 51.31900
17 7 20 06 38 8015.00000 5.28500000 204.63000 36.94000 16.67100 51.31900
17 7 20 06 38 8015.00000 5.28500000 204.63000 36.94000 16.67100 51.31900
17 7 20 06 39 8015.00000 5.28500000 204.65000 36.94000 16.67100 51.31900
17 7 20 06 39 8015.00000 5.28500000 204.65000 36.94000 16.67100 51.31900
17 7 20 06 40 8015.00000 5.28500000 204.65000 36.88000 16.67100 51.31900
17 7 20 06 40 8015.00000 5.28500000 204.64000 36.90000 16.67100 51.31900
17 7 20 06 41 8015.00000 5.28500000 204.65000 36.90000 16.67100 51.31900
17 7 20 06 41 8015.00000 5.28500000 204.65000 36.90000 16.67100 51.31900
17 7 20 06 42 8015.00000 5.28500000 204.65000 36.90000 16.67100 51.31900
17 7 20 06 42 8015.00000 5.28500000 204.63000 36.90000 16.67100 51.31900
17 7 20 06 42 8014.90000 5.28500000 204.63000 36.90000 16.67100 51.31900
17 7 20 06 43 8015.00000 5.28500000 204.63000 36.90000 16.67100 51.31900
17 7 20 06 43 8015.00000 5.28500000 204.78000 36.90000 16.67100 51.31900
17 7 20 06 44 8015.00000 5.28500000 204.78000 36.90000 16.67100 51.31900
17 7 20 06 44 8015.00000 5.28500000 204.68000 36.90000 16.67100 51.31900
17 7 20 06 45 8015.00000 5.28500000 204.72000 36.90000 16.67100 51.31900
17 7 20 06 45 8014.90000 5.28500000 204.72000 36.92000 16.67100 51.31900
17 7 20 06 46 8014.90000 5.28500000 204.72000 36.92000 16.67100 51.31900
17 7 20 06 46 8015.00000 5.28500000 204.72000 36.92000 16.67100 51.31900
17 7 20 06 46 8015.00000 5.28500000 204.72000 36.92000 16.67100 51.31900
17 7 20 06 47 8014.90000 5.28500000 204.63000 36.92000 16.67100 51.31900
17 7 20 06 47 8014.90000 5.28500000 204.64000 36.92000 16.67100 51.38800
17 7 20 06 48 8014.90000 5.28500000 204.66000 36.92000 16.69400 51.38800
17 7 20 06 48 8012.50000 5.28500000 204.64000 36.86000 16.69400 51.38800
17 7 20 06 49 8006.90000 5.28500000 204.64000 36.86000 16.69400 51.25800
17 7 20 06 49 8006.20000 5.28500000 204.64000 36.86000 16.69400 51.25800
17 7 20 06 50 8006.20000 5.27200000 204.66000 36.86000 16.69300 51.25800
17 7 20 06 50 8009.40000 5.27200000 204.63000 36.86000 16.69300 51.25800
17 7 20 06 51 8008.20000 5.27200000 204.62000 36.86000 16.69300 51.25800
17 7 20 06 51 8008.30000 5.27200000 204.62000 36.87000 16.69300 51.38800
17 7 20 06 51 8008.30000 5.27200000 204.65000 36.90000 16.69300 51.38800
17 7 20 06 52 8009.90000 5.27200000 204.67000 36.90000 16.69300 51.38800
17 7 20 06 52 8012.10000 5.27200000 204.67000 36.90000 16.69300 51.38800
17 7 20 06 53 8010.90000 5.27200000 204.73000 36.90000 16.69300 51.38800
17 7 20 06 53 8009.30000 5.27200000 204.62000 36.90000 16.69300 51.38800
17 7 20 06 54 8009.30000 5.27200000 204.70000 36.90000 16.69300 51.38800
17 7 20 06 54 8009.30000 5.27200000 204.64000 36.90000 16.69300 51.38800
17 7 20 06 55 8009.50000 5.27200000 204.69000 36.90000 16.69300 51.38800
17 7 20 06 55 8010.00000 5.27200000 204.69000 36.90000 16.69300 51.38800
17 7 20 06 56 8011.90000 5.27200000 204.73000 36.90000 16.69300 51.38800
17 7 20 06 56 8010.10000 5.27200000 204.74000 36.90000 16.69300 51.38800
17 7 20 06 56 8010.40000 5.27200000 204.69000 36.90000 16.69300 51.38800
17 7 20 06 57 8010.80000 5.27200000 204.73000 36.91000 16.70200 51.38800
17 7 20 06 57 8010.70000 5.27200000 204.73000 36.91000 16.70200 51.38800
17 7 20 06 58 8009.50000 5.27200000 204.70000 36.88000 16.70200 51.38800
17 7 20 06 58 8009.50000 5.24700000 204.67000 36.88000 16.70200 51.38800
17 7 20 06 59 8011.90000 5.24700000 204.77000 36.88000 16.70200 51.38800
17 7 20 06 59 8014.40000 5.24700000 204.71000 36.88000 16.70200 51.38800
17 7 20 07 00 8013.10000 5.24700000 204.75000 36.88000 16.70200 51.38800
17 7 20 07 00 8013.10000 5.24700000 204.79000 36.88000 16.70200 51.38800
17 7 20 07 01 8015.00000 5.24700000 204.93000 36.99000 16.70200 51.38800
17 7 20 07 01 8015.00000 5.24700000 205.00000 37.01000 16.70200 51.38800
17 7 20 07 02 8015.00000 5.24700000 205.00000 36.99000 16.70200 51.38800
17 7 20 07 02 8015.90000 5.24700000 205.00000 36.99000 16.70200 51.38800
17 7 20 07 02 8016.00000 5.24700000 205.08000 36.99000 16.66300 51.38800
17 7 20 07 03 8016.40000 5.24700000 205.02000 36.99000 16.66300 51.38800
17 7 20 07 03 8016.20000 5.24700000 205.05000 36.99000 16.66300 51.38800
17 7 20 07 04 8016.20000 5.24700000 204.87000 36.99000 16.66300 51.38800
17 7 20 07 04 8016.00000 5.24700000 204.87000 36.99000 16.66300 51.38800
17 7 20 07 05 8016.10000 5.24700000 204.87000 36.99000 16.66300 51.38800
17 7 20 07 05 8016.10000 5.24700000 204.97000 37.00000 16.66300 51.38800
17 7 20 07 06 8016.10000 5.24700000 204.90000 37.00000 16.66300 51.38800
17 7 20 07 06 8015.00000 5.24700000 204.87000 37.00000 16.66300 51.38800
17 7 20 07 07 8015.00000 5.24700000 204.87000 37.00000 16.66300 51.38800
17 7 20 07 07 8015.00000 5.24700000 204.97000 37.01000 16.66300 51.38800
17 7 20 07 07 8015.00000 5.24700000 205.01000 37.01000 16.66300 51.38800
17 7 20 07 08 8015.00000 5.24700000 205.01000 37.01000 16.66300 51.38800
17 7 20 07 08 8015.00000 5.24700000 205.01000 37.01000 16.66300 51.38800
17 7 20 07 09 8015.00000 5.24700000 205.01000 37.01000 16.66300 51.38800
17 7 20 07 09 8015.00000 5.24700000 204.96000 37.01000 16.66300 51.38800
17 7 20 07 10 8015.90000 5.29000000 204.96000 36.99000 16.66300 51.38800
17 7 20 07 10 8018.10000 5.29000000 205.10000 36.99000 16.66300 51.38800
17 7 20 07 11 8017.00000 5.29000000 205.07000 36.99000 16.66300 51.47200
17 7 20 07 11 8015.60000 5.29000000 205.07000 36.99000 16.66300 51.46200
17 7 20 07 11 8016.60000 5.29000000 205.00000 36.99000 16.66300 51.46200
17 7 20 07 12 8014.90000 5.29000000 205.01000 36.99000 16.66300 51.46200
17 7 20 07 12 8014.90000 5.29000000 204.97000 36.99000 16.66300 51.46200
17 7 20 07 13 8015.00000 5.29000000 204.97000 36.99000 16.66300 51.46200
17 7 20 07 13 8015.90000 5.28900000 205.03000 36.99000 16.66300 51.46200
17 7 20 07 14 8016.50000 5.29000000 205.02000 37.00000 16.63800 51.46200
17 7 20 07 14 8017.20000 5.33200000 205.01000 36.98000 16.63800 51.46200
17 7 20 07 15 8015.80000 5.31900000 205.01000 36.98000 16.63100 51.46200
17 7 20 07 15 8017.20000 5.31900000 205.01000 36.98000 16.63100 51.46200
17 7 20 07 16 8018.20000 5.31900000 205.01000 36.98000 16.63100 51.46200
17 7 20 07 16 8017.20000 5.31900000 205.11000 36.98000 16.63100 51.46200
17 7 20 07 17 8015.80000 5.31900000 205.07000 36.98000 16.63100 51.46200
17 7 20 07 17 8015.90000 5.31900000 205.07000 36.98000 16.63100 51.46200
17 7 20 07 18 8017.10000 5.31900000 205.07000 36.98000 16.63100 51.46200
17 7 20 07 18 8017.10000 5.31900000 205.06000 36.98000 16.63100 51.46200
17 7 20 07 18 8017.10000 5.31900000 205.06000 36.98000 16.63100 51.46200
17 7 20 07 19 8017.00000 5.31900000 205.01000 36.98000 16.63100 51.46200
17 7 20 07 19 8017.00000 5.31900000 204.92000 36.98000 16.63100 51.46200
17 7 20 07 20 8017.00000 5.31900000 205.04000 37.01000 16.63100 51.46200
17 7 20 07 20 8017.00000 5.31900000 205.04000 37.01000 16.63100 51.46200
17 7 20 07 21 8017.00000 5.31900000 205.02000 37.01000 16.63100 51.46200
17 7 20 07 21 8017.10000 5.31900000 205.15000 37.01000 16.63100 51.46200
17 7 20 07 22 8017.10000 5.31900000 205.15000 37.01000 16.63100 51.46200
17 7 20 07 22 8017.10000 5.31900000 205.15000 37.01000 16.63100 51.46200
17 7 20 07 22 8015.60000 5.31900000 205.14000 37.01000 16.63100 51.46200
17 7 20 07 23 8013.10000 5.31900000 205.10000 37.01000 16.63100 51.46200
17 7 20 07 23 8013.10000 5.31900000 205.10000 37.01000 16.63100 51.46200
17 7 20 07 24 8012.90000 5.31900000 205.02000 37.01000 16.63100 51.46200
17 7 20 07 24 8013.30000 5.31900000 205.02000 37.01000 16.63100 51.46200
17 7 20 07 25 8012.50000 5.31900000 205.02000 37.01000 16.63100 51.46200
