M=[
18 10 20 23 48 9809.30000 4.76800000 322.66000 40.58000 11.65900 54.92700
18 10 20 23 48 9809.30000 4.76800000 322.66000 40.58000 11.65900 54.92700
18 10 20 23 49 9812.80000 4.76800000 322.66000 40.58000 11.65900 54.92700
18 10 20 23 49 9812.50000 4.76800000 322.66000 40.58000 11.65900 55.06600
18 10 20 23 50 9812.20000 4.76800000 322.66000 40.58000 11.65900 55.06600
18 10 20 23 50 9812.20000 4.76800000 322.66000 40.58000 11.65900 55.06600
18 10 20 23 51 9812.20000 4.76800000 322.75000 40.58000 11.65900 55.06600
18 10 20 23 51 9812.20000 4.76800000 322.75000 40.61000 11.65900 55.06600
18 10 20 23 51 9813.00000 4.76800000 322.75000 40.61000 11.65900 55.06600
18 10 20 23 52 9813.00000 4.76800000 322.75000 40.61000 11.65900 55.06600
18 10 20 23 52 9813.00000 4.76800000 322.80000 40.61000 11.65900 55.06600
18 10 20 23 53 9815.20000 4.76800000 322.80000 40.61000 11.65900 55.06600
18 10 20 23 53 9815.20000 4.76800000 322.76000 40.61000 11.65900 55.06600
18 10 20 23 54 9815.10000 4.76800000 322.77000 40.61000 11.65900 55.06600
18 10 20 23 54 9815.10000 4.76800000 322.82000 40.62000 11.65900 55.06600
18 10 20 23 54 9815.10000 4.76800000 322.82000 40.62000 11.65900 55.06600
18 10 20 23 55 9817.30000 4.76800000 322.88000 40.62000 11.65900 55.06600
18 10 20 23 55 9817.30000 4.76800000 322.88000 40.62000 11.65900 55.06600
18 10 20 23 56 9825.60000 4.76800000 323.02000 40.62000 11.65900 55.06600
18 10 20 23 56 9823.90000 4.76800000 323.02000 40.62000 11.65900 55.06600
18 10 20 23 56 9823.90000 4.76800000 323.02000 40.62000 11.65900 55.06600
18 10 20 23 57 9825.40000 4.76800000 322.97000 40.62000 11.67000 55.06600
18 10 20 23 57 9825.60000 4.76800000 322.93000 40.62000 11.67000 55.06600
18 10 20 23 58 9823.70000 4.76800000 322.93000 40.62000 11.67000 55.06600
18 10 20 23 58 9827.40000 4.76800000 322.93000 40.62000 11.67000 55.06600
18 10 20 23 59 9827.60000 4.76800000 322.93000 40.62000 11.67000 55.06600
18 10 20 23 59 9827.60000 4.76800000 322.93000 40.62000 11.66900 55.06600
18 10 20 23 59 9827.60000 4.76800000 322.93000 40.62000 11.67000 55.06600
19 10 20 00 00 9833.00000 4.76800000 323.03000 40.62000 11.67000 55.06600
19 10 20 00 00 9835.10000 4.76800000 323.20000 40.62000 11.67000 55.06600
19 10 20 00 01 9835.40000 4.76800000 323.21000 40.60000 11.67000 55.06600
19 10 20 00 01 9838.60000 4.76800000 323.31000 40.60000 11.67000 55.06600
19 10 20 00 02 9838.60000 4.76800000 323.40000 40.60000 11.67000 55.06600
19 10 20 00 02 9838.60000 4.76800000 323.41000 40.60000 11.67000 55.06600
19 10 20 00 02 9846.20000 4.76800000 324.08000 40.66000 11.67000 55.09000
19 10 20 00 03 9846.20000 4.76800000 324.08000 40.66000 11.67000 55.09100
19 10 20 00 03 9846.20000 4.76800000 324.08000 40.66000 11.67000 55.09300
19 10 20 00 04 9838.40000 4.76800000 323.57000 40.66000 11.67000 55.09300
19 10 20 00 04 9838.40000 4.77800000 323.67000 40.65000 11.67000 55.09300
19 10 20 00 05 9834.20000 4.77900000 323.67000 40.65000 11.67000 55.09300
19 10 20 00 05 9834.80000 4.77900000 323.67000 40.65000 11.67000 55.09300
19 10 20 00 05 9834.80000 4.77900000 323.36000 40.65000 11.67000 55.09300
19 10 20 00 06 9835.00000 4.77900000 323.36000 40.65000 11.67000 55.09300
19 10 20 00 06 9832.90000 4.77900000 323.34000 40.65000 11.67000 55.09300
19 10 20 00 07 9832.90000 4.77900000 323.34000 40.65000 11.67000 55.09300
19 10 20 00 07 9832.90000 4.77900000 323.35000 40.65000 11.67000 55.09300
19 10 20 00 08 9834.00000 4.77900000 323.35000 40.65000 11.67000 55.09300
19 10 20 00 08 9834.00000 4.77900000 323.35000 40.51000 11.67000 55.09300
19 10 20 00 08 9834.00000 4.77900000 323.35000 40.57000 11.67000 55.09300
19 10 20 00 09 9834.90000 4.77900000 323.35000 40.56000 11.67000 55.09300
19 10 20 00 09 9832.90000 4.77900000 323.35000 40.56000 11.67000 55.09300
19 10 20 00 10 9832.70000 4.77900000 323.35000 40.56000 11.67000 55.09300
19 10 20 00 10 9832.70000 4.77900000 323.35000 40.56000 11.67000 55.09300
19 10 20 00 11 9816.80000 4.77900000 322.48000 40.48000 11.67000 55.09300
19 10 20 00 11 9816.80000 4.77900000 322.75000 40.48000 11.67000 54.71000
19 10 20 00 11 9816.80000 4.77900000 322.82000 40.48000 11.67000 54.71000
19 10 20 00 12 9817.50000 4.77900000 322.64000 40.50000 11.67000 54.71000
19 10 20 00 12 9817.50000 4.77900000 322.64000 40.50000 11.67000 54.71000
19 10 20 00 13 9817.50000 4.77900000 322.23000 40.50000 11.67000 54.71000
19 10 20 00 13 9817.50000 4.77900000 322.22000 40.50000 11.67000 54.71000
19 10 20 00 14 9817.50000 4.77900000 322.22000 40.50000 11.67000 54.71000
19 10 20 00 14 9817.50000 4.77900000 322.22000 40.50000 11.67000 54.71000
19 10 20 00 14 9817.60000 4.77900000 322.22000 40.50000 11.67000 54.71000
19 10 20 00 15 9813.60000 4.77900000 322.47000 40.45000 11.67000 54.71000
19 10 20 00 15 9813.60000 4.77900000 322.47000 40.45000 11.67000 54.71000
19 10 20 00 16 9810.00000 4.77900000 322.47000 40.45000 11.67000 54.71000
19 10 20 00 16 9810.00000 4.77900000 322.47000 40.45000 11.67000 54.71000
19 10 20 00 17 9810.90000 4.77900000 322.47000 40.45000 11.67000 54.71000
19 10 20 00 17 9802.80000 4.77900000 322.47000 40.45000 11.67000 54.71000
19 10 20 00 17 9800.60000 4.77900000 322.47000 40.45000 11.67000 54.71000
19 10 20 00 18 9804.00000 4.77900000 322.47000 40.44000 11.67000 54.71000
19 10 20 00 18 9803.90000 4.76500000 322.47000 40.44000 11.67000 54.71000
19 10 20 00 19 9801.50000 4.76300000 322.47000 40.44000 11.67000 54.71000
19 10 20 00 19 9801.50000 4.76300000 322.47000 40.44000 11.67000 54.71000
19 10 20 00 20 9801.60000 4.76300000 322.47000 40.44000 11.67000 54.71000
19 10 20 00 20 9802.30000 4.76300000 322.47000 40.44000 11.67000 54.71000
19 10 20 00 20 9802.40000 4.76300000 322.21000 40.44000 11.67000 54.71000
19 10 20 00 21 9802.40000 4.76300000 322.21000 40.43000 11.67000 54.71000
19 10 20 00 21 9800.50000 4.76300000 322.21000 40.43000 11.67000 54.62000
19 10 20 00 22 9800.50000 4.76300000 322.21000 40.43000 11.67000 54.62000
19 10 20 00 22 9800.00000 4.76300000 322.21000 40.43000 11.67000 54.62000
19 10 20 00 23 9801.20000 4.76300000 321.74000 40.43000 11.64900 54.62000
19 10 20 00 23 9801.20000 4.76300000 321.94000 40.43000 11.64900 54.62000
19 10 20 00 23 9801.20000 4.76300000 321.94000 40.43000 11.64900 54.62000
19 10 20 00 24 9800.00000 4.76300000 321.94000 40.39000 11.64900 54.62000
19 10 20 00 24 9800.00000 4.76300000 321.71000 40.39000 11.64900 54.62000
19 10 20 00 25 9800.00000 4.76300000 321.71000 40.39000 11.64900 54.62000
19 10 20 00 25 9800.00000 4.76300000 321.95000 40.39000 11.64900 54.62000
19 10 20 00 26 9802.10000 4.75300000 321.95000 40.39000 11.64900 54.62000
19 10 20 00 26 9802.00000 4.75300000 321.95000 40.39000 11.64900 54.62000
19 10 20 00 26 9802.00000 4.75300000 321.95000 40.39000 11.64900 54.62000
19 10 20 00 27 9803.80000 4.75300000 321.94000 40.38000 11.64900 54.62000
19 10 20 00 27 9803.80000 4.75300000 321.94000 40.38000 11.64900 54.62000
19 10 20 00 28 9803.80000 4.75300000 321.92000 40.38000 11.64900 54.62000
19 10 20 00 28 9803.90000 4.75300000 321.68000 40.38000 11.64900 54.62000
19 10 20 00 29 9803.90000 4.75300000 321.68000 40.38000 11.64900 54.62000
19 10 20 00 29 9803.10000 4.75300000 321.68000 40.38000 11.64900 54.62000
19 10 20 00 29 9803.40000 4.75300000 321.68000 40.38000 11.64900 54.62000
19 10 20 00 30 9804.10000 4.75300000 321.68000 40.36000 11.64900 54.62000
19 10 20 00 30 9802.10000 4.75300000 321.68000 40.36000 11.64900 54.62000
19 10 20 00 31 9802.10000 4.75300000 321.84000 40.36000 11.64900 54.62000
19 10 20 00 31 9802.80000 4.75300000 321.84000 40.36000 11.64900 54.62000
19 10 20 00 32 9800.00000 4.75300000 321.68000 40.36000 11.64900 54.62000
19 10 20 00 32 9800.80000 4.75300000 321.68000 40.32000 11.64900 54.62000
19 10 20 00 32 9800.80000 4.75300000 321.68000 40.32000 11.64900 54.62000
19 10 20 00 33 9800.10000 4.75300000 321.62000 40.32000 11.64900 54.62000
19 10 20 00 33 9800.10000 4.75300000 321.56000 40.33000 11.64900 54.62000
19 10 20 00 34 9800.10000 4.75300000 321.56000 40.33000 11.64900 54.62000
