M=[
29 9 20 03 33 9161.00000 4.89900000 302.59000 38.98000 12.56000 48.76100
29 9 20 03 33 9160.70000 4.89900000 302.32000 38.98000 12.50600 48.76100
29 9 20 03 34 9160.70000 4.89900000 302.32000 38.98000 12.50600 48.76100
29 9 20 03 34 9160.70000 4.89900000 302.32000 38.98000 12.50600 48.76100
29 9 20 03 34 9160.70000 4.89900000 302.59000 38.98000 12.50600 48.76100
29 9 20 03 35 9165.60000 4.89900000 302.59000 38.98000 12.50600 48.76100
29 9 20 03 35 9165.60000 4.89900000 302.60000 38.98000 12.50600 48.76100
29 9 20 03 36 9166.60000 4.89900000 302.60000 38.98000 12.50600 48.76100
29 9 20 03 36 9166.70000 4.89900000 302.60000 38.98000 12.50600 48.76100
29 9 20 03 37 9166.70000 4.89900000 303.19000 38.98000 12.50600 48.76100
29 9 20 03 37 9168.00000 4.89900000 303.19000 39.03000 12.50600 48.76100
29 9 20 03 38 9168.00000 4.89900000 303.19000 39.03000 12.50600 48.76100
29 9 20 03 38 9173.70000 4.89900000 303.19000 39.03000 12.50600 48.76100
29 9 20 03 38 9173.70000 4.89900000 303.15000 39.03000 12.50600 48.76100
29 9 20 03 39 9171.70000 4.89900000 303.15000 39.03000 12.50600 48.76100
29 9 20 03 39 9171.70000 4.89900000 303.15000 39.03000 12.50600 48.76100
29 9 20 03 40 9171.70000 4.89900000 303.32000 39.03000 12.50600 48.76100
29 9 20 03 40 9171.70000 4.89900000 303.33000 39.03000 12.50600 48.76100
29 9 20 03 41 9171.10000 4.89900000 303.31000 39.03000 12.50600 48.76100
29 9 20 03 41 9171.10000 4.89900000 303.31000 39.03000 12.50600 48.76100
29 9 20 03 41 9171.10000 4.89900000 303.31000 39.03000 12.50600 48.76100
29 9 20 03 42 9170.30000 4.89900000 303.31000 39.03000 12.50600 48.76100
29 9 20 03 42 9172.70000 4.89900000 303.31000 39.03000 12.50600 48.76100
29 9 20 03 43 9172.50000 4.89900000 303.31000 39.03000 12.50600 48.76100
29 9 20 03 43 9172.50000 4.89900000 303.19000 39.03000 12.50600 48.76100
29 9 20 03 44 9172.50000 4.89900000 303.19000 39.03000 12.50600 48.76100
29 9 20 03 44 9172.80000 4.89900000 303.19000 39.03000 12.50600 48.76100
29 9 20 03 44 9172.80000 4.89900000 303.19000 39.03000 12.50600 48.76100
29 9 20 03 45 9171.70000 4.89900000 303.33000 39.03000 12.50600 48.76100
29 9 20 03 45 9171.70000 4.89900000 303.33000 39.03000 12.50600 48.76100
29 9 20 03 46 9171.70000 4.89900000 303.40000 39.03000 12.50600 48.76100
29 9 20 03 46 9172.90000 4.89900000 303.40000 39.03000 12.50600 48.76100
29 9 20 03 47 9170.70000 4.89900000 303.40000 39.03000 12.50600 48.76100
29 9 20 03 47 9170.70000 4.89900000 303.23000 39.03000 12.50600 48.76100
29 9 20 03 47 9170.70000 4.89900000 303.23000 39.03000 12.50600 48.76100
29 9 20 03 48 9170.70000 4.89900000 303.23000 39.03000 12.50600 48.76100
29 9 20 03 48 9170.60000 4.89900000 303.23000 39.01000 12.50600 48.76100
29 9 20 03 49 9166.20000 4.89900000 303.23000 39.01000 12.50600 48.76100
29 9 20 03 49 9166.20000 4.89900000 303.23000 39.01000 12.50600 48.76100
29 9 20 03 50 9166.20000 4.89900000 302.93000 39.01000 12.55000 48.76100
29 9 20 03 50 9166.20000 4.89900000 303.01000 39.01000 12.55000 48.76100
29 9 20 03 50 9167.50000 4.89900000 303.06000 38.99000 12.55000 48.76100
29 9 20 03 51 9165.50000 4.89900000 303.06000 38.99000 12.55000 48.76100
29 9 20 03 51 9165.50000 4.89900000 303.06000 38.99000 12.55000 48.76100
29 9 20 03 52 9165.50000 4.89900000 303.06000 38.99000 12.55000 48.76100
29 9 20 03 52 9164.40000 4.89900000 303.06000 38.99000 12.55000 48.76100
29 9 20 03 53 9164.40000 4.89900000 303.06000 38.99000 12.55000 48.76100
29 9 20 03 53 9163.40000 4.89900000 303.06000 38.99000 12.55000 48.76100
29 9 20 03 53 9162.90000 4.89900000 303.06000 38.99000 12.55000 48.76100
29 9 20 03 54 9164.30000 4.89900000 303.06000 38.99000 12.55000 48.76100
29 9 20 03 54 9165.20000 4.89900000 303.06000 38.99000 12.55000 48.76100
29 9 20 03 55 9165.80000 4.89900000 303.06000 38.99000 12.55000 48.76100
29 9 20 03 55 9165.80000 4.89900000 303.06000 38.99000 12.55000 48.76100
29 9 20 03 56 9162.40000 4.89900000 303.06000 38.99000 12.55000 48.76100
29 9 20 03 56 9162.40000 4.89900000 302.88000 38.99000 12.55000 48.76100
29 9 20 03 57 9162.40000 4.89900000 302.88000 38.99000 12.55000 48.76100
29 9 20 03 57 9162.40000 4.89900000 302.86000 38.99000 12.55000 48.76100
29 9 20 03 57 9162.40000 4.89900000 302.86000 38.99000 12.55000 48.76100
29 9 20 03 58 9162.40000 4.89900000 302.86000 38.99000 12.55000 48.76100
29 9 20 03 58 9162.40000 4.89900000 302.86000 38.99000 12.55000 48.76100
29 9 20 03 59 9162.40000 4.89900000 302.86000 38.99000 12.55000 48.76100
29 9 20 03 59 9160.00000 4.89900000 302.86000 38.99000 12.55000 48.76100
29 9 20 04 00 9160.00000 4.89900000 302.86000 38.99000 12.55000 48.76100
29 9 20 04 00 9159.40000 4.89900000 302.39000 38.99000 12.55000 48.76100
29 9 20 04 00 9160.00000 4.89900000 302.18000 38.99000 12.55000 48.76100
29 9 20 04 01 9158.50000 4.89900000 302.25000 38.99000 12.55000 48.76100
29 9 20 04 01 9160.10000 4.89900000 302.24000 38.99000 12.55000 48.76100
29 9 20 04 02 9161.00000 4.89900000 302.24000 38.99000 12.55000 48.76100
29 9 20 04 02 9160.90000 4.89900000 302.66000 38.99000 12.55000 48.76100
29 9 20 04 03 9160.90000 4.89900000 302.77000 38.99000 12.55000 48.76100
29 9 20 04 03 9160.70000 4.89900000 302.77000 38.99000 12.55000 48.76100
29 9 20 04 03 9160.70000 4.89900000 302.77000 38.99000 12.55000 48.76100
29 9 20 04 04 9160.70000 4.89900000 302.83000 38.99000 12.55000 48.76100
29 9 20 04 04 9162.10000 4.89900000 302.83000 38.99000 12.55000 48.76100
29 9 20 04 05 9163.70000 4.89900000 302.83000 38.99000 12.55000 48.76100
29 9 20 04 05 9165.50000 4.89900000 302.83000 38.99000 12.55000 48.93000
29 9 20 04 06 9165.50000 4.89900000 303.06000 38.99000 12.55000 48.93000
29 9 20 04 06 9168.70000 4.89900000 303.06000 38.99000 12.55000 48.93000
29 9 20 04 06 9168.70000 4.89900000 303.06000 38.99000 12.55000 48.93000
29 9 20 04 07 9169.60000 4.89900000 303.18000 38.99000 12.55000 48.93000
29 9 20 04 07 9169.60000 4.89900000 303.18000 38.99000 12.55000 48.93000
29 9 20 04 08 9169.10000 4.89900000 303.18000 38.99000 12.55000 48.93000
29 9 20 04 08 9169.10000 4.89900000 303.05000 38.99000 12.55000 48.93000
29 9 20 04 09 9170.10000 4.89900000 303.05000 38.99000 12.55000 48.93000
29 9 20 04 09 9170.20000 4.89900000 302.98000 38.99000 12.55000 48.93000
29 9 20 04 09 9170.20000 4.89900000 302.98000 38.99000 12.55000 48.93000
29 9 20 04 10 9170.10000 4.89900000 303.10000 38.99000 12.55000 48.93000
29 9 20 04 10 9170.10000 4.89900000 303.10000 38.99000 12.55000 48.93000
29 9 20 04 11 9172.00000 4.89900000 303.10000 38.99000 12.55000 48.93000
29 9 20 04 11 9172.10000 4.89900000 303.10000 38.99000 12.55000 48.93000
29 9 20 04 12 9172.10000 4.89900000 303.05000 38.99000 12.55000 48.93000
29 9 20 04 12 9172.10000 4.89900000 303.00000 38.99000 12.55000 48.93000
29 9 20 04 12 9172.10000 4.89900000 302.96000 38.99000 12.55000 48.93000
29 9 20 04 13 9172.20000 4.89900000 302.96000 38.99000 12.55000 48.93000
29 9 20 04 13 9172.20000 4.89900000 302.96000 38.99000 12.55000 48.93000
29 9 20 04 14 9172.20000 4.89900000 303.02000 38.99000 12.55000 48.93000
29 9 20 04 14 9172.20000 4.89900000 303.10000 38.99000 12.55000 48.93000
29 9 20 04 15 9172.20000 4.89900000 303.10000 38.99000 12.55000 48.93000
29 9 20 04 15 9172.20000 4.89900000 303.10000 38.99000 12.55000 48.93000
29 9 20 04 15 9172.70000 4.89900000 303.10000 38.99000 12.55000 48.93000
29 9 20 04 16 9172.60000 4.89900000 303.17000 38.99000 12.55000 48.93000
29 9 20 04 16 9172.70000 4.89900000 303.18000 38.99000 12.55000 48.93000
29 9 20 04 17 9172.10000 4.89900000 303.18000 38.99000 12.55000 48.93000
29 9 20 04 17 9172.10000 4.89900000 303.18000 38.99000 12.55000 48.93000
29 9 20 04 18 9172.80000 4.89900000 303.18000 38.99000 12.55000 48.93000
29 9 20 04 18 9173.60000 4.89900000 303.31000 38.99000 12.55000 48.93000
29 9 20 04 18 9174.00000 4.89900000 303.31000 38.99000 12.55000 48.93000
29 9 20 04 19 9174.60000 4.89900000 303.31000 38.99000 12.55000 48.93000
29 9 20 04 19 9174.70000 4.89900000 303.34000 38.99000 12.55000 48.93000
