M=[
28 6 21 05 55 28932.30000 34.71600000 1656.80000 110.61000 15.77800 88.30000
28 6 21 05 55 28932.30000 34.71600000 1656.80000 110.61000 15.77800 88.30000
28 6 21 05 56 28946.50000 34.71600000 1657.37000 110.61000 15.77800 88.30000
28 6 21 05 56 28961.40000 34.71600000 1658.40000 110.61000 15.77800 88.30000
28 6 21 05 57 28952.30000 34.71600000 1658.40000 110.61000 15.77800 88.30000
28 6 21 05 57 28954.70000 34.71600000 1658.40000 110.61000 15.77800 88.30000
28 6 21 05 58 28968.30000 34.71600000 1658.40000 110.61000 15.77800 88.30000
28 6 21 05 58 28954.70000 34.71600000 1658.11000 110.70000 15.77800 88.62500
28 6 21 05 58 28954.70000 34.71600000 1657.37000 110.70000 15.77800 88.62500
28 6 21 05 59 28954.80000 34.71600000 1657.37000 110.70000 15.77800 88.62500
28 6 21 05 59 28956.00000 34.71600000 1657.11000 110.70000 15.77800 88.62500
28 6 21 06 00 28956.00000 34.71600000 1658.12000 110.70000 15.77800 88.62500
28 6 21 06 00 28968.70000 34.71600000 1657.30000 110.70000 15.77800 88.62500
28 6 21 06 01 28968.80000 34.71600000 1657.30000 110.70000 15.77800 88.62500
28 6 21 06 01 28954.70000 34.71600000 1657.52000 110.70000 15.77800 88.62500
28 6 21 06 01 28923.80000 34.71600000 1657.52000 110.70000 15.77800 88.62500
28 6 21 06 02 28928.90000 34.71600000 1656.60000 110.49000 15.77800 88.62500
28 6 21 06 02 28945.80000 34.71600000 1656.32000 110.49000 15.77800 88.62500
28 6 21 06 03 28963.60000 34.71600000 1658.61000 110.49000 15.77800 88.62500
28 6 21 06 03 28961.70000 34.71600000 1659.23000 110.49000 15.77800 88.62500
28 6 21 06 04 28954.50000 34.71600000 1659.23000 110.49000 15.77800 88.62500
28 6 21 06 04 28954.00000 34.71600000 1659.24000 110.49000 15.77800 88.62500
28 6 21 06 04 28953.30000 34.71600000 1659.24000 110.49000 15.77800 88.62500
28 6 21 06 05 28945.30000 34.71600000 1663.10000 110.49000 15.77800 88.22200
28 6 21 06 05 28945.20000 34.71600000 1661.84000 110.49000 15.77800 88.22200
28 6 21 06 06 28954.90000 34.71600000 1661.85000 110.44000 15.85800 88.22200
28 6 21 06 06 28967.30000 34.71600000 1660.62000 110.44000 15.85800 88.22200
28 6 21 06 07 28956.80000 34.71600000 1661.03000 110.44000 15.85800 88.22200
28 6 21 06 07 28975.10000 34.77100000 1663.99000 110.44000 15.85800 88.22200
28 6 21 06 07 28990.50000 34.77100000 1663.99000 110.44000 15.85800 88.22200
28 6 21 06 08 28992.30000 34.77100000 1665.46000 110.56000 15.77600 88.22200
28 6 21 06 08 28998.30000 34.77100000 1665.21000 110.57000 15.77600 88.22200
28 6 21 06 09 28999.90000 34.77100000 1665.21000 110.57000 15.77600 88.22200
28 6 21 06 09 28999.90000 34.77100000 1664.04000 110.57000 15.77600 88.22200
28 6 21 06 10 28999.90000 34.77100000 1663.87000 110.57000 15.77600 88.22200
28 6 21 06 10 29000.00000 34.77100000 1663.88000 110.57000 15.77600 88.22200
28 6 21 06 10 28994.80000 34.77100000 1663.88000 110.57000 15.77600 88.22200
28 6 21 06 11 29000.00000 34.77100000 1663.88000 110.57000 15.77600 88.22200
28 6 21 06 11 28999.90000 34.77100000 1664.25000 110.57000 15.77600 88.22200
28 6 21 06 12 28999.90000 34.77100000 1664.26000 110.71000 15.77600 88.22200
28 6 21 06 12 28999.90000 34.77100000 1664.26000 110.71000 15.77600 88.22200
28 6 21 06 13 28989.90000 34.77100000 1662.95000 110.71000 15.77600 88.22200
28 6 21 06 13 28994.60000 34.77100000 1661.66000 110.71000 15.77600 88.22200
28 6 21 06 13 28999.90000 34.77100000 1661.67000 110.71000 15.77600 88.22200
28 6 21 06 14 29009.90000 34.77100000 1663.77000 110.64000 15.77600 88.22200
28 6 21 06 14 29047.90000 34.77100000 1664.44000 110.64000 15.77600 88.22200
28 6 21 06 15 29075.20000 34.77100000 1664.76000 110.64000 15.77600 88.22200
28 6 21 06 15 29066.90000 34.77100000 1664.26000 110.64000 15.77600 88.22200
28 6 21 06 16 29063.90000 34.77100000 1663.26000 110.64000 15.77600 88.22200
28 6 21 06 16 29071.40000 34.98600000 1664.28000 110.64000 15.77600 88.22200
28 6 21 06 16 29074.40000 34.98600000 1665.32000 110.79000 15.77600 88.22200
28 6 21 06 17 29075.40000 34.98600000 1665.32000 110.79000 15.77600 88.22200
28 6 21 06 17 29089.80000 34.98600000 1665.17000 110.80000 15.77600 88.22200
28 6 21 06 18 29141.50000 34.98600000 1665.18000 110.95000 15.77600 88.22200
28 6 21 06 18 29165.90000 34.98600000 1669.01000 110.95000 15.77600 88.22200
28 6 21 06 19 29187.80000 34.98600000 1670.87000 110.95000 15.77600 88.22200
28 6 21 06 19 29142.00000 34.98600000 1670.43000 110.95000 15.77600 88.22200
28 6 21 06 19 29136.20000 34.98600000 1671.00000 110.95000 15.77600 88.22200
28 6 21 06 20 29120.10000 34.98600000 1670.52000 110.95000 15.77600 88.22200
28 6 21 06 20 29082.10000 34.98600000 1668.07000 110.95000 15.77600 88.22200
28 6 21 06 21 29075.90000 34.98600000 1668.07000 110.95000 15.77600 88.22200
28 6 21 06 21 29053.30000 34.98600000 1666.80000 110.79000 15.77600 88.22200
28 6 21 06 22 29037.30000 34.98600000 1666.18000 110.79000 15.77600 88.22200
28 6 21 06 22 29030.10000 34.98600000 1665.50000 110.79000 15.77600 88.22200
28 6 21 06 22 29030.00000 34.98600000 1665.44000 110.79000 15.77600 88.22200
28 6 21 06 23 29037.60000 34.98600000 1665.21000 110.79000 15.77600 88.22200
28 6 21 06 23 29037.60000 34.98600000 1665.21000 110.79000 15.77600 88.22200
28 6 21 06 24 29000.10000 34.98600000 1663.38000 110.79000 15.77600 88.22200
28 6 21 06 24 29019.80000 34.98600000 1664.94000 110.75000 15.77600 88.22200
28 6 21 06 25 29000.00000 34.98600000 1662.83000 110.75000 15.77600 88.22200
28 6 21 06 25 29000.10000 34.98600000 1662.46000 110.75000 15.77600 88.22200
28 6 21 06 25 29000.00000 34.98600000 1661.59000 110.70000 15.77600 88.22200
28 6 21 06 26 29000.80000 34.98600000 1661.59000 110.70000 15.77600 88.22200
28 6 21 06 26 29012.90000 34.98600000 1662.32000 110.70000 15.77600 88.22200
28 6 21 06 27 29000.00000 34.98600000 1662.32000 110.70000 15.77600 88.22200
28 6 21 06 27 29000.00000 34.98600000 1661.57000 110.70000 15.77600 88.22200
28 6 21 06 28 28979.60000 34.98600000 1660.79000 110.54000 15.77600 88.22200
28 6 21 06 28 28971.00000 34.98600000 1661.34000 110.54000 15.77600 88.22200
28 6 21 06 28 28929.40000 34.98600000 1661.34000 110.52000 15.77600 88.22200
28 6 21 06 29 28976.40000 34.98600000 1660.30000 110.52000 15.77600 88.22200
28 6 21 06 29 28946.90000 34.98600000 1660.30000 110.52000 15.77600 88.22200
28 6 21 06 30 28949.90000 34.98600000 1660.16000 110.41000 15.77600 88.22200
28 6 21 06 30 28938.40000 34.98600000 1660.46000 110.41000 15.77600 88.22200
28 6 21 06 31 28933.10000 34.98600000 1658.83000 110.37000 15.77600 88.22200
28 6 21 06 31 28911.20000 34.98600000 1659.60000 110.37000 15.77600 88.22200
28 6 21 06 31 28923.90000 34.98600000 1659.60000 110.30000 15.77600 88.22200
28 6 21 06 32 28932.10000 34.98600000 1659.58000 110.34000 15.77600 88.22200
28 6 21 06 32 28936.70000 34.98600000 1659.27000 110.34000 15.84100 88.22200
28 6 21 06 33 28922.00000 34.98600000 1659.26000 110.34000 15.87200 88.22200
28 6 21 06 33 28922.00000 34.98600000 1660.86000 110.35000 15.87200 88.22200
28 6 21 06 34 28922.30000 34.98600000 1661.33000 110.35000 15.87200 88.22200
28 6 21 06 34 28944.80000 34.98600000 1661.33000 110.35000 15.87200 88.22200
28 6 21 06 34 28944.90000 34.98600000 1661.87000 110.35000 15.87200 88.22200
28 6 21 06 35 28979.00000 34.98600000 1661.62000 110.35000 15.87200 88.22200
28 6 21 06 35 28970.20000 34.86000000 1663.42000 110.35000 15.87200 88.22200
28 6 21 06 36 28970.30000 34.86000000 1663.18000 110.35000 15.87200 88.22200
28 6 21 06 36 28945.00000 34.86000000 1661.34000 110.35000 15.87200 88.22200
28 6 21 06 37 28944.80000 34.86000000 1660.70000 110.35000 15.87200 88.22200
28 6 21 06 37 28921.10000 34.86000000 1660.32000 110.35000 15.87200 88.22200
28 6 21 06 37 28921.10000 34.86000000 1660.06000 110.35000 15.87200 88.20100
28 6 21 06 38 28904.50000 34.86000000 1660.06000 110.13000 15.87200 88.20100
28 6 21 06 38 28888.40000 34.86000000 1660.06000 110.13000 15.87200 88.20100
28 6 21 06 39 28881.60000 34.86000000 1659.37000 110.10000 15.87200 88.20100
