M=[
12 5 21 21 43 45318.80000 85.06800000 3428.82000 296.80000 35.27800 297.53200
12 5 21 21 43 45318.70000 85.00200000 3428.71000 296.80000 35.27800 297.53200
12 5 21 21 44 45266.00000 84.93500000 3417.14000 296.10000 35.27800 296.00000
12 5 21 21 44 45256.50000 84.93500000 3419.91000 296.10000 35.27800 296.01600
12 5 21 21 45 45294.60000 84.93500000 3424.06000 296.08000 35.27800 296.01600
12 5 21 21 45 45333.90000 85.30000000 3426.36000 296.68000 35.27800 297.56200
12 5 21 21 45 45320.50000 85.30000000 3422.55000 296.68000 35.27800 297.82000
12 5 21 21 46 45320.50000 85.27800000 3417.48000 296.68000 35.27800 297.43400
12 5 21 21 46 45298.60000 85.01600000 3413.11000 295.96000 35.27800 297.43400
12 5 21 21 47 45255.90000 85.01600000 3412.28000 296.21000 35.27800 296.50500
12 5 21 21 47 45315.00000 85.00000000 3415.65000 296.43000 35.27800 297.36000
12 5 21 21 48 45290.50000 85.06400000 3411.66000 295.75000 35.27800 297.36000
12 5 21 21 48 45269.00000 84.97000000 3417.92000 295.97000 35.27800 298.33800
12 5 21 21 48 45295.80000 84.97000000 3416.21000 295.97000 35.27800 298.33800
12 5 21 21 49 45282.50000 84.78900000 3416.21000 296.11000 35.27800 298.33800
12 5 21 21 49 45321.30000 84.78900000 3421.59000 296.31000 35.27800 298.36600
12 5 21 21 50 45304.90000 85.15200000 3421.26000 296.12000 35.27800 298.45300
12 5 21 21 50 45257.40000 84.97400000 3415.58000 296.26000 35.27800 297.88000
12 5 21 21 51 45250.10000 84.97400000 3409.29000 295.91000 35.27800 297.88000
12 5 21 21 51 45250.10000 84.97400000 3410.97000 296.15000 35.27800 297.50900
12 5 21 21 51 45236.30000 84.78700000 3409.27000 296.15000 35.27800 297.50900
12 5 21 21 52 45202.10000 84.46600000 3406.50000 295.50000 35.27800 297.50900
12 5 21 21 52 45224.70000 84.46600000 3404.48000 295.73000 35.27800 295.31000
12 5 21 21 53 45200.40000 84.46600000 3405.94000 295.32000 35.27800 295.31000
12 5 21 21 53 45196.80000 84.46600000 3405.77000 295.32000 35.27800 295.31000
12 5 21 21 54 45193.30000 84.51300000 3406.48000 295.32000 35.27800 295.73600
12 5 21 21 54 45219.20000 84.43100000 3410.16000 295.32000 35.27800 295.73600
12 5 21 21 54 45193.00000 84.43100000 3409.03000 295.32000 35.27800 295.67300
12 5 21 21 55 45205.60000 84.55400000 3411.31000 295.85000 35.27800 295.67300
12 5 21 21 55 45221.00000 84.55400000 3416.16000 295.85000 35.27800 295.78000
12 5 21 21 56 45221.00000 84.55400000 3416.96000 295.85000 35.27800 295.64900
12 5 21 21 56 45220.70000 84.55400000 3416.97000 296.24000 35.27800 295.64900
12 5 21 21 57 45247.40000 84.82900000 3420.51000 296.24000 35.27800 295.64900
12 5 21 21 57 45247.50000 84.88400000 3417.70000 296.24000 35.27800 295.64900
12 5 21 21 57 45268.60000 84.88400000 3420.43000 296.24000 35.27800 295.66400
12 5 21 21 58 45268.90000 84.74700000 3420.29000 296.25000 35.22200 295.65000
12 5 21 21 58 45294.50000 84.74700000 3421.60000 296.17000 35.22200 295.65000
12 5 21 21 59 45301.50000 84.74700000 3424.73000 296.17000 35.22200 295.65000
12 5 21 21 59 45334.00000 84.74700000 3428.32000 296.17000 35.22200 295.65000
12 5 21 22 00 45328.50000 84.74700000 3427.34000 296.80000 35.22200 295.79300
12 5 21 22 00 45335.00000 85.00600000 3427.34000 296.94000 35.22200 295.79300
12 5 21 22 00 45366.50000 85.07300000 3427.61000 296.93000 35.22200 295.79300
12 5 21 22 01 45366.60000 85.07300000 3431.66000 297.43000 35.22200 295.79300
12 5 21 22 01 45396.40000 85.21100000 3433.04000 297.58000 35.27700 295.79300
12 5 21 22 02 45405.30000 85.07200000 3433.98000 297.42000 35.31100 296.42600
12 5 21 22 02 45405.30000 85.12800000 3433.21000 297.35000 35.34500 296.42600
12 5 21 22 03 45393.20000 85.12800000 3433.84000 297.35000 35.34500 296.42600
12 5 21 22 03 45393.10000 85.18200000 3430.51000 296.77000 35.34500 296.42600
12 5 21 22 03 45371.00000 85.14800000 3434.48000 296.92000 35.34500 295.44700
12 5 21 22 04 45393.10000 85.14800000 3436.00000 297.13000 35.38000 295.94500
12 5 21 22 04 45405.10000 85.14800000 3440.25000 297.14000 35.38000 295.90000
12 5 21 22 05 45415.30000 85.14800000 3442.39000 297.14000 35.38000 295.90000
12 5 21 22 05 45415.30000 85.14800000 3443.73000 297.63000 35.38000 295.90000
12 5 21 22 06 45425.50000 85.14800000 3442.40000 297.66000 35.41400 298.95100
12 5 21 22 06 45427.30000 85.14800000 3442.99000 297.85000 35.41400 298.95100
12 5 21 22 06 45443.20000 85.14800000 3444.43000 297.85000 35.41400 299.11800
12 5 21 22 07 45288.90000 85.14800000 3442.39000 297.85000 35.41400 299.11800
12 5 21 22 07 45113.70000 84.13300000 3427.83000 296.35000 35.41400 299.11800
12 5 21 22 08 44765.10000 83.41300000 3402.06000 293.10000 34.94100 291.86000
12 5 21 22 08 44511.80000 82.42300000 3366.77000 290.01000 34.93900 288.60000
12 5 21 22 09 44343.70000 82.40000000 3368.09000 289.31000 34.93900 286.93100
12 5 21 22 09 44337.80000 81.66200000 3373.89000 288.08000 34.93900 284.60100
12 5 21 22 09 44231.50000 81.43900000 3370.80000 286.87000 34.93900 281.63500
12 5 21 22 10 44432.90000 81.94800000 3372.19000 288.92000 34.93900 285.29400
12 5 21 22 10 44393.00000 81.97200000 3384.57000 288.29000 35.44700 284.31800
12 5 21 22 11 44343.20000 81.85200000 3385.57000 288.27000 35.44700 284.19700
12 5 21 22 11 44146.60000 82.25100000 3374.14000 286.00000 35.44500 281.47000
12 5 21 22 12 43904.00000 80.00000000 3339.21000 283.21000 34.80300 281.61900
12 5 21 22 12 43782.10000 80.60400000 3333.34000 283.02000 35.44200 281.68800
12 5 21 22 12 43777.00000 80.46400000 3331.81000 282.60000 35.44100 281.00000
12 5 21 22 13 43456.20000 80.00000000 3314.38000 280.60000 34.80100 280.00100
12 5 21 22 13 43437.60000 79.79400000 3314.77000 280.86000 34.80000 281.84700
12 5 21 22 14 43318.70000 79.90700000 3306.94000 279.91000 34.80000 280.45500
12 5 21 22 14 43667.90000 80.94400000 3321.91000 281.95000 34.80000 282.20500
12 5 21 22 15 43745.20000 81.21200000 3332.28000 282.16000 34.75000 283.29900
12 5 21 22 15 43905.20000 81.85100000 3359.75000 283.65000 34.70700 284.57500
12 5 21 22 15 43923.00000 81.59100000 3365.85000 283.68000 34.70700 282.85800
12 5 21 22 16 43873.20000 82.08900000 3380.80000 285.62000 34.70700 285.25200
12 5 21 22 16 44125.50000 81.92200000 3376.60000 285.00000 34.50000 287.43300
12 5 21 22 17 44119.20000 81.97300000 3386.82000 284.71000 34.50000 287.12300
12 5 21 22 17 44159.50000 82.45600000 3382.57000 285.86000 34.50000 288.10600
12 5 21 22 18 44104.30000 82.45600000 3382.31000 286.47000 34.50000 289.31700
12 5 21 22 18 44099.10000 81.76300000 3377.56000 286.00000 34.50000 288.07700
12 5 21 22 18 44100.00000 81.76300000 3389.41000 286.22000 34.50000 288.07700
12 5 21 22 19 44096.30000 82.04200000 3389.90000 286.36000 34.50000 288.07700
12 5 21 22 19 43987.90000 81.77900000 3380.96000 285.96000 34.50000 285.48800
12 5 21 22 20 43869.60000 81.19100000 3370.97000 284.26000 34.48700 281.90500
12 5 21 22 20 43773.10000 80.67900000 3362.67000 283.47000 34.48700 281.90500
12 5 21 22 21 43653.00000 80.87300000 3356.23000 282.37000 34.48200 281.43300
12 5 21 22 21 43703.30000 80.89400000 3360.79000 282.53000 34.33600 281.55500
12 5 21 22 21 43701.10000 80.89400000 3360.35000 281.78000 34.25100 282.54900
12 5 21 22 22 43760.10000 80.89400000 3364.17000 283.22000 34.25100 283.30300
12 5 21 22 22 43924.30000 81.42800000 3373.56000 284.05000 34.26200 284.91300
12 5 21 22 23 43904.90000 81.42800000 3377.72000 284.30000 34.25000 284.79900
12 5 21 22 23 43999.60000 81.42800000 3386.39000 285.05000 34.25000 284.96700
12 5 21 22 24 44042.00000 82.06100000 3397.11000 285.80000 34.25000 287.72400
12 5 21 22 24 44085.40000 82.00000000 3396.65000 285.91000 34.25000 287.72400
12 5 21 22 24 44075.40000 81.90300000 3397.79000 286.13000 34.25000 289.36700
12 5 21 22 25 44098.80000 82.19600000 3415.00000 286.47000 34.25000 288.02400
12 5 21 22 25 44131.00000 82.29600000 3419.52000 287.31000 34.25000 287.84500
12 5 21 22 26 44036.00000 82.08800000 3415.83000 286.96000 34.25000 286.00300
12 5 21 22 26 43955.70000 82.08800000 3404.99000 286.79000 34.25000 286.00300
