M=[
31 3 21 15 04 50114.70000 11.40000000 1567.26000 164.50000 34.35900 130.78300
31 3 21 15 04 50167.10000 11.40000000 1568.08000 164.51000 34.35900 130.78300
31 3 21 15 05 50167.10000 11.40000000 1567.68000 164.49000 34.35900 130.78300
31 3 21 15 05 50155.00000 11.40000000 1567.47000 164.56000 34.35900 130.78300
31 3 21 15 06 50167.10000 11.40000000 1568.04000 164.56000 34.35900 130.78300
31 3 21 15 06 50167.20000 11.40000000 1567.75000 164.54000 34.35900 130.65000
31 3 21 15 07 50167.20000 11.40000000 1567.89000 164.54000 34.35900 130.65000
31 3 21 15 07 50183.90000 11.40000000 1568.08000 164.54000 34.35900 130.65000
31 3 21 15 07 50167.10000 11.40000000 1568.75000 164.54000 34.35900 130.56500
31 3 21 15 08 50221.90000 11.37500000 1568.96000 164.54000 34.35900 130.29400
31 3 21 15 08 50264.20000 11.37500000 1570.85000 164.54000 34.35900 130.45500
31 3 21 15 09 50287.70000 11.40000000 1571.99000 164.90000 34.54000 130.08700
31 3 21 15 09 50287.60000 11.40000000 1571.75000 164.90000 34.54000 129.82400
31 3 21 15 10 50348.00000 11.40000000 1571.73000 164.99000 34.29200 129.82400
31 3 21 15 10 50398.20000 11.40000000 1572.90000 165.11000 34.29200 129.82400
31 3 21 15 10 50370.20000 11.40000000 1573.72000 165.11000 34.29200 129.82400
31 3 21 15 11 50403.80000 11.40000000 1573.00000 165.10000 34.29200 129.82400
31 3 21 15 11 50404.40000 11.44900000 1572.83000 165.10000 34.29200 129.82400
31 3 21 15 12 50420.90000 11.44900000 1573.82000 165.10000 34.29200 129.78500
31 3 21 15 12 50415.10000 11.44900000 1572.30000 165.24000 34.29200 129.78500
31 3 21 15 13 50381.90000 11.41300000 1572.88000 165.13000 34.29200 129.78500
31 3 21 15 13 50390.90000 11.41300000 1572.10000 165.13000 34.29200 130.12000
31 3 21 15 13 50409.50000 11.41300000 1572.35000 165.15000 34.29200 130.12000
31 3 21 15 14 50379.30000 11.41300000 1571.57000 165.16000 34.29200 130.12000
31 3 21 15 14 50355.00000 11.44100000 1571.37000 165.16000 34.29200 130.12000
31 3 21 15 15 50400.00000 11.44100000 1572.86000 165.15000 34.29200 130.12000
31 3 21 15 15 50488.00000 11.44100000 1573.39000 165.43000 34.29200 130.31800
31 3 21 15 16 50559.00000 11.44100000 1573.99000 165.49000 34.29200 130.53400
31 3 21 15 16 50587.90000 11.44100000 1575.00000 165.56000 34.56300 130.53400
31 3 21 15 16 50525.00000 11.44100000 1573.21000 165.55000 34.63100 130.53400
31 3 21 15 17 50500.20000 11.45900000 1573.38000 165.63000 34.63100 130.53400
31 3 21 15 17 50500.00000 11.45900000 1573.43000 165.66000 34.63100 130.53400
31 3 21 15 18 50523.80000 11.45900000 1573.19000 165.69000 34.63100 130.53400
31 3 21 15 18 50503.70000 11.45900000 1573.46000 165.69000 34.63100 130.53400
31 3 21 15 19 50499.90000 11.45900000 1572.44000 165.63000 34.63100 130.53400
31 3 21 15 19 50460.10000 11.45900000 1572.44000 165.46000 34.70100 130.53400
31 3 21 15 19 50495.00000 11.45900000 1574.10000 165.69000 34.70100 130.53400
31 3 21 15 20 50481.10000 11.45900000 1573.96000 165.67000 34.70100 130.53400
31 3 21 15 20 50467.80000 11.45900000 1574.19000 165.67000 34.70100 130.53400
31 3 21 15 21 50452.90000 11.45900000 1573.73000 165.67000 34.70100 130.53400
31 3 21 15 21 50452.50000 11.45900000 1574.01000 165.44000 34.49100 130.53400
31 3 21 15 22 50452.00000 11.45900000 1573.80000 165.40000 34.49100 130.53400
31 3 21 15 22 50450.10000 11.45900000 1573.93000 165.39000 34.67600 130.53400
31 3 21 15 22 50412.70000 11.45900000 1573.54000 165.26000 34.67600 130.53400
31 3 21 15 23 50376.80000 11.45900000 1572.67000 165.26000 34.67600 130.53400
31 3 21 15 23 50321.40000 11.45900000 1570.41000 165.14000 34.67600 130.70500
31 3 21 15 24 50329.00000 11.45900000 1571.11000 165.01000 34.67600 130.53400
31 3 21 15 24 50278.50000 11.45900000 1569.44000 165.00000 34.67600 130.53400
31 3 21 15 25 50327.70000 11.45900000 1570.98000 165.04000 34.67600 130.53400
31 3 21 15 25 50304.60000 11.45900000 1570.50000 164.96000 34.67600 130.53400
31 3 21 15 25 50318.70000 11.45900000 1570.50000 164.96000 34.67600 130.28700
31 3 21 15 26 50287.90000 11.45900000 1571.76000 164.83000 34.67600 130.28700
31 3 21 15 26 50262.10000 11.45900000 1570.70000 164.83000 34.49000 130.28700
31 3 21 15 27 50289.00000 11.45900000 1571.43000 164.96000 34.49000 130.28700
31 3 21 15 27 50289.00000 11.45900000 1571.77000 164.96000 34.49000 130.28700
31 3 21 15 28 50250.00000 11.45900000 1570.92000 164.69000 34.49000 130.28700
31 3 21 15 28 50285.80000 11.45900000 1571.30000 164.76000 34.49000 130.28700
31 3 21 15 28 50308.90000 11.45900000 1571.37000 164.86000 34.49000 130.43500
31 3 21 15 29 50319.00000 11.45900000 1571.16000 164.84000 34.49000 130.43500
31 3 21 15 29 50313.80000 11.45900000 1570.94000 164.72000 34.49000 130.43500
31 3 21 15 30 50348.40000 11.45900000 1571.38000 164.72000 34.49000 130.35500
31 3 21 15 30 50318.80000 11.45900000 1571.38000 164.72000 34.49000 130.35500
31 3 21 15 31 50311.10000 11.45900000 1569.62000 164.56000 34.49000 130.35500
31 3 21 15 31 50311.10000 11.45900000 1569.77000 164.53000 34.49000 130.35500
31 3 21 15 31 50318.70000 11.45900000 1569.65000 164.53000 34.49000 130.35500
31 3 21 15 32 50256.30000 11.45900000 1566.97000 164.53000 34.49000 130.35500
31 3 21 15 32 50107.10000 11.45900000 1562.75000 164.24000 34.49000 130.12000
31 3 21 15 33 50215.50000 11.45900000 1567.11000 164.30000 34.49000 130.12000
31 3 21 15 33 50238.10000 11.45900000 1567.79000 164.30000 34.49000 130.12000
31 3 21 15 34 50260.10000 11.45900000 1567.97000 164.30000 34.49000 130.12000
31 3 21 15 34 50178.20000 11.45900000 1566.62000 164.30000 34.49000 130.12000
31 3 21 15 34 50188.60000 11.45900000 1565.70000 164.30000 34.49000 130.12000
31 3 21 15 35 50240.00000 11.45900000 1566.03000 164.36000 34.49000 130.12000
31 3 21 15 35 50275.50000 11.45900000 1567.54000 164.36000 34.49000 130.12000
31 3 21 15 36 50278.40000 11.35500000 1568.27000 164.45000 34.34700 130.00400
31 3 21 15 36 50278.40000 11.38500000 1568.27000 164.56000 34.34500 130.00400
31 3 21 15 37 50268.40000 11.38500000 1568.11000 164.54000 34.34500 130.00400
31 3 21 15 37 50270.00000 11.38500000 1568.55000 164.54000 34.34500 130.00400
31 3 21 15 37 50319.90000 11.38500000 1568.54000 164.60000 34.34500 130.00400
31 3 21 15 38 50283.90000 11.38500000 1568.47000 164.55000 34.34500 130.00400
31 3 21 15 38 50283.40000 11.38500000 1568.55000 164.55000 34.34500 131.60000
31 3 21 15 39 50270.10000 11.38500000 1568.58000 164.46000 34.34500 131.60000
31 3 21 15 39 50299.90000 11.38500000 1569.27000 164.58000 34.34500 131.76500
31 3 21 15 40 50319.90000 11.38800000 1569.70000 164.65000 34.34500 131.76500
31 3 21 15 40 50302.90000 11.38800000 1569.09000 164.53000 34.39000 131.66400
31 3 21 15 40 50270.00000 11.38800000 1569.00000 164.53000 34.39000 131.25700
31 3 21 15 41 50286.90000 11.36900000 1569.01000 164.53000 34.39000 131.25700
31 3 21 15 41 50293.20000 11.36900000 1569.01000 164.53000 34.34500 131.25700
31 3 21 15 42 50293.70000 11.36900000 1569.01000 164.35000 34.34500 131.45500
31 3 21 15 42 50308.30000 11.36900000 1569.61000 164.36000 34.30400 131.45500
31 3 21 15 43 50311.10000 11.36900000 1569.42000 164.32000 34.30400 131.45500
31 3 21 15 43 50311.30000 11.36900000 1569.08000 164.38000 34.30400 131.45500
31 3 21 15 43 50311.20000 11.36900000 1569.07000 164.38000 34.30400 131.45500
31 3 21 15 44 50278.60000 11.36900000 1569.01000 164.25000 34.30400 131.45500
31 3 21 15 44 50298.90000 11.36900000 1569.13000 164.24000 34.30400 131.46200
31 3 21 15 45 50318.30000 11.36900000 1569.70000 164.24000 34.30400 131.46200
31 3 21 15 45 50315.00000 11.35800000 1569.69000 164.27000 34.30400 131.72200
31 3 21 15 46 50330.30000 11.35800000 1570.08000 164.27000 34.30400 131.81800
31 3 21 15 46 50350.00000 11.35800000 1571.81000 164.27000 34.30400 131.81800
31 3 21 15 46 50350.00000 11.35800000 1571.95000 164.41000 34.30400 131.87700
31 3 21 15 47 50350.00000 11.35800000 1572.00000 164.40000 34.30400 131.60400
31 3 21 15 47 50499.00000 11.35800000 1574.07000 164.45000 34.30400 131.60400
