M=[
 4 4 21 11 59 48962.40000 12.05000000 1746.75000 170.76000 32.71800 156.17200
 4 4 21 12 00 48981.60000 12.05000000 1749.34000 170.86000 32.71800 156.17200
 4 4 21 12 00 48981.60000 12.05000000 1749.58000 171.35000 32.65300 157.08000
 4 4 21 12 01 49002.90000 12.05000000 1749.84000 171.35000 32.65300 157.08000
 4 4 21 12 01 48962.70000 12.05000000 1748.30000 171.35000 32.65300 156.60000
 4 4 21 12 02 48921.90000 12.05000000 1745.99000 171.35000 32.65300 155.75000
 4 4 21 12 02 48919.50000 12.01300000 1743.46000 171.35000 32.65300 155.75000
 4 4 21 12 02 48871.20000 11.99300000 1742.50000 170.55000 32.65300 155.82000
 4 4 21 12 03 48809.40000 11.99300000 1740.55000 170.22000 32.65300 155.82000
 4 4 21 12 03 48828.40000 11.99300000 1739.68000 170.00000 32.65300 155.32100
 4 4 21 12 04 48862.30000 11.99300000 1742.56000 170.31000 32.65300 155.44200
 4 4 21 12 04 48931.00000 11.99300000 1744.59000 170.44000 32.65300 155.82000
 4 4 21 12 05 48893.30000 11.99300000 1742.12000 170.46000 32.65300 155.45900
 4 4 21 12 05 48893.30000 11.99300000 1742.84000 170.57000 32.65300 155.45900
 4 4 21 12 05 48916.20000 11.99300000 1744.24000 170.44000 32.65300 155.45900
 4 4 21 12 06 48882.70000 11.99300000 1743.47000 170.44000 32.65300 155.45900
 4 4 21 12 06 48867.90000 11.99300000 1741.07000 170.18000 32.65300 155.45900
 4 4 21 12 07 48864.70000 11.99300000 1740.00000 170.33000 32.65300 155.45900
 4 4 21 12 07 48870.40000 11.99300000 1740.00000 170.33000 32.65300 155.53400
 4 4 21 12 07 48878.70000 11.99300000 1739.99000 170.44000 32.65300 155.53400
 4 4 21 12 08 48906.00000 11.99300000 1740.11000 170.39000 32.65300 155.53400
 4 4 21 12 08 48919.80000 11.99300000 1740.11000 170.39000 32.65300 155.53400
 4 4 21 12 09 48924.60000 11.99300000 1742.95000 170.38000 32.65300 156.01200
 4 4 21 12 09 48961.10000 11.99300000 1744.06000 170.39000 32.65300 156.01200
 4 4 21 12 10 48972.90000 11.99300000 1745.14000 170.63000 32.65300 156.21500
 4 4 21 12 10 49048.50000 11.99300000 1747.04000 170.93000 32.65300 156.21500
 4 4 21 12 10 49063.80000 11.99300000 1747.61000 170.98000 32.65300 156.21500
 4 4 21 12 11 49075.40000 11.99300000 1748.00000 170.98000 32.65300 156.21500
 4 4 21 12 11 49090.00000 11.99300000 1749.95000 171.18000 32.65300 156.21500
 4 4 21 12 12 49089.90000 11.99300000 1749.95000 171.00000 32.65300 156.55100
 4 4 21 12 12 49132.30000 11.99300000 1749.95000 171.00000 32.65300 156.55100
 4 4 21 12 13 49154.40000 11.99300000 1750.99000 171.00000 32.65300 156.55100
 4 4 21 12 13 49213.70000 11.99300000 1753.00000 171.51000 32.65300 156.55100
 4 4 21 12 13 49229.10000 11.99300000 1753.05000 171.63000 32.72400 156.55100
 4 4 21 12 14 49272.70000 12.11500000 1755.29000 171.63000 32.72400 157.55600
 4 4 21 12 14 49266.40000 12.11500000 1754.62000 171.63000 32.72400 157.55600
 4 4 21 12 15 49254.80000 12.11500000 1754.54000 171.63000 32.72400 157.55600
 4 4 21 12 15 49250.40000 12.11500000 1752.88000 171.87000 32.72400 157.55600
 4 4 21 12 16 49200.00000 12.09100000 1752.37000 171.87000 32.72400 157.55600
 4 4 21 12 16 49290.90000 12.09100000 1755.02000 171.87000 32.72400 157.55600
 4 4 21 12 16 49369.90000 12.09100000 1756.99000 172.51000 32.72400 158.22300
 4 4 21 12 17 49363.40000 12.09100000 1755.27000 172.26000 32.72400 158.61200
 4 4 21 12 17 49377.50000 12.09100000 1757.27000 172.57000 32.72400 158.61200
 4 4 21 12 18 49387.30000 12.09100000 1758.00000 172.66000 32.72400 158.61200
 4 4 21 12 18 49391.10000 12.14100000 1758.99000 172.86000 32.72400 158.61200
 4 4 21 12 19 49391.10000 12.14100000 1758.99000 172.74000 32.72400 158.61200
 4 4 21 12 19 49377.30000 12.14100000 1759.85000 172.74000 32.72400 158.61200
 4 4 21 12 19 49391.00000 12.14100000 1761.00000 172.87000 32.72400 158.61200
 4 4 21 12 20 49391.90000 12.14100000 1762.74000 173.10000 32.72400 158.37300
 4 4 21 12 20 49392.00000 12.14100000 1759.54000 172.97000 32.72400 158.26700
 4 4 21 12 21 49387.00000 12.14100000 1759.90000 172.97000 32.72400 158.26700
 4 4 21 12 21 49363.70000 12.14100000 1759.79000 172.53000 32.72400 158.26700
 4 4 21 12 22 49369.50000 12.14100000 1759.78000 172.59000 32.72400 158.27000
 4 4 21 12 22 49367.10000 12.14100000 1760.89000 172.57000 32.72400 158.27000
 4 4 21 12 22 49334.00000 12.14100000 1759.72000 172.52000 32.72400 158.49900
 4 4 21 12 23 49335.80000 12.14100000 1758.51000 172.52000 32.72400 158.49900
 4 4 21 12 23 49322.90000 12.14100000 1758.17000 172.62000 32.72400 158.42800
 4 4 21 12 24 49322.90000 12.14100000 1758.08000 172.57000 32.72400 158.40400
 4 4 21 12 24 49322.80000 12.14100000 1758.08000 172.57000 32.72400 158.40400
 4 4 21 12 25 49322.80000 12.14100000 1758.08000 172.57000 32.72400 158.40400
 4 4 21 12 25 49301.40000 12.14100000 1758.10000 172.57000 32.72400 158.40400
 4 4 21 12 25 49372.70000 12.14100000 1760.53000 172.57000 32.72400 158.40400
 4 4 21 12 26 49372.60000 12.14100000 1760.53000 172.85000 32.72400 158.44500
 4 4 21 12 26 49330.20000 12.14100000 1760.53000 172.85000 32.72400 158.44500
 4 4 21 12 27 49330.10000 12.18900000 1759.22000 172.79000 32.72400 158.44500
 4 4 21 12 27 49330.10000 12.18900000 1759.60000 172.79000 32.72400 158.44500
 4 4 21 12 28 49312.90000 12.18900000 1758.87000 172.78000 32.72400 157.97200
 4 4 21 12 28 49300.10000 12.18900000 1758.87000 172.78000 32.72400 157.97200
 4 4 21 12 28 49300.10000 12.18900000 1759.57000 172.78000 32.72400 158.13800
 4 4 21 12 29 49300.10000 12.18900000 1760.71000 172.78000 32.72400 158.13800
 4 4 21 12 29 49300.00000 12.18900000 1760.71000 172.78000 32.72400 158.13800
 4 4 21 12 30 49325.30000 12.18900000 1760.90000 172.78000 32.72400 158.13800
 4 4 21 12 30 49338.30000 12.18900000 1762.52000 172.89000 32.72400 158.13800
 4 4 21 12 31 49359.90000 12.18900000 1763.00000 172.89000 32.72400 158.13800
 4 4 21 12 31 49359.90000 12.18900000 1763.00000 172.89000 32.72400 158.13800
 4 4 21 12 31 49309.70000 12.18900000 1762.64000 172.84000 32.72400 158.13800
 4 4 21 12 32 49285.30000 12.18900000 1761.86000 172.84000 32.72400 157.89500
 4 4 21 12 32 49281.50000 12.18900000 1760.96000 172.84000 32.92500 157.89500
 4 4 21 12 33 49284.90000 12.18900000 1761.01000 172.84000 32.92500 157.89500
 4 4 21 12 33 49288.60000 12.18900000 1760.37000 172.68000 32.92500 157.94000
 4 4 21 12 34 49290.60000 12.18900000 1760.13000 172.71000 32.92500 157.94000
 4 4 21 12 34 49290.60000 12.18900000 1760.30000 172.69000 32.92500 157.94000
 4 4 21 12 34 49309.20000 12.18900000 1760.56000 172.81000 32.91900 157.94000
 4 4 21 12 35 49307.00000 12.18900000 1760.56000 172.81000 32.91900 157.94000
 4 4 21 12 35 49309.40000 12.15300000 1759.93000 172.81000 32.91900 157.94000
 4 4 21 12 36 49376.30000 12.15300000 1761.00000 173.07000 32.91900 157.88900
 4 4 21 12 36 49381.10000 12.15300000 1760.80000 173.07000 32.91900 157.88900
 4 4 21 12 37 49354.70000 12.15300000 1761.46000 173.07000 32.91900 157.88900
 4 4 21 12 37 49388.60000 12.15300000 1761.46000 172.95000 32.91900 157.88900
 4 4 21 12 37 49392.00000 12.15300000 1763.35000 173.01000 32.91900 157.88900
 4 4 21 12 38 49369.20000 12.15300000 1761.78000 172.91000 32.91900 157.68000
 4 4 21 12 38 49359.60000 12.15300000 1761.89000 172.91000 32.91900 157.70700
 4 4 21 12 39 49354.70000 12.15300000 1761.78000 172.97000 32.91900 157.70700
 4 4 21 12 39 49373.90000 12.15300000 1762.06000 172.97000 32.91900 157.70700
 4 4 21 12 40 49392.00000 12.15300000 1762.46000 172.95000 32.91900 157.70700
 4 4 21 12 40 49392.00000 12.15300000 1762.46000 172.95000 32.91900 157.70700
 4 4 21 12 40 49390.00000 12.15300000 1762.46000 172.95000 32.91900 157.70700
 4 4 21 12 41 49381.30000 12.15300000 1762.07000 172.95000 32.91900 157.70700
 4 4 21 12 41 49381.30000 12.15300000 1761.36000 172.95000 32.92600 157.70700
 4 4 21 12 42 49367.30000 12.15300000 1761.38000 172.95000 32.92600 158.11300
 4 4 21 12 42 49369.90000 12.15300000 1762.49000 173.23000 32.92600 158.11300
 4 4 21 12 43 49370.00000 12.15300000 1761.33000 173.04000 32.92600 158.11300
