M=[
28 4 21 00 13 45685.20000 28.54700000 2225.97000 216.63000 34.30300 200.19800
28 4 21 00 14 45716.60000 28.54700000 2226.99000 216.63000 34.30300 200.20900
28 4 21 00 14 45717.90000 28.70900000 2227.00000 216.63000 34.30300 200.20900
28 4 21 00 15 45709.60000 28.73600000 2227.32000 216.63000 34.30300 200.20900
28 4 21 00 15 45709.60000 28.73600000 2227.91000 216.90000 34.30300 200.20900
28 4 21 00 16 45685.10000 28.77000000 2226.00000 216.90000 34.30300 200.20900
28 4 21 00 16 45668.80000 28.77000000 2220.82000 216.90000 34.30300 200.20900
28 4 21 00 16 45668.80000 28.92000000 2222.00000 216.78000 34.30300 200.20900
28 4 21 00 17 45709.90000 29.03400000 2224.94000 216.78000 34.30300 200.20900
28 4 21 00 17 45748.00000 29.03400000 2223.55000 216.74000 34.30300 200.20900
28 4 21 00 18 45713.40000 29.03400000 2221.88000 216.74000 34.30300 200.20900
28 4 21 00 18 45724.60000 29.11500000 2222.51000 216.74000 34.30300 200.20900
28 4 21 00 19 45710.80000 29.11500000 2222.73000 217.13000 34.30300 200.20900
28 4 21 00 19 45709.40000 29.11500000 2220.71000 217.05000 34.30300 200.20900
28 4 21 00 19 45730.30000 29.11500000 2223.54000 217.05000 34.30300 200.20900
28 4 21 00 20 45761.70000 29.11500000 2222.23000 217.26000 34.30300 200.20900
28 4 21 00 20 45746.30000 29.16300000 2222.23000 217.26000 34.30300 200.20900
28 4 21 00 21 45755.50000 29.31100000 2222.02000 217.61000 34.30300 200.20900
28 4 21 00 21 45709.40000 29.26500000 2222.12000 217.66000 34.30300 200.20900
28 4 21 00 22 45726.50000 29.32500000 2222.23000 217.65000 34.30300 200.20900
28 4 21 00 22 45747.70000 29.21800000 2222.24000 217.72000 34.30300 200.20900
28 4 21 00 22 45747.70000 29.45800000 2223.30000 217.72000 34.30300 200.20900
28 4 21 00 23 45769.70000 29.55700000 2223.29000 217.72000 34.30300 200.20900
28 4 21 00 23 45769.70000 29.55700000 2224.43000 217.72000 34.35500 200.20900
28 4 21 00 24 45769.90000 29.61900000 2226.00000 217.84000 34.35500 200.57300
28 4 21 00 24 45769.90000 29.61900000 2228.00000 217.84000 34.35500 200.57300
28 4 21 00 25 45769.90000 29.61900000 2227.99000 217.88000 34.35500 200.57300
28 4 21 00 25 45770.00000 29.68200000 2228.00000 217.69000 34.35500 200.57300
28 4 21 00 25 45770.00000 29.60000000 2228.26000 217.66000 34.35500 200.57300
28 4 21 00 26 45770.00000 29.60000000 2228.26000 217.66000 34.35500 200.57300
28 4 21 00 26 45769.90000 29.60000000 2229.00000 217.36000 34.35500 200.57300
28 4 21 00 27 45837.30000 29.60000000 2229.00000 217.52000 34.35500 200.57300
28 4 21 00 27 45845.40000 29.60000000 2229.00000 217.64000 34.35500 200.57300
28 4 21 00 28 45860.00000 29.55700000 2229.00000 217.78000 34.35500 200.57300
28 4 21 00 28 45860.00000 29.53100000 2228.12000 217.74000 34.35500 200.57300
28 4 21 00 28 45823.70000 29.53100000 2224.46000 217.74000 34.35500 200.57300
28 4 21 00 29 45825.50000 29.53100000 2223.33000 217.74000 34.35500 200.57300
28 4 21 00 29 45803.20000 29.50100000 2222.81000 217.74000 34.35500 200.57300
28 4 21 00 30 45803.20000 29.60000000 2223.29000 217.74000 34.35500 200.57300
28 4 21 00 30 45814.40000 29.60000000 2226.41000 217.92000 34.35500 200.57300
28 4 21 00 31 45803.50000 29.49800000 2226.41000 217.92000 34.35500 200.57300
28 4 21 00 31 45781.50000 29.39300000 2222.96000 217.92000 34.35500 200.57300
28 4 21 00 31 45787.90000 29.39300000 2222.88000 217.92000 34.35500 200.57300
28 4 21 00 32 45778.20000 29.58400000 2219.31000 217.98000 34.35500 200.57300
28 4 21 00 32 45756.40000 29.58400000 2218.09000 217.98000 34.35500 200.57300
28 4 21 00 33 45760.70000 29.58400000 2218.71000 217.98000 34.35500 200.57300
28 4 21 00 33 45728.70000 29.58400000 2217.54000 217.44000 34.35500 200.57300
28 4 21 00 34 45743.00000 29.58400000 2219.00000 217.44000 34.35500 200.57300
28 4 21 00 34 45821.60000 29.53000000 2221.09000 217.44000 34.35500 200.87700
28 4 21 00 34 45829.10000 29.53000000 2223.00000 217.44000 34.35500 200.87700
28 4 21 00 35 45857.00000 29.53000000 2224.00000 217.68000 34.35500 200.87700
28 4 21 00 35 45836.90000 29.53000000 2222.90000 217.68000 34.35500 200.87700
28 4 21 00 36 45836.90000 29.57900000 2222.36000 217.68000 34.35500 200.87700
28 4 21 00 36 45844.40000 29.57900000 2223.00000 217.99000 34.35500 200.87700
28 4 21 00 37 45845.10000 29.57900000 2224.00000 218.00000 34.35500 200.87700
28 4 21 00 37 45860.00000 29.70000000 2224.00000 218.07000 34.35500 200.87700
28 4 21 00 37 45860.00000 29.79600000 2228.00000 218.20000 34.35500 200.87700
28 4 21 00 38 45860.00000 29.87600000 2228.00000 218.20000 34.35500 201.00800
28 4 21 00 38 45860.00000 29.87600000 2228.00000 218.39000 34.35500 201.00800
28 4 21 00 39 45860.00000 29.85400000 2228.00000 218.57000 34.35500 201.00800
28 4 21 00 39 45860.00000 29.85400000 2227.90000 218.58000 34.35500 201.00800
28 4 21 00 40 45860.00000 29.85400000 2227.90000 218.58000 34.35500 201.00800
28 4 21 00 40 45860.00000 29.85400000 2227.21000 218.58000 34.35500 201.00800
28 4 21 00 40 45860.00000 29.85400000 2227.18000 218.58000 34.35500 201.00800
28 4 21 00 41 45860.00000 29.85400000 2226.88000 218.30000 34.35300 201.00800
28 4 21 00 41 45872.50000 29.99800000 2229.50000 218.69000 34.32100 201.00800
28 4 21 00 42 45900.00000 30.00000000 2228.12000 218.81000 34.32100 201.14600
28 4 21 00 42 45899.90000 30.00000000 2228.12000 218.30000 34.32100 201.14600
28 4 21 00 42 45838.40000 29.97800000 2226.01000 218.30000 34.32100 201.14600
28 4 21 00 43 45838.40000 29.97800000 2224.26000 218.30000 34.32100 201.14600
28 4 21 00 43 45838.90000 29.97800000 2224.28000 218.30000 34.32100 201.14600
28 4 21 00 44 45839.00000 29.92000000 2224.89000 218.88000 34.32100 201.14600
28 4 21 00 44 45834.00000 29.92000000 2224.85000 218.79000 34.35600 201.14600
28 4 21 00 45 45823.60000 29.72100000 2225.97000 218.72000 34.37500 201.14600
28 4 21 00 45 45818.60000 29.72100000 2225.54000 218.76000 34.37500 201.14600
28 4 21 00 45 45808.10000 29.72100000 2222.52000 218.76000 34.37500 201.14600
28 4 21 00 46 45818.20000 29.61300000 2223.02000 218.24000 34.37500 201.14600
28 4 21 00 46 45808.30000 29.61300000 2220.80000 218.38000 34.37500 201.14600
28 4 21 00 47 45808.30000 29.61800000 2222.13000 218.38000 34.37500 201.14600
28 4 21 00 47 45808.30000 29.61800000 2225.19000 218.38000 34.37500 201.14600
28 4 21 00 48 45823.60000 29.54900000 2225.63000 218.81000 34.37500 201.14700
28 4 21 00 48 45823.60000 29.54900000 2223.28000 218.81000 34.37500 201.14700
28 4 21 00 48 45823.60000 29.54900000 2222.87000 218.21000 34.37500 201.14700
28 4 21 00 49 45812.80000 29.54900000 2223.67000 218.47000 34.37500 201.14700
28 4 21 00 49 45808.20000 29.54900000 2223.74000 218.47000 34.37500 201.14700
28 4 21 00 50 45819.30000 29.54900000 2223.74000 218.81000 34.37500 201.14700
28 4 21 00 50 45823.50000 29.54900000 2224.26000 218.77000 34.37500 201.14700
28 4 21 00 51 45823.60000 29.54900000 2224.20000 218.77000 34.37500 201.14700
28 4 21 00 51 45823.60000 29.54900000 2224.20000 218.77000 34.32200 201.14700
28 4 21 00 51 45808.20000 29.54900000 2222.99000 218.77000 34.32200 201.14700
28 4 21 00 52 45808.30000 29.54900000 2222.99000 218.71000 34.46800 201.14700
28 4 21 00 52 45808.20000 29.54900000 2222.99000 218.71000 34.41400 201.14700
28 4 21 00 53 45808.30000 29.50200000 2221.25000 218.71000 34.41400 201.14700
28 4 21 00 53 45808.30000 29.50200000 2222.06000 218.34000 34.41400 201.14700
28 4 21 00 54 45815.20000 29.50200000 2222.07000 218.34000 34.41400 201.18000
28 4 21 00 54 45865.90000 29.50200000 2224.18000 218.55000 34.41400 201.18000
28 4 21 00 54 45865.90000 29.50200000 2224.18000 218.55000 34.41400 201.18000
28 4 21 00 55 45896.50000 29.50200000 2226.11000 218.49000 34.41400 201.18000
28 4 21 00 55 45896.40000 29.53200000 2225.56000 218.49000 34.41400 201.17900
28 4 21 00 56 45896.50000 29.55700000 2225.53000 218.49000 34.41400 201.14700
28 4 21 00 56 45863.20000 29.55700000 2225.52000 218.53000 34.41400 201.14700
28 4 21 00 57 45869.40000 29.55700000 2225.56000 218.53000 34.41400 201.14700
