M=[
29 5 20 09 47 8489.00000 6.33600000 197.41000 40.01000 11.49700 42.12400
29 5 20 09 47 8495.00000 6.36700000 197.41000 40.00000 11.49700 42.12400
29 5 20 09 48 8492.40000 6.36700000 197.30000 40.00000 11.49700 42.12400
29 5 20 09 48 8492.50000 6.36700000 197.30000 40.00000 11.49700 42.12400
29 5 20 09 49 8491.00000 6.36700000 197.20000 40.00000 11.49700 42.12400
29 5 20 09 49 8491.10000 6.36700000 197.19000 40.00000 11.49700 42.12400
29 5 20 09 50 8490.00000 6.36700000 197.15000 40.00000 11.49700 42.12400
29 5 20 09 50 8490.00000 6.36700000 197.17000 40.00000 11.49700 42.12400
29 5 20 09 51 8490.70000 6.36700000 197.19000 40.00000 11.42400 42.12400
29 5 20 09 51 8490.90000 6.36700000 197.20000 40.00000 11.49700 42.12400
29 5 20 09 52 8490.00000 6.36700000 197.20000 40.00000 11.49700 42.12400
29 5 20 09 52 8490.00000 6.36700000 197.19000 40.00000 11.49700 42.12400
29 5 20 09 53 8492.00000 6.36700000 197.39000 40.06000 11.49700 42.12400
29 5 20 09 53 8491.90000 6.36700000 197.26000 40.06000 11.49700 41.98200
29 5 20 09 54 8492.00000 6.36700000 197.39000 40.06000 11.49700 42.12400
29 5 20 09 54 8495.10000 6.36700000 197.39000 40.06000 11.49700 41.98200
29 5 20 09 55 8495.50000 6.36700000 197.23000 40.06000 11.49700 42.12400
29 5 20 09 55 8490.00000 6.36700000 197.24000 40.06000 11.49700 42.12400
29 5 20 09 56 8490.10000 6.36700000 197.30000 40.05000 11.49700 42.12400
29 5 20 09 56 8490.10000 6.36700000 197.39000 40.06000 11.49700 42.12400
29 5 20 09 57 8489.30000 6.36700000 197.35000 40.05000 11.49700 42.12400
29 5 20 09 57 8486.90000 6.36700000 197.35000 40.05000 11.49700 42.12400
29 5 20 09 58 8486.30000 6.36700000 197.35000 40.06000 11.49700 42.12400
29 5 20 09 58 8486.90000 6.36700000 197.31000 40.06000 11.49700 42.12400
29 5 20 09 59 8485.10000 6.36700000 197.35000 40.05000 11.49700 42.12400
29 5 20 10 00 8480.50000 6.33800000 197.10000 40.04000 11.49700 42.12400
29 5 20 10 00 8467.60000 6.33800000 196.74000 40.04000 11.49700 42.12400
29 5 20 10 01 8466.50000 6.36700000 196.86000 40.05000 11.49700 42.12400
29 5 20 10 01 8474.70000 6.33800000 196.86000 40.04000 11.44200 42.12400
29 5 20 10 02 8477.40000 6.33800000 197.04000 39.97000 11.49700 41.98200
29 5 20 10 02 8482.00000 6.33800000 197.04000 39.97000 11.49700 42.12400
29 5 20 10 03 8487.30000 6.33800000 197.15000 39.96000 11.49700 42.12400
29 5 20 10 03 8491.10000 6.33800000 197.24000 39.97000 11.49700 42.12400
29 5 20 10 04 8488.10000 6.33800000 197.24000 39.96000 11.49700 42.12400
29 5 20 10 04 8487.00000 6.36700000 197.30000 40.04000 11.49700 42.12400
29 5 20 10 05 8485.10000 6.33800000 197.29000 40.04000 11.49700 42.06500
29 5 20 10 05 8488.00000 6.33800000 197.24000 39.96000 11.49700 42.06500
29 5 20 10 06 8485.30000 6.33800000 197.25000 40.04000 11.49700 42.06500
29 5 20 10 06 8485.30000 6.34600000 197.31000 40.04000 11.49700 42.06500
29 5 20 10 07 8485.70000 6.34600000 197.26000 40.04000 11.49700 42.06500
29 5 20 10 07 8488.50000 6.34600000 197.27000 40.03000 11.49700 42.06500
29 5 20 10 07 8488.50000 6.34600000 197.27000 40.03000 11.49700 42.06500
29 5 20 10 08 8488.40000 6.34600000 197.35000 39.96000 11.49700 42.06500
29 5 20 10 08 8488.50000 6.33600000 197.38000 40.03000 11.49700 42.06500
29 5 20 10 09 8487.70000 6.34600000 197.38000 40.03000 11.49700 42.06500
29 5 20 10 09 8485.90000 6.33600000 197.34000 40.00000 11.44200 42.06500
29 5 20 10 10 8483.60000 6.34600000 197.37000 40.00000 11.49700 42.06500
29 5 20 10 10 8482.70000 6.34600000 197.38000 40.00000 11.49700 42.06500
29 5 20 10 11 8487.80000 6.34600000 197.29000 40.00000 11.49700 42.06500
29 5 20 10 11 8487.40000 6.34600000 197.37000 40.00000 11.49700 42.06500
29 5 20 10 12 8489.90000 6.34600000 197.38000 40.00000 11.49700 42.06500
29 5 20 10 12 8492.60000 6.34600000 197.41000 40.03000 11.49700 42.06500
29 5 20 10 13 8492.60000 6.34600000 197.44000 40.00000 11.49700 42.06500
29 5 20 10 13 8491.20000 6.34600000 197.44000 40.03000 11.49700 42.06500
29 5 20 10 14 8495.20000 6.36700000 197.43000 40.03000 11.49700 42.06500
29 5 20 10 14 8496.60000 6.34600000 197.43000 40.03000 11.42400 42.06500
29 5 20 10 15 8494.50000 6.34600000 197.38000 40.03000 11.49700 42.06500
29 5 20 10 15 8493.20000 6.34600000 197.24000 40.03000 11.49700 42.12400
29 5 20 10 16 8493.10000 6.34600000 197.40000 40.03000 11.49700 41.98200
29 5 20 10 16 8494.00000 6.34600000 197.30000 40.03000 11.49700 42.06500
29 5 20 10 17 8493.60000 6.34600000 197.30000 40.03000 11.49700 42.06500
29 5 20 10 17 8496.90000 6.33600000 197.37000 40.03000 11.49700 42.06500
29 5 20 10 18 8497.00000 6.34600000 197.37000 40.03000 11.49700 42.06500
29 5 20 10 18 8496.90000 6.34600000 197.40000 40.03000 11.49700 42.06500
29 5 20 10 19 8496.00000 6.34600000 197.40000 40.03000 11.49700 42.06500
29 5 20 10 19 8495.10000 6.34600000 197.40000 40.03000 11.49700 42.06500
29 5 20 10 20 8495.10000 6.34600000 197.42000 39.96000 11.49700 42.06500
29 5 20 10 20 8490.10000 6.34600000 197.25000 40.03000 11.49700 42.06500
29 5 20 10 21 8485.70000 6.34600000 197.22000 40.03000 11.49700 42.06500
29 5 20 10 21 8485.00000 6.34600000 197.23000 40.03000 11.49700 42.06500
29 5 20 10 22 8485.00000 6.34600000 197.03000 40.03000 11.49700 42.06500
29 5 20 10 22 8485.00000 6.36700000 197.07000 40.03000 11.49700 42.06500
29 5 20 10 23 8485.60000 6.34600000 197.11000 40.03000 11.49700 41.95500
29 5 20 10 23 8485.10000 6.34600000 197.11000 40.03000 11.49700 42.06500
29 5 20 10 24 8485.00000 6.34600000 197.17000 39.98000 11.49700 42.06500
29 5 20 10 24 8485.30000 6.34600000 197.14000 39.96000 11.42400 42.06500
29 5 20 10 25 8485.20000 6.34600000 197.20000 39.98000 11.49700 42.06500
29 5 20 10 25 8485.30000 6.34600000 197.19000 39.98000 11.49700 42.06500
29 5 20 10 26 8489.70000 6.31900000 197.19000 39.99000 11.49700 42.06500
29 5 20 10 26 8493.20000 6.31900000 197.26000 39.99000 11.42400 41.96900
29 5 20 10 27 8495.00000 6.31900000 197.26000 39.99000 11.49700 41.96900
29 5 20 10 27 8495.50000 6.31900000 197.26000 39.99000 11.49700 41.96900
29 5 20 10 28 8493.10000 6.31900000 197.32000 39.99000 11.49700 41.96900
29 5 20 10 28 8493.20000 6.31900000 197.22000 39.99000 11.49700 41.96900
29 5 20 10 29 8493.30000 6.31900000 197.27000 39.99000 11.49700 41.96900
29 5 20 10 29 8491.60000 6.32400000 197.27000 39.99000 11.49700 41.96900
29 5 20 10 30 8491.60000 6.32400000 197.23000 39.99000 11.49700 41.96900
29 5 20 10 30 8480.10000 6.32400000 197.11000 39.99000 11.49700 41.96900
29 5 20 10 31 8480.10000 6.32400000 197.11000 39.99000 11.49700 41.96900
29 5 20 10 31 8485.50000 6.32400000 197.03000 39.99000 11.49700 41.96900
29 5 20 10 32 8482.60000 6.32400000 197.02000 40.01000 11.49700 41.96900
29 5 20 10 32 8482.50000 6.32400000 197.02000 40.01000 11.42400 41.96900
29 5 20 10 33 8480.20000 6.32400000 196.93000 40.01000 11.49700 41.96900
29 5 20 10 33 8479.10000 6.32400000 196.92000 40.01000 11.49700 41.96900
29 5 20 10 34 8477.20000 6.32400000 196.92000 40.01000 11.49700 41.96900
29 5 20 10 34 8474.00000 6.32400000 196.92000 40.01000 11.49700 41.96900
29 5 20 10 35 8470.60000 6.32400000 196.92000 39.95000 11.49700 41.96900
29 5 20 10 35 8470.50000 6.32400000 196.92000 39.95000 11.49700 41.96900
29 5 20 10 36 8474.80000 6.31900000 196.80000 39.95000 11.49700 41.96900
29 5 20 10 36 8474.60000 6.31900000 196.80000 39.95000 11.49700 41.96900
29 5 20 10 37 8471.10000 6.31900000 196.75000 39.93000 11.49700 41.96900
29 5 20 10 37 8473.30000 6.31900000 196.75000 40.01000 11.42500 41.96900
29 5 20 10 38 8473.90000 6.31900000 196.77000 39.93000 11.42500 41.96900
29 5 20 10 38 8479.00000 6.31900000 196.88000 39.94000 11.42500 41.96900
29 5 20 10 39 8474.00000 6.31900000 196.85000 39.94000 11.42500 42.01500
29 5 20 10 39 8475.60000 6.31900000 196.81000 39.94000 11.49700 42.01500
29 5 20 10 40 8473.60000 6.31900000 196.76000 40.01000 11.42500 42.01500
29 5 20 10 40 8455.90000 6.31900000 196.48000 39.85000 11.42500 42.01500
29 5 20 10 41 8471.90000 6.31900000 196.50000 39.85000 11.42500 42.01500
