M=[
 9 6 21 22 55 30480.10000 50.51000000 2134.91000 140.86000 22.35800 118.25700
 9 6 21 22 56 30467.00000 50.51000000 2134.91000 140.86000 22.35800 118.25700
 9 6 21 22 56 30466.60000 50.53700000 2134.91000 140.86000 22.35800 118.25700
 9 6 21 22 57 30467.00000 50.53700000 2134.91000 140.86000 22.35800 118.25700
 9 6 21 22 57 30494.60000 50.53700000 2135.71000 140.83000 22.35800 118.25700
 9 6 21 22 58 30500.00000 50.64400000 2135.71000 140.83000 22.35800 118.25700
 9 6 21 22 58 30491.30000 50.64400000 2135.71000 140.83000 22.35800 118.25700
 9 6 21 22 58 30499.90000 50.64400000 2135.71000 140.84000 22.35800 118.25700
 9 6 21 22 59 30500.00000 50.64400000 2136.89000 140.82000 22.35800 118.25700
 9 6 21 22 59 30484.50000 50.64400000 2136.09000 140.82000 22.35800 118.25700
 9 6 21 23 00 30474.20000 50.64400000 2135.28000 140.82000 22.35800 118.25700
 9 6 21 23 00 30439.40000 50.64400000 2133.36000 140.65000 22.35800 117.99400
 9 6 21 23 01 30400.90000 50.64400000 2132.39000 140.52000 22.35800 117.99400
 9 6 21 23 01 30382.90000 50.64400000 2128.56000 140.49000 22.35800 117.99400
 9 6 21 23 01 30400.40000 50.64400000 2129.33000 140.32000 22.35800 117.99400
 9 6 21 23 02 30411.10000 50.64400000 2130.88000 140.41000 22.35800 117.99400
 9 6 21 23 02 30391.20000 50.64400000 2128.89000 140.38000 22.35800 117.99400
 9 6 21 23 03 30382.60000 50.64400000 2126.56000 140.38000 22.35800 117.99400
 9 6 21 23 03 30370.10000 50.64400000 2126.56000 140.38000 22.35800 117.70200
 9 6 21 23 04 30390.50000 50.33500000 2126.56000 140.38000 22.35800 117.70200
 9 6 21 23 04 30394.90000 50.44600000 2129.63000 140.38000 22.35800 117.70200
 9 6 21 23 04 30395.00000 50.44600000 2130.00000 140.38000 22.17800 117.70200
 9 6 21 23 05 30400.00000 50.44600000 2130.00000 140.38000 22.17800 117.70200
 9 6 21 23 05 30435.40000 50.44600000 2131.64000 140.38000 22.17800 117.70200
 9 6 21 23 06 30468.30000 50.44600000 2132.85000 140.38000 22.17800 117.70200
 9 6 21 23 06 30458.00000 50.44600000 2131.18000 140.38000 22.17800 117.70200
 9 6 21 23 07 30459.30000 50.44600000 2131.18000 140.35000 22.17800 117.70200
 9 6 21 23 07 30450.20000 50.44600000 2131.18000 140.35000 22.17800 117.70200
 9 6 21 23 07 30487.80000 50.44600000 2131.18000 140.35000 22.12300 117.70200
 9 6 21 23 08 30500.00000 50.44600000 2133.36000 140.44000 22.12300 117.70200
 9 6 21 23 08 30483.30000 50.44600000 2133.36000 140.39000 22.12300 117.70200
 9 6 21 23 09 30483.30000 50.44600000 2133.36000 140.39000 22.12300 117.70200
 9 6 21 23 09 30503.80000 50.44600000 2133.36000 140.39000 22.12300 117.70200
 9 6 21 23 10 30533.40000 50.44600000 2133.36000 140.39000 22.12300 117.70200
 9 6 21 23 10 30549.80000 50.44600000 2133.36000 140.39000 22.12300 117.70200
 9 6 21 23 10 30551.60000 50.44600000 2135.11000 140.39000 22.12300 117.70200
 9 6 21 23 11 30524.40000 50.44600000 2134.31000 140.51000 22.12300 117.70200
 9 6 21 23 11 30527.80000 50.44600000 2134.31000 140.51000 22.12300 117.70200
 9 6 21 23 12 30528.60000 50.44600000 2134.31000 140.51000 22.12300 117.70200
 9 6 21 23 12 30552.40000 50.44600000 2134.31000 140.51000 22.12300 117.70200
 9 6 21 23 13 30571.20000 50.44600000 2139.17000 140.51000 22.12300 117.70200
 9 6 21 23 13 30643.30000 50.44600000 2141.12000 140.51000 22.12300 118.37100
 9 6 21 23 13 30691.90000 50.99500000 2142.32000 141.27000 22.12300 118.69100
 9 6 21 23 14 30640.60000 50.99500000 2142.32000 141.27000 22.12300 118.95100
 9 6 21 23 14 30625.80000 50.99500000 2138.59000 141.27000 22.12300 118.95100
 9 6 21 23 15 30584.80000 50.99500000 2138.59000 141.05000 22.12300 118.95100
 9 6 21 23 15 30577.20000 50.99500000 2138.10000 141.05000 22.12300 118.95100
 9 6 21 23 16 30605.90000 50.99500000 2140.85000 141.18000 22.12300 118.95100
 9 6 21 23 16 30579.70000 50.99500000 2140.44000 141.18000 22.12300 118.95100
 9 6 21 23 16 30550.30000 50.99500000 2138.94000 141.18000 22.12300 118.95100
 9 6 21 23 17 30534.30000 50.99500000 2138.36000 141.18000 22.12300 118.95100
 9 6 21 23 17 30598.60000 50.99500000 2137.43000 141.18000 22.12300 118.95100
 9 6 21 23 18 30583.10000 50.99500000 2139.36000 141.04000 22.12300 118.95100
 9 6 21 23 18 30614.80000 50.99500000 2140.30000 141.04000 22.12300 118.95100
 9 6 21 23 19 30592.70000 50.99500000 2139.34000 141.04000 22.12300 118.95100
 9 6 21 23 19 30590.80000 50.99500000 2139.34000 141.04000 22.12300 118.98500
 9 6 21 23 19 30588.50000 50.99500000 2139.34000 141.04000 22.12300 118.98500
 9 6 21 23 20 30584.10000 50.99500000 2139.34000 141.04000 22.12300 118.98500
 9 6 21 23 20 30586.80000 50.99500000 2139.34000 141.04000 22.12300 118.98500
 9 6 21 23 21 30584.10000 50.99500000 2139.34000 141.17000 22.12300 118.98500
 9 6 21 23 21 30558.40000 50.99500000 2138.00000 141.17000 22.12300 118.98500
 9 6 21 23 22 30563.70000 50.68500000 2136.93000 140.99000 22.12300 118.98500
 9 6 21 23 22 30571.80000 50.77300000 2136.93000 141.09000 22.12300 118.98500
 9 6 21 23 22 30586.00000 50.77300000 2136.93000 141.09000 22.12300 118.98500
 9 6 21 23 23 30585.90000 50.70500000 2137.71000 141.10000 22.12300 118.98500
 9 6 21 23 23 30583.90000 50.70500000 2137.53000 141.10000 22.12300 118.98500
 9 6 21 23 24 30586.70000 50.70500000 2137.53000 141.10000 22.12300 118.98500
 9 6 21 23 24 30600.00000 50.70500000 2137.53000 141.10000 22.12300 118.98500
 9 6 21 23 25 30639.10000 50.70500000 2139.70000 141.24000 22.12300 118.98500
 9 6 21 23 25 30628.10000 50.70500000 2139.70000 141.24000 22.12300 118.98500
 9 6 21 23 25 30602.20000 50.70500000 2139.70000 141.12000 22.12300 118.98500
 9 6 21 23 26 30589.80000 50.70500000 2138.02000 141.09000 22.12300 118.98500
 9 6 21 23 26 30578.60000 50.70500000 2137.58000 141.09000 22.12300 118.98500
 9 6 21 23 27 30653.90000 50.70500000 2137.58000 141.27000 22.12300 118.98500
 9 6 21 23 27 30694.90000 50.84000000 2140.76000 141.38000 22.12300 118.99900
 9 6 21 23 28 30700.00000 50.84000000 2140.76000 141.38000 22.12300 118.99900
 9 6 21 23 28 30694.60000 50.84000000 2140.76000 141.34000 22.12300 118.99900
 9 6 21 23 28 30685.20000 50.84000000 2140.76000 141.34000 22.12300 118.99900
 9 6 21 23 29 30676.00000 50.84000000 2140.40000 141.33000 22.12300 118.99900
 9 6 21 23 29 30718.20000 50.84000000 2142.30000 141.43000 22.12300 118.99900
 9 6 21 23 30 30712.40000 50.84000000 2142.30000 141.54000 22.12300 118.99900
 9 6 21 23 30 30718.20000 50.84000000 2142.30000 141.39000 22.12300 118.99900
 9 6 21 23 31 30781.90000 50.84000000 2143.18000 141.39000 22.12300 118.99700
 9 6 21 23 31 30696.10000 50.84000000 2141.73000 141.46000 22.12300 118.99700
 9 6 21 23 31 30736.20000 50.99900000 2140.75000 141.19000 22.21800 118.99700
 9 6 21 23 32 30748.00000 50.99900000 2142.86000 141.28000 22.21800 118.99700
 9 6 21 23 32 30762.40000 51.03600000 2139.47000 141.23000 22.21800 118.99700
 9 6 21 23 33 30747.70000 51.03600000 2139.47000 141.23000 22.21800 118.99700
 9 6 21 23 33 30744.10000 51.03600000 2139.47000 141.23000 22.21800 118.99700
 9 6 21 23 34 30744.00000 50.89900000 2136.75000 140.90000 22.21800 118.99700
 9 6 21 23 34 30718.30000 50.89900000 2135.26000 140.90000 22.21800 118.99700
 9 6 21 23 34 30744.10000 50.89900000 2137.73000 140.60000 22.21800 118.99700
 9 6 21 23 35 30794.90000 50.95600000 2140.03000 140.60000 22.21800 118.99700
 9 6 21 23 35 30771.60000 50.95600000 2139.69000 140.60000 22.21800 118.99700
 9 6 21 23 36 30799.90000 50.95600000 2139.69000 140.60000 22.21800 118.99700
 9 6 21 23 36 30792.10000 50.95600000 2138.69000 140.60000 22.21800 118.99700
 9 6 21 23 37 30779.40000 50.95600000 2138.00000 140.60000 22.21800 118.99700
 9 6 21 23 37 30779.50000 51.07000000 2138.00000 140.60000 22.21800 118.99700
 9 6 21 23 37 30779.50000 51.07000000 2138.00000 140.60000 22.21800 118.99700
 9 6 21 23 38 30779.50000 51.07000000 2137.82000 140.60000 22.21800 118.99700
 9 6 21 23 38 30779.40000 51.07000000 2137.29000 140.60000 22.21800 118.99700
 9 6 21 23 39 30814.80000 51.07000000 2137.09000 141.15000 22.06600 118.56600
