M=[
10 4 21 03 44 49484.50000 15.93400000 1790.96000 189.65000 45.47000 165.38300
10 4 21 03 45 49484.50000 15.91400000 1790.91000 189.57000 45.47000 165.38300
10 4 21 03 45 49460.80000 15.91400000 1790.91000 189.54000 45.47000 165.38300
10 4 21 03 45 49460.80000 15.88200000 1790.24000 189.47000 45.47000 165.38300
10 4 21 03 46 49460.80000 15.88200000 1790.24000 189.44000 45.38600 165.38300
10 4 21 03 46 49460.90000 15.88200000 1789.40000 189.43000 45.38600 165.38300
10 4 21 03 47 49451.00000 15.88200000 1790.12000 189.38000 45.38600 165.38300
10 4 21 03 47 49450.90000 15.88200000 1790.08000 189.38000 45.38600 165.38300
10 4 21 03 48 49451.00000 15.88200000 1790.23000 189.32000 45.49400 165.38300
10 4 21 03 48 49451.00000 15.88200000 1793.36000 189.58000 45.49400 165.38300
10 4 21 03 48 49464.60000 15.88200000 1792.61000 189.58000 45.49400 165.38300
10 4 21 03 49 49468.80000 15.85800000 1791.80000 189.37000 45.49400 165.38300
10 4 21 03 49 49418.20000 15.86400000 1790.78000 189.37000 45.49400 165.22900
10 4 21 03 50 49447.30000 15.89600000 1790.47000 189.31000 45.49400 165.22900
10 4 21 03 50 49470.90000 15.89600000 1791.05000 189.31000 45.49400 165.24900
10 4 21 03 51 49473.30000 15.89600000 1791.05000 189.33000 45.49400 165.27000
10 4 21 03 51 49486.70000 15.89600000 1794.20000 189.33000 45.49400 165.32000
10 4 21 03 51 49486.70000 15.89600000 1792.86000 189.33000 45.49400 165.30900
10 4 21 03 52 49495.20000 15.89600000 1791.75000 189.33000 45.49400 165.22200
10 4 21 03 52 49457.30000 15.89600000 1790.42000 189.25000 45.49400 165.22100
10 4 21 03 53 49445.80000 15.89600000 1791.33000 189.41000 45.49400 165.27800
10 4 21 03 53 49494.80000 15.89600000 1791.46000 189.31000 45.49400 165.39400
10 4 21 03 54 49491.70000 15.89600000 1792.49000 189.31000 45.49400 165.35000
10 4 21 03 54 49485.50000 15.89600000 1792.42000 189.34000 45.49400 165.40000
10 4 21 03 54 49485.10000 15.89600000 1792.91000 189.34000 45.49400 165.40000
10 4 21 03 55 49479.00000 15.89600000 1794.54000 189.34000 45.49400 165.40000
10 4 21 03 55 49463.50000 15.89600000 1795.99000 189.35000 45.49400 165.40000
10 4 21 03 56 49462.40000 15.89600000 1795.99000 189.35000 45.49400 165.64700
10 4 21 03 56 49477.80000 15.89600000 1795.97000 189.41000 45.37200 165.64700
10 4 21 03 57 49478.10000 15.89600000 1794.57000 189.38000 45.37200 165.69500
10 4 21 03 57 49480.50000 15.89600000 1793.68000 189.37000 45.37200 165.69500
10 4 21 03 57 49464.00000 15.89600000 1791.09000 189.37000 45.37200 165.69500
10 4 21 03 58 49469.90000 15.89600000 1791.31000 189.12000 45.37200 165.69500
10 4 21 03 58 49473.10000 15.89600000 1792.61000 189.15000 45.37200 165.69500
10 4 21 03 59 49498.40000 15.89600000 1793.01000 189.15000 45.37200 165.69500
10 4 21 03 59 49488.60000 15.89600000 1791.70000 189.15000 45.37200 165.69500
10 4 21 04 00 49501.30000 15.89600000 1791.71000 189.40000 45.37200 165.64700
10 4 21 04 00 49556.70000 15.89600000 1795.31000 189.68000 45.37200 165.62500
10 4 21 04 00 49610.30000 15.89600000 1795.35000 189.68000 45.37200 165.62500
10 4 21 04 01 49628.60000 15.89600000 1796.00000 189.68000 45.37200 165.42500
10 4 21 04 01 49628.60000 15.89600000 1795.22000 189.77000 45.37200 165.12900
10 4 21 04 02 49628.60000 15.89600000 1792.88000 189.37000 45.37200 165.12900
10 4 21 04 02 49725.50000 15.89600000 1795.63000 189.63000 45.37200 165.06000
10 4 21 04 03 49680.10000 15.89600000 1795.41000 189.58000 45.37200 164.99600
10 4 21 04 03 49715.80000 15.89600000 1795.98000 189.48000 45.37200 165.03000
10 4 21 04 03 49723.60000 15.89600000 1795.99000 189.48000 45.37200 165.08900
10 4 21 04 04 49739.30000 15.89600000 1796.39000 189.42000 45.37200 165.16700
10 4 21 04 04 49733.20000 15.89600000 1796.61000 189.42000 45.37200 165.16700
10 4 21 04 05 49718.70000 15.89600000 1796.61000 189.54000 45.37200 165.16700
10 4 21 04 05 49708.10000 15.94600000 1796.63000 189.44000 45.37200 165.16700
10 4 21 04 06 49701.70000 15.94600000 1796.63000 189.44000 45.41900 165.16700
10 4 21 04 06 49672.70000 15.94600000 1795.37000 189.44000 45.41900 165.16700
10 4 21 04 06 49644.40000 15.94600000 1795.01000 189.08000 45.41900 165.13900
10 4 21 04 07 49644.00000 15.94600000 1794.00000 189.08000 45.41900 165.13900
10 4 21 04 07 49682.40000 15.91800000 1794.00000 189.00000 45.41900 164.97200
10 4 21 04 08 49714.30000 15.91800000 1794.00000 189.00000 45.41900 164.97200
10 4 21 04 08 49816.20000 15.91800000 1796.40000 189.25000 45.41900 164.97200
10 4 21 04 09 49756.80000 15.91800000 1795.50000 189.02000 45.41900 164.97200
10 4 21 04 09 49810.10000 15.91800000 1795.22000 189.19000 45.41900 164.97200
10 4 21 04 09 49853.00000 15.91800000 1795.99000 189.26000 45.30000 164.97200
10 4 21 04 10 49867.30000 15.91800000 1796.99000 189.57000 45.26600 164.97200
10 4 21 04 10 49898.30000 15.91800000 1797.00000 189.57000 45.26600 164.97200
10 4 21 04 11 49900.00000 15.91800000 1795.95000 189.71000 45.30000 164.97200
10 4 21 04 11 49900.00000 15.91800000 1795.95000 189.71000 45.30000 164.97200
10 4 21 04 12 49900.00000 15.91800000 1795.95000 189.71000 45.30000 164.97200
10 4 21 04 12 49927.00000 15.91800000 1797.20000 189.72000 45.30000 164.97200
10 4 21 04 12 49927.00000 15.91800000 1800.00000 189.86000 45.30000 164.97200
10 4 21 04 13 49897.90000 15.91800000 1800.02000 189.86000 45.30000 164.97200
10 4 21 04 13 49892.40000 15.91800000 1800.24000 189.67000 45.30000 164.97200
10 4 21 04 14 49885.00000 15.91800000 1800.30000 189.79000 45.30000 164.97200
10 4 21 04 14 49884.20000 15.91800000 1803.36000 189.79000 45.30000 164.97200
10 4 21 04 15 49893.50000 15.91800000 1804.00000 189.79000 45.30000 164.97200
10 4 21 04 15 49909.90000 15.91800000 1805.41000 189.94000 45.30000 164.97200
10 4 21 04 15 49921.40000 15.91800000 1805.94000 189.94000 45.30000 164.97200
10 4 21 04 16 49926.80000 15.91800000 1807.60000 189.94000 45.30000 164.97200
10 4 21 04 16 49926.80000 15.91800000 1808.00000 190.07000 45.30000 164.97200
10 4 21 04 17 49947.80000 15.91800000 1809.00000 190.03000 44.85000 165.19100
10 4 21 04 17 49979.90000 15.91800000 1811.92000 189.87000 44.85000 164.76600
10 4 21 04 18 49987.20000 15.93500000 1812.15000 189.63000 44.85000 164.93400
10 4 21 04 18 50000.00000 15.93500000 1812.43000 189.76000 44.85000 164.38500
10 4 21 04 18 50000.00000 15.93500000 1813.90000 189.87000 45.24100 164.38500
10 4 21 04 19 50111.00000 15.99400000 1816.46000 190.27000 45.24100 165.19200
10 4 21 04 19 50154.80000 16.02700000 1815.80000 189.99000 45.23400 165.01000
10 4 21 04 20 50154.30000 16.02700000 1817.88000 190.11000 45.23400 164.84100
10 4 21 04 20 50196.70000 16.02700000 1818.74000 190.19000 45.23400 164.84100
10 4 21 04 21 50250.00000 16.02700000 1818.90000 190.45000 45.23400 164.84100
10 4 21 04 21 50316.00000 16.02700000 1818.53000 190.48000 45.23000 164.84100
10 4 21 04 21 50400.00000 16.09000000 1819.24000 190.21000 45.24300 164.84100
10 4 21 04 22 50450.00000 16.10000000 1818.18000 190.59000 45.24300 164.70100
10 4 21 04 22 50483.20000 16.02000000 1814.75000 190.55000 45.00400 164.67000
10 4 21 04 23 50376.90000 15.99800000 1815.72000 190.30000 45.00400 164.42200
10 4 21 04 23 50259.10000 16.03000000 1809.60000 189.64000 44.86700 164.42200
10 4 21 04 24 50286.50000 15.98000000 1810.28000 190.32000 44.86700 164.42200
10 4 21 04 24 50289.00000 15.98000000 1807.50000 190.31000 44.76900 164.42200
10 4 21 04 24 50320.00000 15.98000000 1807.11000 190.31000 44.68400 164.16000
10 4 21 04 25 50400.30000 15.98000000 1810.00000 190.31000 44.68400 164.16000
10 4 21 04 25 50455.00000 16.05100000 1810.41000 190.92000 44.68400 164.16000
10 4 21 04 26 50448.50000 16.01700000 1805.26000 191.00000 44.68400 164.16000
10 4 21 04 26 50397.60000 16.07900000 1804.10000 191.22000 44.68400 164.70100
10 4 21 04 27 50392.40000 16.03800000 1803.52000 191.19000 44.68400 164.70100
10 4 21 04 27 50308.10000 16.03800000 1798.64000 191.14000 44.68400 164.70100
10 4 21 04 27 50255.60000 16.08200000 1798.72000 190.85000 44.37400 164.70100
