M=[
16 11 20 04 49 13522.80000 4.21600000 379.51000 55.75000 13.43200 52.85000
16 11 20 04 50 13522.80000 4.21600000 379.51000 55.75000 13.43200 52.85000
16 11 20 04 50 13522.80000 4.21600000 379.51000 55.65000 13.43200 52.85000
16 11 20 04 51 13517.40000 4.21600000 379.51000 55.65000 13.43200 52.85000
16 11 20 04 51 13517.40000 4.21600000 379.51000 55.63000 13.43200 52.85000
16 11 20 04 51 13516.40000 4.21600000 379.51000 55.54000 13.43200 52.85000
16 11 20 04 52 13506.80000 4.21600000 379.50000 55.61000 13.43200 52.85000
16 11 20 04 52 13506.80000 4.21600000 379.51000 55.61000 13.43200 52.85000
16 11 20 04 53 13506.80000 4.21600000 379.51000 55.61000 13.43200 52.85000
16 11 20 04 53 13506.80000 4.21600000 379.51000 55.61000 13.43200 52.85000
16 11 20 04 54 13506.80000 4.21600000 379.51000 55.61000 13.48300 52.85000
16 11 20 04 54 13506.80000 4.21600000 379.51000 55.61000 13.48300 52.85000
16 11 20 04 54 13506.90000 4.21600000 379.51000 55.61000 13.48300 52.85000
16 11 20 04 55 13510.30000 4.21600000 379.51000 55.61000 13.48300 52.85000
16 11 20 04 55 13510.30000 4.21600000 379.51000 55.61000 13.48300 52.85000
16 11 20 04 56 13520.00000 4.21600000 379.68000 55.61000 13.48300 52.85000
16 11 20 04 56 13520.00000 4.21600000 379.68000 55.61000 13.48300 52.85000
16 11 20 04 57 13520.00000 4.21600000 379.68000 55.61000 13.48300 52.85000
16 11 20 04 57 13534.10000 4.21600000 380.05000 55.90000 13.48300 52.85000
16 11 20 04 57 13534.10000 4.21600000 380.05000 55.90000 13.48300 52.85000
16 11 20 04 58 13535.60000 4.21600000 380.05000 55.94000 13.48300 52.85000
16 11 20 04 58 13535.60000 4.21600000 380.05000 55.95000 13.48300 52.85000
16 11 20 04 59 13539.20000 4.21600000 380.21000 56.01000 13.48300 52.85000
16 11 20 04 59 13539.30000 4.21600000 380.21000 56.01000 13.48300 52.85000
16 11 20 05 00 13539.30000 4.21600000 380.21000 56.01000 13.48300 52.85000
16 11 20 05 00 13556.80000 4.21600000 381.48000 56.14000 13.48300 52.85000
16 11 20 05 00 13556.80000 4.21600000 381.48000 56.14000 13.48300 52.85000
16 11 20 05 01 13557.90000 4.21600000 381.48000 56.14000 13.48300 52.85000
16 11 20 05 01 13560.50000 4.23800000 381.58000 56.14000 13.48300 52.80200
16 11 20 05 02 13556.20000 4.23800000 381.14000 56.03000 13.39000 52.80200
16 11 20 05 02 13553.90000 4.23000000 381.27000 55.94000 13.39000 52.76200
16 11 20 05 03 13553.90000 4.23000000 381.27000 55.94000 13.39000 52.76200
16 11 20 05 03 13555.30000 4.23000000 381.32000 55.94000 13.39000 52.76200
16 11 20 05 03 13555.30000 4.23000000 381.48000 55.95000 13.39000 52.76200
16 11 20 05 04 13555.40000 4.23000000 381.74000 55.95000 13.39000 52.76200
16 11 20 05 04 13560.70000 4.23000000 381.70000 55.93000 13.39000 52.76200
16 11 20 05 05 13559.50000 4.23000000 381.75000 55.93000 13.39000 52.76200
16 11 20 05 05 13559.50000 4.23000000 381.99000 55.93000 13.39000 52.76200
16 11 20 05 06 13571.20000 4.23000000 381.99000 55.93000 13.39000 52.76200
16 11 20 05 06 13569.00000 4.23000000 381.86000 55.93000 13.39000 52.76200
16 11 20 05 06 13570.50000 4.23000000 381.86000 55.93000 13.39000 52.76200
16 11 20 05 07 13574.90000 4.23000000 381.86000 55.93000 13.39000 52.76200
16 11 20 05 07 13578.10000 4.23000000 381.86000 55.93000 13.39000 52.76200
16 11 20 05 08 13578.10000 4.23000000 381.86000 55.93000 13.39000 52.76200
16 11 20 05 08 13578.90000 4.23000000 381.86000 55.97000 13.39000 52.76200
16 11 20 05 09 13575.00000 4.23000000 381.86000 55.97000 13.39000 52.76200
16 11 20 05 09 13575.00000 4.23000000 381.86000 55.95000 13.39000 52.76200
16 11 20 05 09 13578.90000 4.23000000 381.86000 55.95000 13.39000 52.76200
16 11 20 05 10 13579.90000 4.23000000 381.86000 55.95000 13.39000 52.76200
16 11 20 05 10 13579.90000 4.23000000 381.86000 55.95000 13.39000 52.76200
16 11 20 05 11 13579.90000 4.23000000 381.86000 55.95000 13.39000 52.76200
16 11 20 05 11 13580.00000 4.23000000 381.86000 55.93000 13.39000 52.76200
16 11 20 05 12 13579.90000 4.23000000 381.86000 55.88000 13.39000 52.76200
16 11 20 05 12 13580.00000 4.23000000 381.86000 55.88000 13.39000 52.76200
16 11 20 05 12 13580.00000 4.23000000 381.86000 55.81000 13.39000 52.76200
16 11 20 05 13 13580.00000 4.23000000 381.78000 55.81000 13.39000 52.76200
16 11 20 05 13 13580.00000 4.23000000 381.78000 55.81000 13.39000 52.76200
16 11 20 05 14 13579.90000 4.23000000 381.88000 55.81000 13.39000 52.76200
16 11 20 05 14 13579.90000 4.23000000 381.88000 55.81000 13.39000 52.76200
16 11 20 05 15 13579.90000 4.23000000 381.81000 55.98000 13.39000 52.76200
16 11 20 05 15 13580.00000 4.23000000 381.81000 56.06000 13.39000 52.76200
16 11 20 05 15 13580.00000 4.23000000 381.87000 56.07000 13.39000 52.76200
16 11 20 05 16 13586.50000 4.25500000 382.56000 56.07000 13.39000 52.76200
16 11 20 05 16 13587.60000 4.25500000 382.18000 56.07000 13.39000 52.76200
16 11 20 05 17 13590.00000 4.25500000 382.18000 56.07000 13.39000 52.76200
16 11 20 05 17 13590.00000 4.25500000 382.18000 56.07000 13.39000 52.76200
16 11 20 05 18 13597.10000 4.25500000 382.18000 56.07000 13.39000 52.76200
16 11 20 05 18 13597.10000 4.25500000 382.18000 56.07000 13.39000 52.76200
16 11 20 05 18 13599.00000 4.25500000 382.19000 56.16000 13.39000 52.76200
16 11 20 05 19 13599.00000 4.25500000 382.19000 56.16000 13.39000 52.76200
16 11 20 05 19 13599.00000 4.25900000 382.19000 56.16000 13.44300 52.76200
16 11 20 05 20 13599.00000 4.25900000 382.19000 56.16000 13.44300 52.76200
16 11 20 05 20 13598.90000 4.26000000 382.19000 56.16000 13.44800 52.76200
16 11 20 05 21 13599.80000 4.26000000 382.15000 56.16000 13.44800 52.76200
16 11 20 05 21 13599.90000 4.26000000 382.15000 56.16000 13.44800 52.76200
16 11 20 05 21 13599.90000 4.26000000 382.19000 56.19000 13.44800 52.76200
16 11 20 05 22 13599.90000 4.26000000 382.16000 56.19000 13.44800 52.76200
16 11 20 05 22 13599.90000 4.26000000 382.16000 56.19000 13.44800 52.76200
16 11 20 05 23 13599.90000 4.26000000 382.14000 56.20000 13.44800 52.76200
16 11 20 05 23 13602.90000 4.26000000 382.14000 56.23000 13.44800 52.76200
16 11 20 05 24 13610.00000 4.26000000 382.84000 56.28000 13.44800 52.76200
16 11 20 05 24 13620.00000 4.26000000 382.87000 56.32000 13.44800 52.76200
16 11 20 05 24 13632.30000 4.26000000 382.80000 56.32000 13.44800 52.76200
16 11 20 05 25 13634.30000 4.26000000 382.81000 56.47000 13.44800 52.76200
16 11 20 05 25 13630.70000 4.26300000 382.81000 56.49000 13.44800 52.76200
16 11 20 05 26 13630.00000 4.26300000 383.08000 56.49000 13.44800 52.76200
16 11 20 05 26 13630.10000 4.26300000 383.08000 56.49000 13.44800 52.76200
16 11 20 05 27 13630.10000 4.26300000 382.97000 56.48000 13.44800 52.76200
16 11 20 05 27 13630.00000 4.26300000 382.98000 56.48000 13.44800 52.76200
16 11 20 05 27 13630.10000 4.26300000 382.98000 56.42000 13.44800 52.76200
16 11 20 05 28 13630.00000 4.26300000 382.93000 56.40000 13.44800 52.76200
16 11 20 05 28 13630.10000 4.26300000 382.93000 56.41000 13.44800 52.76200
16 11 20 05 29 13609.90000 4.26300000 382.93000 56.41000 13.44800 52.76200
16 11 20 05 29 13622.80000 4.26300000 382.93000 56.37000 13.44800 52.76200
16 11 20 05 30 13622.80000 4.26800000 382.93000 56.37000 13.44800 52.76200
16 11 20 05 30 13629.30000 4.26800000 382.71000 56.41000 13.44800 52.76200
16 11 20 05 30 13632.40000 4.26800000 382.71000 56.36000 13.44800 52.76200
16 11 20 05 31 13628.00000 4.26800000 382.67000 56.36000 13.44800 52.76200
16 11 20 05 31 13632.80000 4.27200000 382.58000 56.36000 13.44800 52.76200
16 11 20 05 32 13633.00000 4.27200000 382.36000 56.36000 13.44800 52.76200
16 11 20 05 32 13630.40000 4.27200000 382.30000 56.36000 13.44800 52.76200
16 11 20 05 32 13630.40000 4.27200000 382.30000 56.47000 13.44800 52.76200
16 11 20 05 33 13634.80000 4.27200000 382.42000 56.47000 13.44800 52.76200
16 11 20 05 33 13634.80000 4.27200000 382.42000 56.48000 13.44800 52.76200
16 11 20 05 34 13634.80000 4.27200000 382.78000 56.52000 13.44800 52.76200
16 11 20 05 34 13635.70000 4.27200000 382.75000 56.52000 13.44800 52.76200
