M=[
 8 7 20 12 54 8221.80000 5.69500000 212.85000 39.98000 18.18000 50.53000
 8 7 20 12 55 8247.70000 5.69500000 211.67000 39.73000 18.14200 51.84000
 8 7 20 12 56 8269.50000 5.67300000 212.96000 39.88000 17.70000 51.16300
 8 7 20 12 56 8221.80000 5.69500000 214.39000 39.84000 18.14200 50.72000
 8 7 20 12 57 8242.90000 5.68500000 214.81000 39.71000 18.25800 50.68000
 8 7 20 12 58 8243.60000 5.70000000 214.44000 39.70000 18.10600 50.68000
 8 7 20 12 58 8243.60000 5.68000000 214.44000 39.66000 18.14200 50.51700
 8 7 20 12 59 8250.00000 5.67300000 214.45000 39.72000 18.14200 50.72000
 8 7 20 12 59 8250.60000 5.70000000 216.27000 39.85000 18.09700 50.70000
 8 7 20 13 00 8244.60000 5.69500000 214.39000 39.73000 18.14200 50.70000
 8 7 20 13 01 8221.80000 5.76300000 214.84000 39.88000 18.24800 50.59600
 8 7 20 13 01 8244.70000 5.68500000 214.89000 39.93000 18.14200 51.84000
 8 7 20 13 02 8248.00000 5.74500000 214.89000 40.00000 18.01200 51.84000
 8 7 20 13 02 8252.00000 5.69500000 215.04000 39.85000 18.14100 50.93800
 8 7 20 13 03 8248.30000 5.69500000 216.01000 39.82000 18.01200 50.71200
 8 7 20 13 03 8247.20000 5.70000000 211.67000 39.66000 18.18000 50.71200
 8 7 20 13 04 8248.40000 5.67800000 213.70000 39.78000 18.18000 51.81300
 8 7 20 13 04 8250.00000 5.69500000 215.16000 39.78000 18.04000 50.51700
 8 7 20 13 05 8252.80000 5.70000000 213.70000 39.13000 18.18000 50.70000
 8 7 20 13 05 8250.50000 5.70000000 214.81000 39.70000 18.18000 50.51700
 8 7 20 13 06 8248.70000 5.69500000 215.23000 39.73000 18.07100 51.54200
 8 7 20 13 06 8236.40000 5.69500000 216.27000 39.80000 18.04000 51.84000
 8 7 20 13 07 8249.40000 5.69500000 211.67000 39.98000 18.07100 51.84000
 8 7 20 13 08 8245.80000 5.69500000 214.48000 39.98000 18.07100 51.08000
 8 7 20 13 08 8234.60000 5.69500000 215.00000 40.14000 18.07100 50.59600
 8 7 20 13 09 8250.00000 5.70000000 215.00000 39.42000 18.18000 51.84000
 8 7 20 13 09 8247.40000 5.76900000 215.00000 39.73000 17.70000 50.70000
 8 7 20 13 10 8247.30000 5.70000000 214.39000 39.80000 18.14200 50.75900
 8 7 20 13 10 8246.60000 5.67800000 216.27000 39.78000 18.07100 50.68000
 8 7 20 13 10 8269.80000 5.67800000 214.90000 39.79000 18.14200 50.68000
 8 7 20 13 11 8269.50000 5.76200000 214.97000 40.00000 18.25800 50.70100
 8 7 20 13 11 8247.70000 5.69200000 216.27000 39.70000 18.07100 50.75900
 8 7 20 13 12 8246.60000 5.70000000 216.01000 39.72000 18.04000 50.02400
 8 7 20 13 13 8221.80000 5.76300000 214.77000 40.14000 18.01200 50.70100
 8 7 20 13 13 8243.70000 5.69300000 214.84000 39.98000 18.32600 50.70100
 8 7 20 13 14 8243.80000 5.74500000 216.01000 39.72000 18.04000 50.68000
 8 7 20 13 14 8247.70000 5.69500000 216.01000 39.98000 18.04000 51.81300
 8 7 20 13 15 8246.40000 5.76200000 212.85000 39.80000 17.17000 51.84000
 8 7 20 13 15 8250.60000 5.76200000 214.98000 39.93000 18.04000 50.68000
 8 7 20 13 16 8221.80000 5.69500000 214.97000 39.26000 18.10600 50.68000
 8 7 20 13 16 8235.30000 5.76200000 215.14000 39.72000 18.01200 50.69000
 8 7 20 13 17 8218.50000 5.70800000 216.27000 40.14000 17.17000 50.68000
 8 7 20 13 17 8246.50000 5.67800000 216.27000 39.80000 18.04000 51.81300
 8 7 20 13 18 8235.30000 5.70800000 214.77000 39.78000 18.00200 50.71200
 8 7 20 13 19 8269.40000 5.69300000 214.77000 39.78000 18.32600 50.83300
 8 7 20 13 19 8250.60000 5.70800000 211.67000 39.79000 18.00200 51.16300
 8 7 20 13 20 8269.40000 5.74500000 215.17000 39.80000 18.18000 50.70000
 8 7 20 13 20 8247.70000 5.70800000 215.14000 39.70000 17.91700 50.70000
 8 7 20 13 21 8246.50000 5.69500000 213.70000 39.77000 18.18000 50.70000
 8 7 20 13 21 8246.50000 5.70800000 214.99000 39.81000 18.14200 50.70000
 8 7 20 13 22 8248.70000 5.67800000 214.39000 39.78000 17.91700 50.83300
 8 7 20 13 22 8236.40000 5.67300000 212.96000 39.84000 18.10600 51.84000
 8 7 20 13 23 8221.80000 5.70800000 215.20000 39.87000 18.14100 50.73800
 8 7 20 13 23 8247.70000 5.68600000 215.08000 39.73000 17.91700 51.08000
 8 7 20 13 24 8254.90000 5.68600000 214.77000 39.81000 17.96100 51.84000
 8 7 20 13 24 8255.00000 5.69500000 215.25000 39.77000 17.68200 50.73800
 8 7 20 13 25 8221.80000 5.70800000 215.25000 39.81000 18.00200 50.73800
 8 7 20 13 26 8240.50000 5.70800000 215.22000 39.81000 17.91700 50.73800
 8 7 20 13 26 8250.20000 5.76200000 215.01000 40.18000 18.00200 50.59600
 8 7 20 13 27 8248.70000 5.70800000 215.08000 39.81000 18.18000 51.08000
 8 7 20 13 27 8250.00000 5.68600000 214.97000 39.70000 18.24800 50.68000
 8 7 20 13 28 8269.40000 5.70800000 215.08000 39.88000 18.02000 50.75900
 8 7 20 13 28 8247.70000 5.67200000 214.15000 39.84000 18.10600 51.84000
 8 7 20 13 29 8218.50000 5.70000000 216.27000 39.87000 17.17000 50.68000
 8 7 20 13 29 8245.80000 5.69500000 214.39000 39.98000 18.02000 50.71200
 8 7 20 13 30 8232.00000 5.69200000 214.15000 40.18000 18.10600 50.68000
 8 7 20 13 30 8246.00000 5.70800000 214.77000 39.98000 18.02000 50.73800
 8 7 20 13 31 8247.20000 5.68000000 214.48000 39.78000 18.21400 50.70000
 8 7 20 13 31 8218.50000 5.69300000 215.20000 39.70000 18.02000 51.54200
 8 7 20 13 32 8250.60000 5.76200000 216.01000 39.70000 18.02000 50.73800
 8 7 20 13 32 8243.60000 5.76200000 213.70000 39.75000 18.04000 51.81300
 8 7 20 13 33 8250.60000 5.74500000 215.08000 39.26000 18.02000 51.54200
 8 7 20 13 34 8245.80000 5.69500000 214.77000 39.73000 18.14200 50.70000
 8 7 20 13 35 8250.60000 5.71000000 215.60000 39.87000 18.02000 50.73800
 8 7 20 13 35 8234.60000 5.74500000 214.15000 39.70000 17.91700 51.43200
 8 7 20 13 35 8234.60000 5.68600000 216.27000 39.73000 18.04000 50.59600
 8 7 20 13 36 8247.60000 5.71000000 215.52000 39.88000 18.04000 50.73800
 8 7 20 13 36 8240.50000 5.68000000 216.01000 39.87000 18.04000 50.73800
 8 7 20 13 37 8246.90000 5.71000000 214.48000 40.00000 18.00200 51.84000
 8 7 20 13 38 8250.00000 5.67800000 212.56000 39.75000 18.00200 50.02400
 8 7 20 13 38 8269.40000 5.56300000 215.49000 40.18000 17.91700 51.43200
 8 7 20 13 38 8245.80000 5.71000000 216.27000 40.18000 18.00200 51.16300
 8 7 20 13 39 8252.00000 5.71000000 215.08000 39.96000 18.25800 50.70000
 8 7 20 13 40 8250.60000 5.67800000 214.39000 39.42000 18.24800 50.59600
 8 7 20 13 40 8250.20000 5.69200000 215.08000 39.78000 18.00200 50.73800
 8 7 20 13 41 8245.80000 5.71000000 215.72000 39.42000 18.09700 51.84000
 8 7 20 13 41 8234.60000 5.71000000 214.84000 39.96000 18.02000 50.73800
 8 7 20 13 42 8257.50000 5.71000000 215.90000 39.86000 18.18000 50.73800
 8 7 20 13 42 8235.30000 5.70300000 213.70000 39.86000 18.14100 51.84000
 8 7 20 13 43 8245.80000 5.74500000 214.48000 39.86000 18.14100 50.77300
 8 7 20 13 43 8250.00000 5.67800000 216.27000 39.87000 18.00200 50.68000
 8 7 20 13 44 8247.70000 5.68000000 216.01000 39.86000 18.21400 50.93800
 8 7 20 13 45 8248.70000 5.71000000 215.08000 39.26000 18.10600 51.84000
 8 7 20 13 45 8255.40000 5.71000000 215.08000 39.26000 18.02000 50.75900
 8 7 20 13 46 8218.50000 5.71000000 215.52000 39.73000 18.18000 50.93800
 8 7 20 13 46 8248.70000 5.70000000 215.62000 39.98000 18.32600 50.02400
 8 7 20 13 47 8261.00000 5.71000000 216.27000 39.26000 18.09700 50.73800
 8 7 20 13 48 8269.50000 5.70000000 216.22000 39.42000 17.91700 50.59600
 8 7 20 13 48 8236.40000 5.70000000 214.39000 39.87000 18.18000 50.02400
 8 7 20 13 48 8221.80000 5.76200000 214.84000 39.73000 18.02000 51.54200
 8 7 20 13 49 8245.80000 5.67800000 216.01000 39.86000 18.02000 50.73800
 8 7 20 13 50 8250.00000 5.73000000 214.39000 40.14000 18.25800 51.08000
 8 7 20 13 50 8245.80000 5.73000000 216.01000 39.99000 18.18000 51.16300
 8 7 20 13 51 8236.40000 5.73000000 214.48000 39.99000 18.09700 51.13800
 8 7 20 13 53 8247.70000 5.69200000 216.27000 39.26000 18.04000 51.16300
 8 7 20 13 53 8245.80000 5.67800000 214.48000 40.07000 18.14200 51.08000
 8 7 20 13 54 8235.30000 5.67800000 211.67000 39.88000 18.14200 51.81300
 8 7 20 13 55 8328.40000 5.75000000 217.32000 39.98000 17.17000 51.84000
 8 7 20 13 55 8325.00000 5.77200000 217.36000 39.70000 18.14200 51.34400
