M=[
25 6 20 17 44 8270.40000 5.50800000 208.00000 37.91000 14.50000 50.39400
25 6 20 17 45 8269.50000 5.50800000 207.99000 37.91000 14.50000 50.39400
25 6 20 17 45 8270.30000 5.50800000 207.99000 37.91000 14.50000 50.39400
25 6 20 17 46 8270.50000 5.50800000 208.00000 37.91000 14.50000 50.39400
25 6 20 17 46 8270.50000 5.50800000 208.00000 37.91000 14.50000 50.39400
25 6 20 17 47 8272.30000 5.50800000 208.00000 37.91000 14.50000 50.39400
25 6 20 17 47 8274.50000 5.50800000 208.19000 37.91000 14.50000 50.39400
25 6 20 17 48 8274.40000 5.50800000 208.18000 37.91000 14.50000 50.39400
25 6 20 17 48 8275.00000 5.50800000 208.18000 37.91000 14.50000 50.39400
25 6 20 17 49 8274.00000 5.50800000 208.18000 37.91000 14.50000 50.39400
25 6 20 17 49 8270.40000 5.50800000 208.18000 37.91000 14.50000 50.39400
25 6 20 17 50 8270.40000 5.50800000 208.18000 37.91000 14.50000 50.39400
25 6 20 17 50 8270.80000 5.50800000 208.19000 37.91000 14.50000 50.39400
25 6 20 17 51 8271.90000 5.50800000 208.19000 37.91000 14.50000 50.39400
25 6 20 17 51 8271.80000 5.50800000 208.18000 37.91000 14.50000 50.39400
25 6 20 17 52 8271.50000 5.50800000 208.18000 37.90000 14.50000 50.39400
25 6 20 17 52 8270.10000 5.50800000 208.15000 37.90000 14.50000 50.39400
25 6 20 17 53 8270.30000 5.50800000 208.08000 37.90000 14.50000 50.39400
25 6 20 17 53 8270.40000 5.50800000 208.08000 37.90000 14.50000 50.39400
25 6 20 17 53 8270.90000 5.50800000 208.07000 37.90000 14.50000 50.39400
25 6 20 17 54 8270.90000 5.50800000 208.08000 37.90000 14.50000 50.39400
25 6 20 17 54 8270.30000 5.50800000 208.07000 37.91000 14.50000 50.39400
25 6 20 17 55 8275.00000 5.50800000 208.08000 37.90000 14.50000 50.39400
25 6 20 17 55 8274.80000 5.50800000 208.08000 37.91000 14.50000 50.39400
25 6 20 17 56 8275.00000 5.50500000 208.19000 37.91000 14.50000 50.39400
25 6 20 17 56 8277.20000 5.50500000 208.19000 37.93000 14.50000 50.39400
25 6 20 17 57 8278.70000 5.50500000 208.18000 37.93000 14.50000 50.33900
25 6 20 17 57 8278.90000 5.50500000 208.18000 37.93000 14.50000 50.39400
25 6 20 17 58 8279.00000 5.50500000 208.19000 37.93000 14.50000 50.39400
25 6 20 17 58 8278.90000 5.50500000 208.19000 37.93000 14.50000 50.39400
25 6 20 17 59 8279.50000 5.50500000 208.32000 37.93000 14.50000 50.39400
25 6 20 17 59 8279.10000 5.50500000 208.32000 37.93000 14.50000 50.33900
25 6 20 18 00 8279.50000 5.50500000 208.25000 37.93000 14.50000 50.39400
25 6 20 18 00 8279.50000 5.50500000 208.42000 37.93000 14.50000 50.39400
25 6 20 18 01 8279.50000 5.50500000 208.42000 37.93000 14.50000 50.39400
25 6 20 18 01 8281.10000 5.50500000 208.40000 37.93000 14.50000 50.39400
25 6 20 18 02 8281.20000 5.50500000 208.40000 37.93000 14.50000 50.39400
25 6 20 18 02 8283.70000 5.50500000 208.40000 37.93000 14.50000 50.39400
25 6 20 18 02 8283.70000 5.50500000 208.40000 37.93000 14.50000 50.39400
25 6 20 18 03 8283.70000 5.50500000 208.40000 37.93000 14.50000 50.39400
25 6 20 18 03 8283.00000 5.50500000 208.40000 37.93000 14.50000 50.39400
25 6 20 18 04 8283.30000 5.50500000 208.40000 37.93000 14.50000 50.39400
25 6 20 18 04 8283.00000 5.50500000 208.39000 37.93000 14.50000 50.39400
25 6 20 18 05 8283.70000 5.50500000 208.40000 37.93000 14.50000 50.39400
25 6 20 18 05 8283.00000 5.50500000 208.39000 37.93000 14.50000 50.39400
25 6 20 18 06 8283.40000 5.50500000 208.39000 37.93000 14.50000 50.39400
25 6 20 18 06 8284.10000 5.50500000 208.40000 37.93000 14.50000 50.39400
25 6 20 18 07 8283.90000 5.50500000 208.40000 37.93000 14.50000 50.39400
25 6 20 18 07 8284.80000 5.50500000 208.40000 37.93000 14.50000 50.39400
25 6 20 18 08 8285.10000 5.50500000 208.39000 37.93000 14.50000 50.39400
25 6 20 18 08 8285.10000 5.50500000 208.39000 37.93000 14.50000 50.39400
25 6 20 18 09 8285.10000 5.50500000 208.40000 37.93000 14.50000 50.39400
25 6 20 18 09 8285.10000 5.50500000 208.40000 37.93000 14.50000 50.39400
25 6 20 18 10 8285.00000 5.50500000 208.40000 37.90000 14.50000 50.39400
25 6 20 18 10 8284.30000 5.50500000 208.40000 37.90000 14.50000 50.39400
25 6 20 18 11 8284.40000 5.50500000 208.40000 37.90000 14.50000 50.39400
25 6 20 18 11 8284.40000 5.50500000 208.40000 37.90000 14.50000 50.39400
25 6 20 18 11 8282.00000 5.50500000 208.39000 37.90000 14.50000 50.39400
25 6 20 18 12 8280.00000 5.50500000 208.39000 37.90000 14.50000 50.39400
25 6 20 18 12 8280.10000 5.50500000 208.38000 37.90000 14.50000 50.39400
25 6 20 18 13 8279.50000 5.50500000 208.38000 37.90000 14.50000 50.39400
25 6 20 18 13 8279.60000 5.50500000 208.38000 37.90000 14.50000 50.39400
25 6 20 18 14 8279.50000 5.50500000 208.34000 37.90000 14.50000 50.39400
25 6 20 18 14 8279.00000 5.50500000 208.38000 37.90000 14.50000 50.39400
25 6 20 18 15 8279.10000 5.50500000 208.40000 37.90000 14.50000 50.39400
25 6 20 18 15 8279.00000 5.50500000 208.37000 37.90000 14.50000 50.39400
25 6 20 18 16 8279.00000 5.50500000 208.37000 37.90000 14.50000 50.39400
25 6 20 18 16 8279.00000 5.50500000 208.36000 37.90000 14.50000 50.39400
25 6 20 18 17 8279.10000 5.50500000 208.35000 37.90000 14.50000 50.29000
25 6 20 18 17 8279.00000 5.50500000 208.34000 37.90000 14.50000 50.29000
25 6 20 18 18 8274.20000 5.50500000 208.34000 37.89000 14.50000 50.29000
25 6 20 18 18 8274.20000 5.50500000 208.32000 37.89000 14.50000 50.29000
25 6 20 18 19 8274.20000 5.50500000 208.31000 37.89000 14.50000 50.29000
25 6 20 18 19 8274.10000 5.50500000 208.32000 37.89000 14.50000 50.29000
25 6 20 18 19 8274.60000 5.50500000 208.32000 37.89000 14.50000 50.29000
25 6 20 18 20 8269.30000 5.50500000 208.37000 37.89000 14.50000 50.29000
25 6 20 18 20 8273.50000 5.50500000 208.35000 37.89000 14.50000 50.29000
25 6 20 18 21 8272.00000 5.50500000 208.34000 37.89000 14.50000 50.20000
25 6 20 18 21 8272.10000 5.50500000 208.36000 37.89000 14.50000 50.20000
25 6 20 18 22 8272.10000 5.50500000 208.35000 37.89000 14.50000 50.20000
25 6 20 18 22 8270.70000 5.50500000 208.35000 37.89000 14.50000 50.20000
25 6 20 18 23 8269.30000 5.50500000 208.35000 37.89000 14.50000 50.20000
25 6 20 18 23 8268.90000 5.50500000 208.35000 37.89000 14.50000 50.20000
25 6 20 18 24 8267.40000 5.50500000 208.33000 37.89000 14.50000 50.20000
25 6 20 18 24 8266.90000 5.50500000 208.33000 37.89000 14.50000 50.20000
25 6 20 18 25 8266.10000 5.50500000 208.33000 37.89000 14.50000 50.20000
25 6 20 18 25 8264.80000 5.50500000 208.26000 37.89000 14.50000 50.20000
25 6 20 18 25 8260.80000 5.50500000 208.18000 37.86000 14.50000 50.20000
25 6 20 18 26 8260.80000 5.50500000 208.13000 37.85000 14.50000 50.20000
25 6 20 18 27 8260.80000 5.50500000 208.10000 37.85000 14.50000 50.20000
25 6 20 18 27 8260.90000 5.50500000 208.09000 37.85000 14.50000 50.20000
25 6 20 18 28 8260.90000 5.50500000 208.10000 37.85000 14.50000 50.20000
25 6 20 18 28 8260.80000 5.50500000 208.19000 37.85000 14.50000 50.20000
25 6 20 18 29 8260.90000 5.50500000 208.20000 37.85000 14.50000 50.20000
25 6 20 18 29 8261.30000 5.50500000 208.20000 37.85000 14.50000 50.20000
25 6 20 18 29 8261.40000 5.50500000 208.20000 37.85000 14.50000 50.20000
25 6 20 18 30 8261.30000 5.50500000 208.20000 37.85000 14.50000 50.20000
25 6 20 18 30 8261.40000 5.49000000 208.20000 37.85000 14.50000 50.20000
25 6 20 18 31 8264.80000 5.49000000 208.15000 37.85000 14.50000 50.20000
25 6 20 18 31 8260.30000 5.49000000 208.09000 37.85000 14.50000 50.04200
25 6 20 18 32 8258.00000 5.49000000 208.08000 37.85000 14.50000 50.04200
25 6 20 18 32 8258.00000 5.49000000 208.12000 37.85000 14.50000 50.04200
25 6 20 18 33 8259.10000 5.49000000 208.31000 37.85000 14.50000 50.04200
25 6 20 18 33 8259.10000 5.49000000 208.23000 37.85000 14.50000 50.04200
25 6 20 18 34 8263.20000 5.49000000 208.19000 37.85000 14.50000 50.04200
25 6 20 18 34 8263.30000 5.49000000 208.18000 37.85000 14.50000 50.04200
25 6 20 18 35 8263.20000 5.49000000 208.18000 37.85000 14.50000 50.04200
25 6 20 18 35 8262.10000 5.49000000 208.18000 37.80000 14.50000 50.04200
25 6 20 18 36 8261.70000 5.49000000 208.12000 37.80000 14.50000 50.04200
