M=[
 2 6 20 11 16 9042.50000 6.51300000 225.35000 44.25000 12.34600 49.05300
 2 6 20 11 17 9039.00000 6.51300000 225.53000 44.30000 12.34600 49.05300
 2 6 20 11 17 9044.80000 6.51300000 225.73000 44.29000 12.34600 49.05300
 2 6 20 11 18 9042.50000 6.51300000 225.80000 44.30000 12.34600 49.12400
 2 6 20 11 18 9044.80000 6.51300000 225.84000 44.30000 12.34600 49.05300
 2 6 20 11 18 9044.90000 6.51300000 225.96000 44.30000 12.34600 49.05300
 2 6 20 11 19 9044.70000 6.51300000 225.94000 44.35000 12.34600 49.05300
 2 6 20 11 20 9047.10000 6.51300000 225.94000 44.36000 12.34600 48.99700
 2 6 20 11 20 9047.30000 6.51300000 226.08000 44.36000 12.34600 49.03800
 2 6 20 11 20 9047.00000 6.51300000 226.02000 44.36000 12.34600 49.04000
 2 6 20 11 21 9044.90000 6.51300000 225.82000 44.36000 12.34600 49.04000
 2 6 20 11 21 9044.80000 6.52300000 225.97000 44.33000 12.34600 49.01700
 2 6 20 11 22 9045.30000 6.51300000 225.60000 44.33000 12.34600 49.04000
 2 6 20 11 22 9043.20000 6.51300000 225.62000 44.36000 12.34600 49.04000
 2 6 20 11 23 9037.00000 6.51300000 225.72000 44.37000 12.34600 49.04000
 2 6 20 11 23 9042.00000 6.51300000 225.72000 44.37000 12.34600 49.04000
 2 6 20 11 24 9045.00000 6.51300000 225.73000 44.37000 12.34600 49.04000
 2 6 20 11 24 9044.90000 6.51300000 225.83000 44.39000 12.34600 48.99700
 2 6 20 11 25 9044.70000 6.51300000 225.85000 44.39000 12.34600 49.03000
 2 6 20 11 25 9042.50000 6.51300000 225.85000 44.39000 12.34600 49.00400
 2 6 20 11 26 9042.00000 6.51300000 225.84000 44.31000 12.34600 49.00200
 2 6 20 11 26 9042.40000 6.51300000 225.86000 44.42000 12.34600 49.00200
 2 6 20 11 27 9047.00000 6.52300000 225.97000 44.47000 12.34600 49.00200
 2 6 20 11 27 9047.10000 6.52300000 226.07000 44.49000 12.34600 49.00200
 2 6 20 11 27 9047.10000 6.53000000 226.20000 44.50000 12.34600 49.09500
 2 6 20 11 28 9045.40000 6.53000000 226.08000 44.50000 12.34600 49.00200
 2 6 20 11 28 9046.50000 6.53000000 226.05000 44.52000 12.34600 49.00200
 2 6 20 11 29 9042.00000 6.53000000 226.10000 44.52000 12.34600 49.00200
 2 6 20 11 29 9042.10000 6.53000000 226.01000 44.48000 12.34600 49.00200
 2 6 20 11 30 9041.50000 6.53000000 226.05000 44.44000 12.34600 49.00200
 2 6 20 11 30 9043.70000 6.53000000 226.09000 44.44000 12.38900 49.00200
 2 6 20 11 31 9043.40000 6.53000000 226.20000 44.51000 12.38900 49.00200
 2 6 20 11 31 9038.30000 6.53000000 226.19000 44.51000 12.38900 49.00200
 2 6 20 11 32 9042.90000 6.52600000 226.19000 44.46000 12.38900 49.02900
 2 6 20 11 32 9040.90000 6.52300000 226.20000 44.49000 12.38900 49.02900
 2 6 20 11 33 9041.60000 6.54500000 226.34000 44.49000 12.36900 49.02900
 2 6 20 11 33 9040.10000 6.54500000 226.33000 44.49000 12.34600 49.02900
 2 6 20 11 33 9040.70000 6.54500000 226.31000 44.49000 12.38900 49.10100
 2 6 20 11 34 9042.60000 6.54500000 226.40000 44.50000 12.38900 49.10100
 2 6 20 11 34 9042.30000 6.52300000 226.56000 44.50000 12.38900 49.05500
 2 6 20 11 35 9038.00000 6.54500000 226.54000 44.50000 12.38900 49.05500
 2 6 20 11 35 9037.90000 6.54500000 226.50000 44.49000 12.38900 49.05500
 2 6 20 11 36 9036.20000 6.54500000 226.22000 44.48000 12.38900 49.05500
 2 6 20 11 36 9034.80000 6.54500000 226.20000 44.45000 12.38900 49.10000
 2 6 20 11 37 9036.10000 6.54500000 226.29000 44.48000 12.38900 49.10000
 2 6 20 11 37 9032.90000 6.54500000 226.30000 44.46000 12.38900 49.10000
 2 6 20 11 38 9036.60000 6.54500000 226.29000 44.47000 12.38900 49.10000
 2 6 20 11 38 9034.70000 6.54500000 226.31000 44.47000 12.38900 49.10000
 2 6 20 11 39 9040.00000 6.54500000 226.31000 44.47000 12.38900 49.10000
 2 6 20 11 39 9040.00000 6.54500000 226.32000 44.47000 12.38900 49.02300
 2 6 20 11 40 9035.50000 6.54500000 226.34000 44.46000 12.38900 49.09900
 2 6 20 11 40 9035.40000 6.54500000 226.34000 44.49000 12.38900 49.09900
 2 6 20 11 41 9038.00000 6.52700000 226.65000 44.49000 12.38900 49.09900
 2 6 20 11 41 9035.50000 6.54500000 226.49000 44.49000 12.38900 49.09900
 2 6 20 11 41 9038.60000 6.52700000 226.43000 44.49000 12.38900 49.09900
 2 6 20 11 42 9038.10000 6.52700000 226.31000 44.49000 12.38900 48.93200
 2 6 20 11 42 9038.10000 6.52700000 226.39000 44.48000 12.38900 48.86600
 2 6 20 11 43 9038.90000 6.52700000 226.20000 44.49000 12.38900 48.86600
 2 6 20 11 43 9037.90000 6.50600000 225.93000 44.46000 12.38900 48.86600
 2 6 20 11 44 9035.70000 6.50600000 225.87000 44.46000 12.38900 48.78100
 2 6 20 11 45 9037.00000 6.50600000 225.98000 44.46000 12.34600 48.86600
 2 6 20 11 45 9035.00000 6.50600000 225.82000 44.41000 12.38900 48.86600
 2 6 20 11 45 9033.00000 6.50600000 225.86000 44.41000 12.38900 48.86600
 2 6 20 11 46 9034.60000 6.50600000 225.56000 44.36000 12.38900 48.86600
 2 6 20 11 46 9033.40000 6.50600000 225.56000 44.34000 12.38900 48.61200
 2 6 20 11 47 9033.40000 6.51300000 225.54000 44.37000 12.38900 48.61200
 2 6 20 11 47 9033.30000 6.51300000 225.39000 44.36000 12.38900 48.61200
 2 6 20 11 48 9033.30000 6.51300000 225.47000 44.36000 12.38900 48.61200
 2 6 20 11 48 9033.30000 6.51300000 225.48000 44.37000 12.34600 48.61200
 2 6 20 11 49 9036.30000 6.51300000 225.54000 44.37000 12.38900 48.61200
 2 6 20 11 49 9036.90000 6.51300000 225.55000 44.37000 12.38900 48.61200
 2 6 20 11 50 9037.40000 6.51300000 225.55000 44.38000 12.38900 48.61200
 2 6 20 11 50 9037.10000 6.51700000 225.55000 44.38000 12.38900 48.61200
 2 6 20 11 51 9037.30000 6.51300000 225.55000 44.38000 12.36100 48.61200
 2 6 20 11 51 9038.00000 6.51300000 225.57000 44.36000 12.36100 48.61200
 2 6 20 11 51 9037.40000 6.51300000 225.57000 44.42000 12.36100 48.61200
 2 6 20 11 52 9038.60000 6.51300000 225.64000 44.38000 12.36100 48.61200
 2 6 20 11 52 9038.60000 6.51300000 225.55000 44.38000 12.36100 48.61200
 2 6 20 11 53 9037.90000 6.51300000 225.57000 44.40000 12.36100 48.86600
 2 6 20 11 53 9037.80000 6.51300000 225.70000 44.45000 12.36100 48.61200
 2 6 20 11 54 9038.00000 6.51300000 225.84000 44.38000 12.36100 48.78100
 2 6 20 11 54 9037.90000 6.51300000 225.83000 44.45000 12.36100 48.80300
 2 6 20 11 55 9038.00000 6.51300000 225.73000 44.45000 12.36100 48.80300
 2 6 20 11 55 9042.60000 6.51300000 225.74000 44.45000 12.36100 48.80300
 2 6 20 11 56 9041.50000 6.51300000 225.62000 44.38000 12.36100 48.80300
 2 6 20 11 56 9038.00000 6.51300000 225.62000 44.45000 12.36100 48.80300
 2 6 20 11 57 9037.90000 6.51300000 225.45000 44.42000 12.36100 48.80300
 2 6 20 11 57 9038.00000 6.51300000 225.30000 44.42000 12.36100 48.80300
 2 6 20 11 58 9038.00000 6.51300000 225.29000 44.34000 12.36100 48.80300
 2 6 20 11 58 9038.10000 6.51300000 225.29000 44.42000 12.36100 48.80300
 2 6 20 11 58 9038.20000 6.51300000 225.40000 44.34000 12.36100 48.86600
 2 6 20 11 59 9038.20000 6.51300000 225.39000 44.34000 12.36100 48.80300
 2 6 20 11 59 9038.30000 6.51300000 225.49000 44.34000 12.36100 48.80300
 2 6 20 12 00 9039.90000 6.51300000 225.49000 44.38000 12.36100 48.80300
 2 6 20 12 00 9043.00000 6.51700000 225.94000 44.47000 12.36100 48.80300
 2 6 20 12 01 9042.50000 6.51300000 225.72000 44.47000 12.36100 48.80300
 2 6 20 12 01 9039.90000 6.51300000 225.89000 44.47000 12.36100 48.80300
 2 6 20 12 02 9046.60000 6.51500000 226.00000 44.49000 12.36100 48.91900
 2 6 20 12 02 9043.10000 6.51500000 226.00000 44.49000 12.36100 48.91900
 2 6 20 12 03 9041.00000 6.51500000 225.90000 44.45000 12.36100 48.91900
 2 6 20 12 03 9042.60000 6.50800000 225.97000 44.44000 12.36100 48.91900
 2 6 20 12 04 9042.10000 6.51500000 225.90000 44.44000 12.36100 48.91900
 2 6 20 12 04 9051.50000 6.50800000 225.84000 44.49000 12.36100 48.91900
 2 6 20 12 05 9050.90000 6.50800000 225.81000 44.50000 12.36100 48.91900
 2 6 20 12 05 9051.30000 6.50800000 225.90000 44.50000 12.36100 48.91900
 2 6 20 12 06 9051.30000 6.50800000 225.84000 44.50000 12.36100 48.80300
 2 6 20 12 06 9051.30000 6.50800000 225.80000 44.49000 12.36100 48.91900
 2 6 20 12 07 9051.50000 6.51500000 225.62000 44.49000 12.36100 48.91900
 2 6 20 12 07 9051.40000 6.50800000 225.61000 44.50000 12.36100 48.91900
