M=[
23 5 21 07 59 29600.00000 46.76900000 1779.00000 130.72000 26.63500 107.39800
23 5 21 07 59 29578.70000 46.76600000 1779.01000 131.39000 26.51800 107.39800
23 5 21 08 00 29568.40000 46.73000000 1773.39000 130.84000 26.51800 107.47900
23 5 21 08 00 29557.60000 46.56500000 1773.16000 130.70000 26.50000 107.47900
23 5 21 08 01 29558.20000 46.47100000 1775.69000 130.69000 26.50000 107.47900
23 5 21 08 01 29508.90000 46.29300000 1770.71000 129.52000 26.50700 107.47900
23 5 21 08 02 29302.30000 46.18600000 1757.48000 128.54000 26.50700 105.54200
23 5 21 08 02 29376.50000 45.99600000 1759.55000 128.70000 26.50700 105.30000
23 5 21 08 02 29415.90000 45.85800000 1759.14000 128.42000 26.50700 105.30000
23 5 21 08 03 29510.90000 45.85800000 1770.69000 129.64000 26.45500 106.59100
23 5 21 08 03 29541.50000 46.07700000 1771.22000 129.53000 26.45500 106.35300
23 5 21 08 04 29502.10000 46.36200000 1773.14000 129.49000 26.45500 106.54400
23 5 21 08 04 29458.40000 46.36200000 1769.30000 129.68000 26.45500 106.54400
23 5 21 08 05 29497.60000 46.36200000 1771.21000 129.82000 26.43000 106.54400
23 5 21 08 05 29411.20000 46.06100000 1762.47000 129.32000 26.40400 106.54400
23 5 21 08 05 29350.00000 46.06100000 1759.96000 128.18000 26.40400 106.54400
23 5 21 08 06 29370.70000 46.06100000 1758.75000 128.47000 26.40400 106.54400
23 5 21 08 06 29285.90000 45.63300000 1754.92000 127.93000 26.30000 106.54400
23 5 21 08 07 29322.90000 45.69200000 1755.01000 128.18000 26.35400 106.54400
23 5 21 08 07 29386.30000 45.69200000 1758.20000 128.23000 26.35300 106.54400
23 5 21 08 08 29320.70000 45.76100000 1752.28000 127.67000 26.35300 106.54400
23 5 21 08 08 29335.30000 45.72600000 1754.62000 127.70000 26.35300 105.16500
23 5 21 08 08 29339.90000 45.72600000 1755.48000 128.04000 26.55000 105.16500
23 5 21 08 09 29305.20000 45.72600000 1756.05000 127.63000 26.55000 105.16500
23 5 21 08 09 29337.00000 45.72600000 1757.22000 127.55000 26.32800 105.16500
23 5 21 08 10 29339.60000 45.79900000 1754.64000 127.74000 26.32800 105.75800
23 5 21 08 10 29359.90000 45.71600000 1752.96000 127.10000 26.12200 105.75800
23 5 21 08 11 29234.10000 45.53100000 1750.12000 126.73000 26.12200 105.10000
23 5 21 08 11 29139.30000 45.40100000 1745.59000 126.61000 26.12200 104.20000
23 5 21 08 11 29151.40000 45.40100000 1745.77000 126.46000 26.12200 104.44800
23 5 21 08 12 29200.00000 45.45600000 1751.90000 127.12000 26.12200 104.52000
23 5 21 08 12 29177.50000 45.44000000 1745.22000 126.94000 26.27600 104.01300
23 5 21 08 13 29161.50000 45.40100000 1745.21000 126.55000 26.27600 104.01300
23 5 21 08 13 29132.40000 45.40100000 1741.99000 126.69000 26.27600 104.01300
23 5 21 08 14 29066.20000 45.34800000 1740.58000 126.47000 26.25100 103.77300
23 5 21 08 14 29000.00000 45.34800000 1741.33000 126.81000 26.25100 104.33000
23 5 21 08 14 28899.60000 45.18100000 1735.78000 126.28000 26.25100 103.37600
23 5 21 08 15 28895.40000 45.26000000 1736.26000 126.32000 26.22500 103.71500
23 5 21 08 15 28861.00000 45.26000000 1733.05000 126.01000 26.22500 103.71500
23 5 21 08 16 28735.90000 45.02700000 1731.02000 125.29000 26.20000 102.75200
23 5 21 08 16 28654.90000 45.02700000 1727.65000 124.76000 26.20000 102.75800
23 5 21 08 17 28517.10000 44.76200000 1717.08000 124.17000 26.17500 101.58200
23 5 21 08 17 28716.10000 44.82300000 1727.12000 125.35000 26.14900 102.65600
23 5 21 08 17 28671.00000 44.95300000 1729.51000 125.04000 26.12400 102.92100
23 5 21 08 18 28965.00000 45.40600000 1748.22000 126.15000 26.00300 104.07400
23 5 21 08 18 29092.90000 45.59100000 1747.92000 127.10000 26.07300 104.79100
23 5 21 08 19 29058.50000 45.88900000 1744.35000 127.49000 26.07300 105.15200
23 5 21 08 19 29130.60000 45.62800000 1750.16000 127.22000 26.12200 105.35100
23 5 21 08 20 29066.90000 45.62800000 1744.48000 127.16000 26.12200 105.17300
23 5 21 08 20 29209.30000 45.62800000 1754.85000 128.23000 26.05100 105.48000
23 5 21 08 20 29243.60000 45.84700000 1756.40000 129.00000 26.04900 105.48000
23 5 21 08 21 29184.80000 45.83200000 1752.89000 128.64000 26.04900 105.48000
23 5 21 08 21 29144.60000 45.83200000 1753.22000 128.23000 26.30700 105.48000
23 5 21 08 22 29152.10000 45.62200000 1753.21000 128.33000 26.30700 105.30500
23 5 21 08 22 29124.10000 45.51600000 1746.00000 127.50000 26.30700 104.93900
23 5 21 08 23 29032.40000 45.28000000 1739.44000 127.02000 26.05000 104.62800
23 5 21 08 23 29038.20000 45.26400000 1739.04000 126.54000 26.04800 104.51300
23 5 21 08 23 28992.50000 45.37700000 1735.31000 127.13000 26.04800 104.51300
23 5 21 08 24 29123.80000 45.33900000 1744.05000 126.80000 26.04800 104.66300
23 5 21 08 24 29160.50000 45.68000000 1745.92000 128.06000 26.04800 105.21300
23 5 21 08 25 29118.90000 45.68000000 1736.61000 128.06000 26.04800 105.14000
23 5 21 08 25 29171.10000 45.68000000 1739.61000 128.07000 26.04600 105.14000
23 5 21 08 26 29198.50000 45.69400000 1740.73000 128.31000 26.04600 105.14000
23 5 21 08 26 29240.80000 45.78700000 1745.90000 128.31000 26.02300 105.84400
23 5 21 08 26 29223.70000 45.78700000 1743.96000 128.61000 26.02300 105.61900
23 5 21 08 27 29239.90000 46.03600000 1747.07000 128.64000 26.02300 105.98200
23 5 21 08 27 29216.90000 46.13500000 1745.74000 128.42000 26.19300 105.98200
23 5 21 08 28 29208.50000 46.13500000 1745.53000 128.53000 26.18600 105.85800
23 5 21 08 28 29214.30000 45.96300000 1746.21000 128.41000 26.19400 105.85800
23 5 21 08 29 29234.30000 45.96300000 1746.87000 128.45000 26.19400 105.85800
23 5 21 08 29 29200.00000 45.96300000 1743.32000 128.46000 26.25500 105.85800
23 5 21 08 29 29199.00000 45.96300000 1746.00000 128.48000 26.25500 105.74900
23 5 21 08 30 29090.30000 45.77000000 1734.38000 127.68000 26.19400 105.47200
23 5 21 08 30 29000.00000 45.52700000 1730.22000 127.06000 26.19400 105.16000
23 5 21 08 31 29044.40000 45.51400000 1731.44000 127.45000 26.19400 105.16000
23 5 21 08 31 29077.40000 45.59300000 1735.00000 128.08000 26.19400 105.38000
23 5 21 08 32 29081.90000 45.62500000 1732.20000 127.91000 26.23300 105.38000
23 5 21 08 32 29051.00000 45.41200000 1731.77000 127.71000 26.23300 105.38000
23 5 21 08 32 29007.70000 45.41200000 1729.91000 127.42000 26.23300 104.43700
23 5 21 08 33 28963.70000 45.37000000 1731.32000 127.42000 26.19500 104.31400
23 5 21 08 33 28910.20000 45.42200000 1727.23000 127.37000 26.19500 103.99600
23 5 21 08 34 28975.80000 45.42900000 1728.93000 127.28000 26.19500 103.99600
23 5 21 08 34 28826.50000 45.03100000 1723.35000 126.50000 26.19500 103.59200
23 5 21 08 35 28777.00000 45.08700000 1719.82000 126.12000 26.19500 103.59200
23 5 21 08 35 28701.60000 44.87800000 1714.00000 126.01000 26.19500 102.81700
23 5 21 08 35 28727.30000 44.87800000 1712.51000 125.63000 26.19500 103.07400
23 5 21 08 36 28767.40000 45.06400000 1715.72000 125.48000 26.19500 103.02200
23 5 21 08 36 28931.70000 45.39200000 1723.93000 126.41000 26.19500 103.92100
23 5 21 08 37 28954.20000 45.39200000 1723.98000 126.59000 26.25600 104.15900
23 5 21 08 37 28992.00000 45.38800000 1725.99000 126.52000 26.25600 104.02300
23 5 21 08 38 28984.60000 45.47700000 1728.55000 126.87000 26.25600 104.11300
23 5 21 08 38 29023.20000 45.47700000 1730.74000 126.90000 26.25600 104.11300
23 5 21 08 38 29006.50000 45.56300000 1729.80000 126.87000 26.25600 104.11300
23 5 21 08 39 28861.10000 45.21400000 1717.05000 126.03000 26.25600 103.30400
23 5 21 08 39 28859.60000 45.33400000 1715.96000 126.33000 26.03800 103.34500
23 5 21 08 40 28752.00000 45.33400000 1709.82000 125.56000 26.03800 103.34500
23 5 21 08 40 28856.10000 45.33400000 1715.88000 125.59000 26.03800 103.23000
23 5 21 08 41 28999.90000 45.16900000 1726.51000 126.90000 26.03800 103.76100
23 5 21 08 41 28998.10000 45.32800000 1726.54000 127.33000 26.03800 103.76100
23 5 21 08 41 28945.00000 45.19200000 1720.00000 126.72000 26.03900 103.76100
23 5 21 08 42 28800.10000 44.89300000 1710.56000 125.81000 26.03600 103.49100
23 5 21 08 42 28831.20000 44.93600000 1709.54000 126.00000 26.03600 103.49100
