M=[
13 6 20 12 18 8376.20000 5.64000000 210.04000 39.56000 13.00000 45.79100
13 6 20 12 19 8376.20000 5.65700000 210.04000 39.56000 13.00000 45.79100
13 6 20 12 19 8367.80000 5.65700000 210.04000 39.64000 13.00000 45.79100
13 6 20 12 20 8371.60000 5.65700000 210.04000 39.56000 13.00000 45.79100
13 6 20 12 20 8375.40000 5.65700000 210.00000 39.56000 13.00000 45.79100
13 6 20 12 21 8375.80000 5.65700000 210.00000 39.56000 13.00000 45.84800
13 6 20 12 21 8375.90000 5.65700000 210.01000 39.56000 13.00000 45.79100
13 6 20 12 22 8375.90000 5.65700000 210.01000 39.56000 13.00000 45.79100
13 6 20 12 22 8375.90000 5.65700000 210.01000 39.56000 13.00000 45.79100
13 6 20 12 23 8380.10000 5.65700000 210.09000 39.64000 13.00000 45.79100
13 6 20 12 23 8378.90000 5.65700000 210.09000 39.56000 13.00000 45.79100
13 6 20 12 24 8382.20000 5.65700000 210.09000 39.56000 13.00000 45.79100
13 6 20 12 24 8383.00000 5.65700000 210.09000 39.56000 13.00000 45.79100
13 6 20 12 25 8377.50000 5.65700000 210.12000 39.56000 13.00000 45.79100
13 6 20 12 25 8383.00000 5.65700000 210.12000 39.73000 13.05700 45.88700
13 6 20 12 26 8382.90000 5.65700000 210.12000 39.73000 13.00000 45.79100
13 6 20 12 26 8383.00000 5.65700000 210.12000 39.73000 13.00000 45.79100
13 6 20 12 27 8382.30000 5.65700000 210.07000 39.63000 13.00000 45.79100
13 6 20 12 27 8382.30000 5.65700000 210.04000 39.73000 13.00000 45.79100
13 6 20 12 28 8382.30000 5.65700000 209.99000 39.73000 13.00000 45.84800
13 6 20 12 28 8382.00000 5.65700000 209.99000 39.73000 13.00000 45.79100
13 6 20 12 29 8377.80000 5.65700000 209.99000 39.73000 13.00000 45.79100
13 6 20 12 29 8377.80000 5.65700000 209.99000 39.73000 13.00000 45.79100
13 6 20 12 30 8377.80000 5.65700000 209.96000 39.73000 13.00000 45.79100
13 6 20 12 30 8379.00000 5.65700000 209.96000 39.73000 13.00000 45.79100
13 6 20 12 31 8379.00000 5.65700000 209.96000 39.73000 13.00000 45.79100
13 6 20 12 31 8379.40000 5.65700000 209.96000 39.73000 13.00000 45.79100
13 6 20 12 32 8382.00000 5.65700000 210.04000 39.73000 13.00000 45.79100
13 6 20 12 32 8382.90000 5.65700000 210.12000 39.73000 13.00000 45.84800
13 6 20 12 32 8383.00000 5.65700000 210.12000 39.73000 13.00000 45.79100
13 6 20 12 33 8382.50000 5.65400000 210.12000 39.73000 13.00000 45.79100
13 6 20 12 33 8382.50000 5.65700000 210.12000 39.73000 13.00000 45.79100
13 6 20 12 34 8381.00000 5.65700000 210.12000 39.73000 13.00000 45.84800
13 6 20 12 34 8383.00000 5.65700000 210.11000 39.73000 13.00000 45.79100
13 6 20 12 35 8383.00000 5.65400000 210.11000 39.73000 13.00000 45.79100
13 6 20 12 35 8383.00000 5.65700000 210.12000 39.63000 13.00000 45.79100
13 6 20 12 36 8383.00000 5.65700000 210.06000 39.63000 13.00000 45.79100
13 6 20 12 36 8382.70000 5.65700000 210.06000 39.73000 13.00000 45.79100
13 6 20 12 37 8382.70000 5.65700000 210.12000 39.73000 13.00000 45.79100
13 6 20 12 37 8382.70000 5.65700000 210.10000 39.73000 13.00000 45.79100
13 6 20 12 38 8382.60000 5.65700000 210.10000 39.73000 13.00000 45.69400
13 6 20 12 38 8379.90000 5.65700000 210.12000 39.73000 13.00000 45.79100
13 6 20 12 39 8382.70000 5.65700000 210.12000 39.73000 13.00000 45.88700
13 6 20 12 39 8382.80000 5.65700000 210.12000 39.73000 13.00000 45.88700
13 6 20 12 40 8382.20000 5.65700000 210.12000 39.73000 13.00000 45.79100
13 6 20 12 40 8383.00000 5.65700000 210.17000 39.73000 13.00000 45.79100
13 6 20 12 41 8382.90000 5.65700000 210.17000 39.63000 13.00000 45.79100
13 6 20 12 41 8383.00000 5.65700000 210.17000 39.73000 13.00000 45.79100
13 6 20 12 42 8383.00000 5.65700000 210.24000 39.69000 13.00000 45.79100
13 6 20 12 42 8383.00000 5.65700000 210.24000 39.69000 13.00000 45.79100
13 6 20 12 42 8382.90000 5.65700000 210.26000 39.69000 13.00000 45.79100
13 6 20 12 43 8382.90000 5.65700000 210.37000 39.69000 13.00000 45.84800
13 6 20 12 43 8382.90000 5.65700000 210.33000 39.69000 13.00000 45.79100
13 6 20 12 44 8383.00000 5.65700000 210.33000 39.69000 13.00000 45.79100
13 6 20 12 45 8381.90000 5.65700000 210.24000 39.69000 13.00000 45.79100
13 6 20 12 45 8381.00000 5.65700000 210.24000 39.69000 13.00000 45.79100
13 6 20 12 46 8381.00000 5.65700000 210.24000 39.69000 13.00000 45.79100
13 6 20 12 46 8377.80000 5.65700000 210.23000 39.69000 13.00000 45.79100
13 6 20 12 47 8378.20000 5.65700000 210.24000 39.68000 13.00000 45.79100
13 6 20 12 47 8378.50000 5.65700000 210.23000 39.63000 13.00000 45.79100
13 6 20 12 48 8377.80000 5.65700000 210.24000 39.68000 13.00000 45.79100
13 6 20 12 48 8377.80000 5.65700000 210.24000 39.68000 13.00000 45.79100
13 6 20 12 49 8375.70000 5.65700000 210.23000 39.68000 13.00000 45.79100
13 6 20 12 49 8375.10000 5.65700000 210.23000 39.66000 13.05700 45.79100
13 6 20 12 50 8375.00000 5.65700000 209.97000 39.66000 13.00000 45.79100
13 6 20 12 50 8373.50000 5.65700000 209.97000 39.66000 13.00000 45.79100
13 6 20 12 51 8377.40000 5.65700000 209.97000 39.66000 13.00000 45.84800
13 6 20 12 51 8379.90000 5.64000000 210.20000 39.66000 13.00000 45.79100
13 6 20 12 52 8380.00000 5.65700000 210.34000 39.66000 13.00000 45.79100
13 6 20 12 52 8379.90000 5.65700000 210.34000 39.66000 13.00000 45.79100
13 6 20 12 53 8380.00000 5.64000000 210.34000 39.66000 13.00000 45.79100
13 6 20 12 53 8379.90000 5.65700000 210.34000 39.66000 13.00000 45.79100
13 6 20 12 54 8379.90000 5.65700000 210.34000 39.66000 13.00000 45.79100
13 6 20 12 55 8380.00000 5.65700000 209.97000 39.66000 13.00000 45.79100
13 6 20 12 55 8379.80000 5.65700000 209.97000 39.67000 13.00000 45.79100
13 6 20 12 56 8379.90000 5.65700000 210.27000 39.67000 13.00000 45.79100
13 6 20 12 56 8380.00000 5.65700000 210.37000 39.67000 13.00000 45.79100
13 6 20 12 57 8378.30000 5.65700000 210.25000 39.67000 13.00000 45.79100
13 6 20 12 57 8378.30000 5.65700000 210.27000 39.67000 13.00000 45.79100
13 6 20 12 58 8375.90000 5.65700000 210.25000 39.66000 13.00000 45.79100
13 6 20 12 58 8373.90000 5.65700000 210.25000 39.67000 13.00000 45.79100
13 6 20 12 59 8374.20000 5.65700000 210.25000 39.67000 13.00000 45.79100
13 6 20 12 59 8374.20000 5.65700000 210.23000 39.65000 13.00000 45.79100
13 6 20 13 00 8373.30000 5.65700000 210.23000 39.65000 13.00000 45.84800
13 6 20 13 00 8377.00000 5.64000000 210.25000 39.65000 13.00000 45.79100
13 6 20 13 01 8377.00000 5.65700000 210.23000 39.65000 13.00000 45.79100
13 6 20 13 01 8375.50000 5.65700000 210.23000 39.65000 13.00000 45.79100
13 6 20 13 02 8376.00000 5.65700000 210.23000 39.65000 13.00000 45.79100
13 6 20 13 02 8377.00000 5.65700000 210.23000 39.65000 13.00000 45.78900
13 6 20 13 03 8376.90000 5.65700000 210.23000 39.67000 13.00000 45.78900
13 6 20 13 03 8376.80000 5.65700000 210.23000 39.65000 13.00000 45.78900
13 6 20 13 04 8375.30000 5.64000000 210.05000 39.61000 13.00000 45.78900
13 6 20 13 04 8374.40000 5.65700000 210.05000 39.61000 13.00000 45.78900
13 6 20 13 04 8372.30000 5.65700000 210.05000 39.61000 13.00000 45.88700
13 6 20 13 05 8376.80000 5.65700000 210.14000 39.61000 13.00000 45.78900
13 6 20 13 05 8376.90000 5.65700000 210.14000 39.63000 13.00000 45.78900
13 6 20 13 06 8376.80000 5.65700000 210.10000 39.63000 13.00000 45.78900
13 6 20 13 07 8374.40000 5.65700000 210.05000 39.62000 13.00000 45.78900
13 6 20 13 07 8374.30000 5.65700000 210.05000 39.62000 13.00000 45.78900
13 6 20 13 08 8374.30000 5.65400000 210.04000 39.62000 13.00000 45.78900
13 6 20 13 08 8374.30000 5.65700000 210.05000 39.62000 13.05700 45.78900
13 6 20 13 09 8371.60000 5.65700000 210.06000 39.62000 13.00000 45.78900
13 6 20 13 09 8372.70000 5.65700000 210.06000 39.62000 13.00000 45.78900
13 6 20 13 10 8371.20000 5.65700000 210.06000 39.62000 13.00000 45.78900
13 6 20 13 10 8371.20000 5.65700000 210.04000 39.62000 13.00000 45.88700
13 6 20 13 11 8371.20000 5.64000000 210.05000 39.62000 13.00000 45.78900
13 6 20 13 11 8371.20000 5.65700000 210.05000 39.62000 13.00000 45.78900
13 6 20 13 12 8370.20000 5.65700000 210.00000 39.62000 13.00000 45.78900
13 6 20 13 12 8370.20000 5.65700000 209.92000 39.62000 13.00000 45.78900
