M=[
12 12 20 20 14 15510.70000 4.88400000 468.40000 63.31000 13.90000 54.77400
12 12 20 20 14 15514.20000 4.88400000 468.40000 63.31000 13.90000 54.77400
12 12 20 20 15 15515.00000 4.88400000 468.46000 63.31000 13.90000 54.77400
12 12 20 20 15 15514.90000 4.88400000 468.59000 63.31000 13.90000 54.77400
12 12 20 20 16 15515.00000 4.88400000 468.37000 63.31000 13.90000 54.77400
12 12 20 20 16 15509.00000 4.88400000 468.37000 63.31000 13.90000 54.77400
12 12 20 20 17 15509.20000 4.88400000 468.43000 63.24000 13.90000 54.77400
12 12 20 20 17 15508.10000 4.88400000 468.37000 63.24000 13.90000 54.77400
12 12 20 20 17 15502.90000 4.88400000 468.38000 63.24000 13.90000 54.77400
12 12 20 20 18 15519.50000 4.88400000 468.37000 63.24000 13.90000 54.77400
12 12 20 20 18 15514.20000 4.88400000 468.37000 63.24000 13.90000 54.77400
12 12 20 20 19 15512.00000 4.88400000 468.38000 63.24000 13.90000 54.77400
12 12 20 20 19 15522.10000 4.88400000 468.16000 63.24000 13.90000 54.77400
12 12 20 20 20 15523.30000 4.88400000 468.56000 63.24000 13.90000 54.77400
12 12 20 20 20 15523.30000 4.88400000 468.56000 63.24000 13.90000 54.77400
12 12 20 20 20 15527.70000 4.88400000 468.56000 63.26000 13.90000 54.77400
12 12 20 20 21 15527.70000 4.88400000 468.56000 63.26000 13.81300 54.77400
12 12 20 20 21 15526.80000 4.88400000 468.38000 63.26000 13.81300 54.77400
12 12 20 20 22 15526.70000 4.88400000 468.36000 63.26000 13.81300 54.77400
12 12 20 20 22 15526.70000 4.88400000 468.70000 63.26000 13.81300 54.77400
12 12 20 20 23 15526.80000 4.88400000 468.85000 63.26000 13.81300 54.70000
12 12 20 20 23 15526.70000 4.88400000 468.87000 63.26000 13.81300 54.72100
12 12 20 20 23 15526.80000 4.88400000 468.88000 63.26000 13.81300 54.72100
12 12 20 20 24 15516.80000 4.88400000 468.65000 63.26000 13.81300 54.72100
12 12 20 20 24 15521.40000 4.88400000 468.65000 63.26000 13.81300 54.72100
12 12 20 20 25 15526.30000 4.88400000 468.90000 63.26000 13.81300 54.72100
12 12 20 20 25 15526.40000 4.88400000 469.27000 63.26000 13.81300 54.72100
12 12 20 20 26 15527.00000 4.88400000 469.29000 63.26000 13.81300 54.72100
12 12 20 20 26 15527.00000 4.88400000 469.77000 63.26000 13.81300 54.72100
12 12 20 20 26 15527.00000 4.88400000 469.93000 63.30000 13.81300 54.72100
12 12 20 20 27 15526.90000 4.88400000 469.57000 63.30000 13.81300 54.72100
12 12 20 20 27 15527.00000 4.88400000 469.71000 63.30000 13.81300 54.72100
12 12 20 20 28 15526.90000 4.88400000 469.52000 63.30000 13.81300 54.72100
12 12 20 20 28 15526.90000 4.88400000 469.52000 63.33000 13.81300 54.72100
12 12 20 20 29 15526.90000 4.88400000 469.52000 63.33000 13.81300 54.72100
12 12 20 20 29 15526.10000 4.88400000 469.31000 63.33000 13.81300 54.72100
12 12 20 20 29 15526.10000 4.88400000 469.72000 63.33000 13.81300 54.72100
12 12 20 20 30 15526.80000 4.88400000 469.77000 63.33000 13.81300 54.72100
12 12 20 20 30 15527.00000 4.88400000 469.96000 63.38000 13.81300 54.72100
12 12 20 20 31 15536.60000 4.91700000 470.00000 63.37000 13.81300 54.72100
12 12 20 20 31 15536.60000 4.91700000 470.40000 63.37000 13.81300 54.72100
12 12 20 20 32 15540.00000 4.91700000 470.49000 63.37000 13.81300 54.72100
12 12 20 20 32 15543.10000 4.91700000 470.43000 63.37000 13.81300 54.72100
12 12 20 20 32 15548.70000 4.91700000 470.49000 63.37000 13.81300 54.72100
12 12 20 20 33 15550.00000 4.91700000 470.72000 63.41000 13.81300 54.72100
12 12 20 20 33 15550.00000 4.91700000 470.77000 63.41000 13.81300 54.72100
12 12 20 20 34 15549.10000 4.91700000 470.77000 63.42000 13.81300 54.83300
12 12 20 20 34 15550.00000 4.91700000 470.93000 63.42000 13.89500 54.83300
12 12 20 20 35 15550.00000 4.91700000 470.85000 63.42000 13.89500 54.83300
12 12 20 20 35 15550.00000 4.91700000 470.86000 63.42000 13.89500 54.83300
12 12 20 20 35 15550.00000 4.91700000 470.76000 63.42000 13.89500 54.83300
12 12 20 20 36 15549.00000 4.91700000 470.75000 63.42000 13.89500 54.83300
12 12 20 20 36 15550.00000 4.91700000 471.46000 63.44000 13.89500 54.83300
12 12 20 20 37 15560.00000 4.91700000 472.18000 63.44000 13.89500 54.83300
12 12 20 20 37 15567.40000 4.91700000 472.19000 63.44000 13.89500 54.83300
12 12 20 20 38 15549.00000 4.91700000 471.55000 63.52000 13.89500 54.83300
12 12 20 20 38 15543.50000 4.91700000 471.13000 63.49000 13.89500 54.83300
12 12 20 20 38 15531.70000 4.91700000 470.98000 63.49000 13.89500 54.83300
12 12 20 20 39 15527.00000 4.91700000 470.51000 63.45000 13.89500 54.83300
12 12 20 20 39 15527.90000 4.94900000 470.41000 63.41000 13.89500 54.83300
12 12 20 20 40 15528.50000 4.94900000 470.16000 63.33000 13.89500 54.83300
12 12 20 20 40 15528.50000 4.94900000 470.01000 63.33000 13.89500 54.83300
12 12 20 20 41 15528.50000 4.94900000 470.01000 63.30000 13.89500 54.92700
12 12 20 20 41 15527.10000 4.94900000 470.16000 63.30000 13.89500 54.92700
12 12 20 20 41 15527.00000 4.94900000 470.03000 63.32000 13.89500 54.92700
12 12 20 20 42 15527.00000 4.94900000 470.01000 63.32000 13.89500 54.92700
12 12 20 20 42 15516.60000 4.94900000 470.10000 63.34000 13.89500 54.86100
12 12 20 20 43 15516.00000 4.94900000 470.06000 63.34000 13.89500 54.86100
12 12 20 20 43 15515.50000 4.94900000 470.06000 63.34000 13.89500 54.86100
12 12 20 20 44 15513.80000 4.94900000 470.06000 63.42000 13.89500 54.86100
12 12 20 20 44 15509.10000 4.94900000 470.00000 63.42000 13.89500 54.86100
12 12 20 20 44 15513.80000 4.94900000 470.00000 63.42000 13.89500 54.86100
12 12 20 20 45 15513.80000 4.94900000 469.86000 63.42000 13.89500 54.86100
12 12 20 20 45 15514.90000 4.94900000 469.87000 63.38000 13.89500 54.86100
12 12 20 20 46 15502.80000 4.94900000 469.26000 63.38000 13.89500 54.86100
12 12 20 20 46 15509.50000 4.94900000 469.25000 63.38000 13.89500 54.86100
12 12 20 20 47 15506.70000 4.94900000 469.16000 63.38000 13.89500 54.86100
12 12 20 20 47 15500.10000 4.94900000 469.12000 63.37000 13.89500 54.86100
12 12 20 20 47 15500.00000 4.94900000 469.16000 63.37000 13.89500 54.86100
12 12 20 20 48 15500.00000 4.94900000 469.35000 63.37000 13.89500 54.86100
12 12 20 20 48 15500.00000 4.94900000 469.28000 63.37000 13.89500 54.86100
12 12 20 20 49 15500.10000 4.94900000 469.25000 63.37000 13.89500 54.86100
12 12 20 20 49 15500.00000 4.94900000 469.22000 63.37000 13.89500 54.86100
12 12 20 20 49 15500.10000 4.94900000 469.20000 63.37000 13.89500 54.86100
12 12 20 20 50 15500.00000 4.94900000 469.18000 63.44000 13.89500 54.86100
12 12 20 20 50 15500.00000 4.94900000 469.38000 63.44000 13.89500 55.00000
12 12 20 20 51 15500.00000 4.94900000 469.27000 63.54000 13.89500 55.00000
12 12 20 20 51 15501.60000 4.94900000 469.40000 63.54000 13.89500 55.00000
12 12 20 20 52 15502.80000 4.94900000 469.40000 63.54000 13.89500 55.00000
12 12 20 20 52 15502.70000 4.94900000 469.26000 63.54000 13.89500 55.00000
12 12 20 20 52 15505.30000 4.94900000 469.26000 63.54000 13.89500 55.00000
12 12 20 20 53 15506.20000 4.94900000 469.45000 63.54000 13.89500 55.00000
12 12 20 20 53 15505.00000 4.94900000 469.45000 63.54000 13.89500 55.00000
12 12 20 20 54 15501.00000 4.94900000 468.95000 63.46000 13.89500 55.00000
12 12 20 20 54 15502.10000 4.94900000 469.14000 63.46000 13.89500 55.00000
12 12 20 20 55 15502.10000 4.94900000 469.14000 63.46000 13.89500 55.00000
12 12 20 20 55 15502.10000 4.94900000 468.88000 63.48000 13.89500 55.00000
12 12 20 20 55 15506.70000 4.94900000 469.05000 63.48000 13.89500 55.00000
12 12 20 20 56 15504.60000 4.94900000 469.10000 63.48000 13.89500 55.00000
12 12 20 20 56 15504.70000 4.94900000 469.10000 63.48000 13.89500 55.00000
12 12 20 20 57 15506.10000 4.94900000 469.29000 63.48000 13.89500 55.00000
12 12 20 20 57 15507.10000 4.94900000 469.29000 63.48000 13.89500 55.00000
12 12 20 20 58 15507.10000 4.94900000 469.16000 63.48000 13.89500 55.00000
12 12 20 20 58 15507.20000 4.94900000 469.16000 63.48000 13.89500 55.00000
12 12 20 20 58 15507.20000 4.94900000 469.30000 63.48000 13.89500 54.89000
12 12 20 20 59 15507.10000 4.94900000 469.36000 63.48000 13.89500 54.89000
