M=[
25 11 20 10 37 16235.80000 6.50200000 508.01000 74.58000 14.79300 71.30500
25 11 20 10 38 16231.00000 6.50200000 507.55000 74.57000 14.79300 71.34700
25 11 20 10 38 16232.10000 6.51300000 508.06000 74.66000 14.79300 71.34700
25 11 20 10 38 16230.50000 6.51300000 508.19000 74.67000 14.79300 71.34700
25 11 20 10 39 16229.70000 6.51300000 508.45000 74.73000 14.79300 71.34700
25 11 20 10 39 16235.00000 6.51300000 508.90000 74.73000 14.79300 71.34700
25 11 20 10 40 16249.90000 6.51300000 508.90000 74.73000 14.79300 71.34700
25 11 20 10 40 16253.20000 6.51300000 508.67000 74.73000 14.79300 71.34700
25 11 20 10 41 16250.10000 6.51300000 508.33000 74.68000 14.79300 71.34700
25 11 20 10 41 16246.20000 6.54000000 508.34000 74.60000 14.79300 71.67000
25 11 20 10 41 16230.60000 6.54000000 507.58000 74.60000 14.79300 71.67000
25 11 20 10 42 16226.10000 6.52900000 507.62000 74.61000 14.79300 71.67000
25 11 20 10 42 16226.00000 6.49300000 507.51000 74.62000 14.79300 71.67000
25 11 20 10 43 16238.70000 6.49300000 507.88000 74.62000 14.79300 71.38200
25 11 20 10 43 16228.30000 6.49300000 507.86000 74.61000 14.79300 71.46800
25 11 20 10 44 16233.00000 6.49300000 507.98000 74.61000 14.79300 71.46800
25 11 20 10 44 16234.90000 6.51100000 508.46000 74.60000 14.79300 71.46800
25 11 20 10 44 16234.90000 6.51100000 508.25000 74.60000 14.79300 71.46800
25 11 20 10 45 16234.90000 6.51100000 507.95000 74.60000 14.79300 71.46800
25 11 20 10 45 16245.80000 6.51100000 508.18000 74.60000 14.77600 71.46800
25 11 20 10 46 16235.00000 6.51100000 508.16000 74.60000 14.77600 71.55900
25 11 20 10 46 16235.10000 6.51100000 507.54000 74.57000 14.79300 71.55900
25 11 20 10 47 16235.10000 6.51100000 507.31000 74.57000 14.79300 71.55900
25 11 20 10 47 16235.10000 6.51100000 507.45000 74.57000 14.79300 71.63900
25 11 20 10 47 16235.10000 6.51100000 507.16000 74.57000 14.79300 71.59100
25 11 20 10 48 16230.00000 6.51800000 507.07000 74.56000 14.79300 71.59100
25 11 20 10 48 16233.20000 6.52000000 507.54000 74.56000 14.79300 71.59100
25 11 20 10 49 16234.90000 6.52000000 507.72000 74.56000 14.79300 71.59100
25 11 20 10 49 16235.10000 6.52800000 507.72000 74.68000 14.79300 71.59100
25 11 20 10 50 16250.00000 6.52800000 508.49000 74.77000 14.79300 71.88000
25 11 20 10 50 16250.00000 6.52800000 508.49000 74.71000 14.79300 71.88000
25 11 20 10 50 16250.00000 6.52800000 508.22000 74.68000 14.76300 71.88000
25 11 20 10 51 16250.00000 6.52800000 508.04000 74.68000 14.76300 71.88000
25 11 20 10 51 16232.30000 6.52800000 508.03000 74.67000 14.76300 71.88000
25 11 20 10 52 16237.00000 6.52800000 507.64000 74.67000 14.76300 71.88000
25 11 20 10 52 16230.10000 6.52800000 507.12000 74.56000 14.82600 71.90000
25 11 20 10 53 16230.20000 6.52800000 507.12000 74.49000 14.82600 71.71200
25 11 20 10 53 16230.20000 6.52800000 507.11000 74.56000 14.74500 71.71200
25 11 20 10 53 16230.10000 6.52800000 507.02000 74.62000 14.74500 71.71200
25 11 20 10 54 16230.10000 6.52800000 507.00000 74.59000 14.71200 71.71200
25 11 20 10 54 16230.10000 6.52800000 506.86000 74.59000 14.71200 71.71200
25 11 20 10 55 16230.00000 6.47700000 506.86000 74.59000 14.71200 71.71200
25 11 20 10 55 16230.00000 6.47700000 507.08000 74.59000 14.71200 71.71200
25 11 20 10 56 16245.20000 6.47700000 507.10000 74.63000 14.72000 71.79500
25 11 20 10 56 16246.30000 6.47700000 507.09000 74.63000 14.72000 71.85900
25 11 20 10 56 16250.00000 6.47700000 507.09000 74.65000 14.72000 72.00000
25 11 20 10 57 16249.90000 6.47700000 507.10000 74.65000 14.72000 72.03800
25 11 20 10 57 16249.90000 6.47700000 507.10000 74.65000 14.72000 72.39700
25 11 20 10 58 16243.40000 6.47700000 507.21000 74.68000 14.72000 72.39700
25 11 20 10 58 16245.10000 6.47900000 507.43000 74.69000 14.72000 72.40000
25 11 20 10 59 16243.20000 6.47900000 507.42000 74.69000 14.72000 72.40000
25 11 20 10 59 16241.80000 6.50900000 507.13000 74.65000 14.72000 72.40000
25 11 20 10 59 16240.40000 6.50900000 507.13000 74.65000 14.72000 72.40000
25 11 20 11 00 16240.40000 6.50900000 506.92000 74.65000 14.72000 72.40000
25 11 20 11 00 16240.40000 6.50900000 506.64000 74.66000 14.72000 72.40000
25 11 20 11 01 16236.50000 6.50900000 506.64000 74.65000 14.72000 72.40000
25 11 20 11 01 16233.50000 6.50900000 506.60000 74.65000 14.72000 72.40000
25 11 20 11 02 16232.00000 6.50900000 506.15000 74.60000 14.72000 72.40000
25 11 20 11 02 16240.40000 6.49200000 506.39000 74.60000 14.72000 72.01000
25 11 20 11 02 16250.00000 6.49200000 506.31000 74.60000 14.72000 72.01000
25 11 20 11 03 16254.10000 6.51600000 506.39000 74.60000 14.72000 72.21700
25 11 20 11 03 16266.10000 6.51600000 506.93000 74.60000 14.72000 72.21700
25 11 20 11 04 16279.30000 6.51600000 507.72000 74.73000 14.72000 72.21700
25 11 20 11 04 16283.30000 6.49300000 507.50000 74.78000 14.72000 72.40000
25 11 20 11 05 16281.40000 6.49300000 507.30000 74.78000 14.72000 72.40000
25 11 20 11 05 16272.70000 6.49300000 507.22000 74.73000 14.72000 72.40000
25 11 20 11 05 16276.40000 6.49300000 507.25000 74.73000 14.72000 72.40000
25 11 20 11 06 16272.00000 6.49300000 507.23000 74.73000 14.72000 72.40000
25 11 20 11 06 16274.30000 6.49300000 507.30000 74.82000 14.72000 72.40000
25 11 20 11 07 16278.90000 6.49300000 507.41000 74.82000 14.72000 72.40000
25 11 20 11 07 16279.90000 6.49300000 507.40000 74.92000 14.72000 72.40000
25 11 20 11 08 16279.90000 6.49300000 507.75000 74.89000 14.72000 72.40000
25 11 20 11 08 16280.00000 6.49300000 507.86000 74.89000 14.72000 72.40000
25 11 20 11 08 16273.20000 6.49300000 507.58000 74.91000 14.78900 72.40000
25 11 20 11 09 16273.20000 6.49300000 507.58000 74.89000 14.78900 72.40000
25 11 20 11 09 16268.60000 6.49300000 507.41000 74.86000 14.78900 72.40000
25 11 20 11 10 16268.70000 6.49300000 507.22000 74.87000 14.80600 72.40000
25 11 20 11 10 16268.80000 6.49300000 507.22000 74.87000 14.80600 72.40000
25 11 20 11 11 16269.60000 6.49300000 507.23000 74.86000 14.80600 72.40000
25 11 20 11 11 16268.90000 6.49300000 507.23000 74.80000 14.80600 72.40000
25 11 20 11 11 16268.80000 6.51600000 507.23000 74.80000 14.75100 72.40000
25 11 20 11 12 16267.30000 6.51600000 507.22000 74.70000 14.75100 72.40000
25 11 20 11 12 16280.00000 6.51600000 507.33000 74.70000 14.75100 72.40000
25 11 20 11 13 16295.30000 6.51600000 507.99000 74.85000 14.75100 72.40000
25 11 20 11 13 16297.00000 6.51600000 507.76000 74.85000 14.75100 72.30000
25 11 20 11 14 16296.50000 6.53000000 507.30000 74.85000 14.75100 72.30000
25 11 20 11 14 16297.90000 6.53000000 507.35000 74.85000 14.75100 72.30000
25 11 20 11 14 16297.90000 6.53000000 507.53000 74.85000 14.75100 72.30000
25 11 20 11 15 16297.90000 6.53000000 507.38000 74.82000 14.75100 72.30000
25 11 20 11 15 16298.00000 6.53000000 507.38000 74.82000 14.75100 72.30000
25 11 20 11 16 16280.40000 6.53000000 507.23000 74.77000 14.75100 72.26700
25 11 20 11 16 16273.20000 6.53000000 506.70000 74.77000 14.75100 72.33900
25 11 20 11 17 16279.60000 6.53000000 506.87000 74.77000 14.75100 72.33900
25 11 20 11 17 16275.50000 6.53000000 506.14000 74.78000 14.75100 72.33900
25 11 20 11 17 16276.70000 6.53000000 506.39000 74.78000 14.90000 72.33900
25 11 20 11 18 16279.10000 6.53000000 506.40000 74.79000 14.90000 72.33900
25 11 20 11 18 16281.70000 6.53000000 506.39000 74.83000 14.82300 72.33900
25 11 20 11 19 16272.40000 6.53000000 506.15000 74.83000 14.82300 72.33900
25 11 20 11 19 16272.30000 6.53000000 506.11000 74.83000 14.83800 72.33900
25 11 20 11 20 16271.20000 6.53000000 506.39000 74.86000 14.85900 72.80000
25 11 20 11 20 16273.00000 6.53000000 506.62000 74.86000 14.85900 72.88000
25 11 20 11 20 16273.00000 6.53000000 506.92000 74.87000 14.85900 73.01700
25 11 20 11 21 16276.90000 6.53000000 506.99000 74.93000 14.86800 73.01700
25 11 20 11 21 16263.30000 6.57000000 506.99000 74.92000 14.86800 73.01700
25 11 20 11 22 16258.00000 6.57000000 507.06000 74.93000 14.86800 73.01700
25 11 20 11 22 16250.00000 6.57000000 506.64000 74.93000 14.86800 73.01700
