M=[
12 9 20 12 26 8749.40000 4.49100000 312.91000 41.25000 16.30400 53.44600
12 9 20 12 26 8749.10000 4.49500000 312.70000 41.25000 16.31300 53.44600
12 9 20 12 26 8749.10000 4.42700000 312.70000 41.25000 16.31300 53.44600
12 9 20 12 27 8749.40000 4.42700000 312.73000 41.25000 16.31400 53.44600
12 9 20 12 27 8749.40000 4.42700000 312.73000 41.25000 16.31400 53.44600
12 9 20 12 28 8749.30000 4.49900000 312.78000 41.25000 16.31400 53.44600
12 9 20 12 28 8749.10000 4.49900000 312.60000 41.25000 16.31400 53.44600
12 9 20 12 29 8748.50000 4.49900000 312.60000 41.25000 16.31400 53.44600
12 9 20 12 29 8748.50000 4.49900000 312.60000 41.25000 16.31400 53.44600
12 9 20 12 30 8748.40000 4.49900000 312.64000 41.25000 16.31400 53.44600
12 9 20 12 30 8746.30000 4.49900000 312.64000 41.32000 16.31400 53.44600
12 9 20 12 30 8746.30000 4.49900000 312.64000 41.32000 16.31400 53.44600
12 9 20 12 31 8747.20000 4.49900000 312.56000 41.32000 16.31400 53.44600
12 9 20 12 31 8746.80000 4.49900000 312.56000 41.32000 16.31400 53.44600
12 9 20 12 32 8747.20000 4.49900000 312.46000 41.32000 16.31400 53.44600
12 9 20 12 32 8747.20000 4.43000000 312.46000 41.32000 16.31400 53.44600
12 9 20 12 33 8747.20000 4.43000000 312.46000 41.32000 16.31400 53.44600
12 9 20 12 33 8747.20000 4.43000000 312.39000 41.32000 16.36500 53.44600
12 9 20 12 33 8747.10000 4.43000000 312.39000 41.32000 16.36500 53.55400
12 9 20 12 34 8747.20000 4.43000000 312.33000 41.32000 16.36500 53.55400
12 9 20 12 34 8747.20000 4.43000000 312.33000 41.32000 16.36500 53.55400
12 9 20 12 35 8745.40000 4.43000000 312.47000 41.32000 16.36500 53.55400
12 9 20 12 35 8745.10000 4.43000000 312.47000 41.32000 16.36500 53.55400
12 9 20 12 36 8745.10000 4.43000000 312.47000 41.32000 16.36500 53.55400
12 9 20 12 36 8745.10000 4.43000000 312.47000 41.32000 16.36500 53.55400
12 9 20 12 36 8745.10000 4.43000000 313.05000 41.32000 16.36500 53.55400
12 9 20 12 37 8745.10000 4.43000000 313.05000 41.32000 16.36500 53.55400
12 9 20 12 37 8749.70000 4.43000000 313.05000 41.32000 16.36500 53.55400
12 9 20 12 38 8749.70000 4.43000000 313.05000 41.32000 16.36500 53.55400
12 9 20 12 38 8749.40000 4.43000000 313.05000 41.32000 16.36500 53.55400
12 9 20 12 39 8749.50000 4.43000000 313.05000 41.32000 16.36500 53.55400
12 9 20 12 39 8749.70000 4.43000000 313.05000 41.32000 16.36500 53.55400
12 9 20 12 39 8748.10000 4.43000000 312.66000 41.32000 16.36500 53.55400
12 9 20 12 40 8744.50000 4.43000000 312.65000 41.26000 16.36500 53.55400
12 9 20 12 40 8744.50000 4.43000000 312.65000 41.26000 16.36500 53.55400
12 9 20 12 41 8741.70000 4.43000000 312.28000 41.26000 16.36500 53.55400
12 9 20 12 41 8742.30000 4.43000000 312.28000 41.26000 16.36500 53.55400
12 9 20 12 42 8740.10000 4.43000000 312.35000 41.26000 16.36500 53.55400
12 9 20 12 42 8740.30000 4.43000000 312.36000 41.26000 16.36500 53.55400
12 9 20 12 42 8739.80000 4.43000000 312.36000 41.26000 16.36500 53.55400
12 9 20 12 43 8738.80000 4.43000000 312.18000 41.26000 16.36500 53.55400
12 9 20 12 43 8739.10000 4.43000000 311.79000 41.26000 16.33600 53.55400
12 9 20 12 44 8741.60000 4.43000000 311.79000 41.22000 16.33200 53.55400
12 9 20 12 44 8739.20000 4.43000000 312.03000 41.22000 16.33200 53.55400
12 9 20 12 45 8735.70000 4.43000000 311.80000 41.22000 16.48200 53.55400
12 9 20 12 45 8736.10000 4.43000000 311.66000 41.22000 16.48200 53.55400
12 9 20 12 46 8736.00000 4.43000000 311.66000 41.22000 16.48200 53.55400
12 9 20 12 46 8736.40000 4.43000000 311.66000 41.22000 16.48200 53.55400
12 9 20 12 46 8735.30000 4.43000000 311.20000 41.22000 16.48200 53.55400
12 9 20 12 47 8736.80000 4.43000000 311.20000 41.14000 16.48200 53.55400
12 9 20 12 47 8739.00000 4.43000000 311.72000 41.14000 16.48200 53.55400
12 9 20 12 48 8738.50000 4.43000000 311.72000 41.14000 16.48200 53.55400
12 9 20 12 48 8738.40000 4.43000000 311.84000 41.14000 16.48200 53.55400
12 9 20 12 49 8738.50000 4.43000000 311.84000 41.16000 16.48200 53.55400
12 9 20 12 49 8737.70000 4.43000000 311.84000 41.16000 16.48200 53.55400
12 9 20 12 49 8739.10000 4.43000000 311.84000 41.16000 16.48200 53.55400
12 9 20 12 50 8738.40000 4.43000000 311.87000 41.16000 16.43600 53.55400
12 9 20 12 50 8737.80000 4.43000000 311.87000 41.16000 16.43600 53.55400
12 9 20 12 51 8738.00000 4.43000000 311.87000 41.18000 16.43600 53.55400
12 9 20 12 51 8738.50000 4.43000000 311.87000 41.18000 16.50500 53.55400
12 9 20 12 52 8738.90000 4.43000000 311.96000 41.18000 16.45300 53.55400
12 9 20 12 52 8738.80000 4.43000000 311.96000 41.18000 16.54500 53.55400
12 9 20 12 52 8738.90000 4.43000000 311.96000 41.18000 16.54500 53.55400
12 9 20 12 53 8739.30000 4.43000000 311.96000 41.18000 16.54500 53.55400
12 9 20 12 53 8741.60000 4.43000000 312.36000 41.18000 16.54500 53.55400
12 9 20 12 54 8742.80000 4.43000000 312.47000 41.18000 16.54500 53.55400
12 9 20 12 54 8746.90000 4.43000000 312.47000 41.18000 16.47800 53.55400
12 9 20 12 55 8741.70000 4.43000000 312.57000 41.18000 16.47800 53.55400
12 9 20 12 55 8743.10000 4.43000000 312.57000 41.18000 16.47800 53.55400
12 9 20 12 56 8739.50000 4.43000000 312.16000 41.18000 16.47800 53.55400
12 9 20 12 56 8739.60000 4.43000000 312.18000 41.18000 16.47800 53.55400
12 9 20 12 56 8739.60000 4.43000000 312.18000 41.18000 16.47800 53.55400
12 9 20 12 57 8742.00000 4.43000000 312.18000 41.18000 16.47800 53.55400
12 9 20 12 57 8744.60000 4.43000000 312.18000 41.18000 16.47800 53.55400
12 9 20 12 58 8744.60000 4.43000000 312.18000 41.18000 16.47800 53.55400
12 9 20 12 58 8744.30000 4.43000000 312.18000 41.18000 16.47800 53.55400
12 9 20 12 59 8745.60000 4.43000000 312.17000 41.18000 16.47800 53.55400
12 9 20 12 59 8745.60000 4.43000000 312.18000 41.18000 16.47800 53.55400
12 9 20 12 59 8745.50000 4.43000000 312.18000 41.18000 16.47800 53.55400
12 9 20 13 00 8742.50000 4.43000000 312.18000 41.18000 16.47800 53.55400
12 9 20 13 00 8740.80000 4.43000000 312.18000 41.22000 16.47800 53.55400
12 9 20 13 01 8740.80000 4.43000000 312.17000 41.22000 16.47800 53.55400
12 9 20 13 01 8740.70000 4.43000000 312.17000 41.22000 16.47800 53.55400
12 9 20 13 02 8740.70000 4.43000000 312.17000 41.22000 16.47800 53.55400
12 9 20 13 02 8740.60000 4.43000000 312.04000 41.22000 16.47800 53.55400
12 9 20 13 02 8740.60000 4.43000000 312.04000 41.22000 16.47800 53.55400
12 9 20 13 03 8741.80000 4.43000000 312.04000 41.22000 16.47800 53.55400
12 9 20 13 03 8741.60000 4.43000000 312.04000 41.22000 16.47800 53.55400
12 9 20 13 04 8742.40000 4.43000000 312.17000 41.22000 16.47800 53.55400
12 9 20 13 04 8742.00000 4.43000000 312.17000 41.20000 16.47800 53.55400
12 9 20 13 05 8744.50000 4.43000000 312.18000 41.20000 16.47800 53.55400
12 9 20 13 05 8745.60000 4.43000000 312.18000 41.20000 16.47800 53.55400
12 9 20 13 05 8743.10000 4.43000000 312.12000 41.20000 16.47800 53.55400
12 9 20 13 06 8744.10000 4.43000000 312.12000 41.20000 16.47800 53.55400
12 9 20 13 06 8744.30000 4.43000000 312.50000 41.20000 16.48400 53.55400
12 9 20 13 07 8744.20000 4.43000000 312.50000 41.20000 16.48400 53.55400
12 9 20 13 07 8744.30000 4.43000000 312.50000 41.20000 16.48400 53.55400
12 9 20 13 08 8743.50000 4.43000000 312.50000 41.20000 16.56500 53.55400
12 9 20 13 08 8743.30000 4.43000000 312.50000 41.20000 16.56500 53.55400
12 9 20 13 08 8745.80000 4.43000000 312.50000 41.30000 16.56500 53.55400
12 9 20 13 09 8743.60000 4.43000000 312.50000 41.30000 16.56500 53.55400
12 9 20 13 09 8742.90000 4.43000000 312.50000 41.30000 16.56500 53.55400
12 9 20 13 10 8740.70000 4.43000000 312.24000 41.27000 16.56500 53.55400
12 9 20 13 10 8743.00000 4.43000000 312.24000 41.30000 16.56500 53.55400
12 9 20 13 11 8740.80000 4.43000000 312.24000 41.30000 16.56500 53.55400
12 9 20 13 11 8740.80000 4.43000000 312.24000 41.30000 16.56500 53.55400
12 9 20 13 12 8740.90000 4.43000000 312.43000 41.30000 16.59100 53.55400
12 9 20 13 12 8739.60000 4.43000000 312.24000 41.30000 16.60100 53.55400
12 9 20 13 12 8738.60000 4.43000000 312.24000 41.24000 16.60100 53.55400
