M=[
 9 3 21 21 39 45556.50000 10.18800000 1536.19000 167.46000 28.01900 114.25000
 9 3 21 21 40 45556.60000 10.18800000 1535.31000 167.47000 28.01900 114.25000
 9 3 21 21 40 45556.60000 10.18800000 1535.72000 167.60000 28.01900 114.25000
 9 3 21 21 41 45512.10000 10.18800000 1535.59000 167.68000 28.01900 114.25000
 9 3 21 21 41 45512.20000 10.18800000 1535.03000 167.57000 28.01900 114.25000
 9 3 21 21 42 45512.20000 10.18800000 1535.20000 167.46000 28.39700 114.24900
 9 3 21 21 42 45548.90000 10.18800000 1536.80000 167.61000 28.39700 114.25000
 9 3 21 21 42 45553.10000 10.18800000 1536.34000 167.61000 28.39700 114.25000
 9 3 21 21 43 45579.00000 10.18800000 1537.01000 167.61000 28.01900 114.25000
 9 3 21 21 43 45625.10000 10.18800000 1537.42000 167.90000 28.01900 114.25000
 9 3 21 21 44 45601.10000 10.18800000 1536.18000 168.05000 28.01900 114.25000
 9 3 21 21 44 45611.90000 10.18800000 1536.75000 168.03000 28.01900 114.25000
 9 3 21 21 45 45631.20000 10.18800000 1536.27000 168.03000 28.01900 114.25000
 9 3 21 21 45 45669.00000 10.18800000 1538.42000 168.13000 28.01900 114.25000
 9 3 21 21 45 45669.00000 10.18800000 1538.99000 168.30000 28.01900 114.25000
 9 3 21 21 46 45668.90000 10.18800000 1538.51000 168.29000 28.01900 114.57700
 9 3 21 21 46 45668.90000 10.24200000 1538.70000 168.12000 28.01900 114.57700
 9 3 21 21 47 45668.90000 10.24200000 1539.76000 168.24000 28.01900 114.57700
 9 3 21 21 47 45718.70000 10.24200000 1539.78000 168.23000 28.01900 114.57700
 9 3 21 21 48 45763.90000 10.24200000 1540.04000 168.38000 28.01900 114.57700
 9 3 21 21 48 45769.60000 10.24200000 1540.91000 168.33000 28.01900 114.57700
 9 3 21 21 48 45776.50000 10.24200000 1541.23000 168.33000 28.01900 114.57700
 9 3 21 21 49 45767.30000 10.24200000 1540.52000 168.33000 28.01900 114.57700
 9 3 21 21 49 45779.00000 10.24200000 1540.82000 168.33000 28.01900 114.57700
 9 3 21 21 50 45795.00000 10.27100000 1541.50000 168.33000 28.01900 115.11200
 9 3 21 21 50 45810.00000 10.27100000 1540.76000 168.33000 28.01900 115.11200
 9 3 21 21 51 45766.80000 10.27100000 1540.18000 168.33000 28.01900 115.11200
 9 3 21 21 51 45791.90000 10.27100000 1539.25000 167.86000 28.01900 115.11200
 9 3 21 21 51 45791.90000 10.27100000 1539.39000 167.86000 28.01900 115.11200
 9 3 21 21 52 45791.90000 10.27100000 1538.90000 167.86000 28.01900 115.19000
 9 3 21 21 52 45765.20000 10.27100000 1537.99000 167.86000 28.01900 115.24600
 9 3 21 21 53 45753.70000 10.26000000 1537.99000 167.86000 27.91300 115.24600
 9 3 21 21 53 45727.60000 10.26000000 1536.97000 168.02000 27.91300 115.24600
 9 3 21 21 54 45727.60000 10.26000000 1536.63000 167.82000 27.91300 114.94000
 9 3 21 21 54 45700.00000 10.26000000 1536.01000 167.77000 27.91300 114.94000
 9 3 21 21 54 45691.10000 10.26000000 1535.94000 167.85000 27.91300 114.94000
 9 3 21 21 55 45650.00000 10.26000000 1535.08000 167.81000 27.91300 114.94000
 9 3 21 21 55 45641.10000 10.26000000 1533.94000 167.57000 27.91300 114.94000
 9 3 21 21 56 45622.80000 10.26000000 1533.94000 167.57000 27.91300 114.94000
 9 3 21 21 56 45592.00000 10.26000000 1532.69000 167.25000 27.91300 114.94000
 9 3 21 21 57 45626.60000 10.26000000 1533.36000 167.39000 28.25800 114.94000
 9 3 21 21 57 45673.40000 10.26000000 1534.74000 167.57000 28.25800 114.94000
 9 3 21 21 57 45685.50000 10.26000000 1535.83000 167.69000 28.25800 114.94000
 9 3 21 21 58 45633.30000 10.26000000 1534.15000 167.49000 28.25800 114.94000
 9 3 21 21 58 45647.30000 10.26000000 1534.38000 167.49000 28.25800 114.94000
 9 3 21 21 59 45660.90000 10.26000000 1534.79000 167.49000 28.25800 114.94000
 9 3 21 21 59 45643.90000 10.26000000 1534.78000 167.49000 28.25800 114.94000
 9 3 21 22 00 45643.90000 10.26000000 1534.38000 167.56000 28.25800 114.94000
 9 3 21 22 00 45674.40000 10.26000000 1534.15000 167.75000 28.24300 114.94000
 9 3 21 22 00 45699.90000 10.26000000 1535.95000 167.92000 28.24300 114.94000
 9 3 21 22 01 45708.90000 10.26000000 1535.95000 167.92000 27.93600 114.94000
 9 3 21 22 01 45758.50000 10.26000000 1537.51000 168.06000 27.93600 114.94000
 9 3 21 22 02 45763.20000 10.26000000 1538.00000 168.37000 27.93600 114.94000
 9 3 21 22 02 45765.50000 10.26000000 1537.99000 168.32000 27.93600 114.98000
 9 3 21 22 03 45782.50000 10.26000000 1538.35000 168.32000 27.93600 114.98000
 9 3 21 22 03 45729.60000 10.26000000 1537.63000 168.16000 27.93600 115.04000
 9 3 21 22 03 45722.60000 10.26000000 1536.44000 168.10000 27.93600 115.04000
 9 3 21 22 04 45722.60000 10.26000000 1536.25000 168.00000 27.93600 115.04000
 9 3 21 22 04 45722.60000 10.26000000 1536.27000 167.84000 27.93600 115.04000
 9 3 21 22 05 45722.50000 10.26000000 1536.65000 167.90000 28.21600 115.04000
 9 3 21 22 05 45722.50000 10.26000000 1537.59000 168.07000 28.21600 115.04000
 9 3 21 22 06 45722.60000 10.26000000 1537.17000 168.18000 28.21600 115.04000
 9 3 21 22 06 45742.00000 10.26000000 1537.44000 168.16000 28.21600 115.04000
 9 3 21 22 06 45742.00000 10.26000000 1537.46000 168.10000 28.21600 115.04000
 9 3 21 22 07 45745.10000 10.26000000 1537.45000 168.10000 28.21600 115.04000
 9 3 21 22 07 45765.80000 10.26000000 1538.00000 168.43000 28.21600 115.04000
 9 3 21 22 08 45771.70000 10.26000000 1538.00000 168.43000 28.21600 115.04000
 9 3 21 22 08 45771.70000 10.26000000 1537.99000 168.43000 28.21600 115.04000
 9 3 21 22 09 45774.10000 10.26000000 1538.00000 168.40000 28.21600 115.04000
 9 3 21 22 09 45787.20000 10.26000000 1538.00000 168.49000 28.21600 115.04000
 9 3 21 22 09 45793.90000 10.26000000 1538.00000 168.49000 28.21600 115.04000
 9 3 21 22 10 45787.80000 10.26000000 1538.00000 168.41000 28.21600 115.04000
 9 3 21 22 10 45787.80000 10.26000000 1537.99000 168.49000 28.21600 115.04000
 9 3 21 22 11 45774.00000 10.27200000 1538.00000 168.62000 28.21600 115.04000
 9 3 21 22 11 45767.10000 10.29800000 1538.00000 168.62000 28.21600 115.04000
 9 3 21 22 12 45780.80000 10.29800000 1538.00000 169.15000 28.21600 115.04000
 9 3 21 22 12 45787.00000 10.29800000 1537.80000 169.15000 28.21600 115.04000
 9 3 21 22 12 45787.00000 10.29800000 1537.81000 169.15000 27.84400 115.04000
 9 3 21 22 13 45780.80000 10.29800000 1537.80000 169.07000 27.84400 115.04000
 9 3 21 22 13 45768.90000 10.29800000 1537.80000 168.86000 27.84400 115.04000
 9 3 21 22 14 45782.30000 10.30000000 1537.26000 168.99000 27.84400 115.08100
 9 3 21 22 14 45782.60000 10.30000000 1537.88000 168.98000 27.84400 115.08100
 9 3 21 22 15 45782.50000 10.30000000 1537.76000 169.00000 27.84400 115.13200
 9 3 21 22 15 45784.30000 10.30000000 1537.51000 168.86000 28.05800 115.13200
 9 3 21 22 15 45779.20000 10.30000000 1537.34000 168.78000 28.05800 115.13200
 9 3 21 22 16 45781.70000 10.30000000 1536.61000 168.78000 28.05800 115.13200
 9 3 21 22 16 45758.10000 10.30000000 1536.52000 168.78000 28.05800 115.13200
 9 3 21 22 17 45750.00000 10.30000000 1535.42000 168.35000 28.05800 115.13200
 9 3 21 22 17 45745.00000 10.30000000 1535.42000 168.35000 28.05800 114.84600
 9 3 21 22 18 45742.00000 10.30000000 1534.53000 168.35000 28.05800 114.84600
 9 3 21 22 18 45710.90000 10.30000000 1535.32000 168.43000 28.05800 114.84600
 9 3 21 22 18 45714.10000 10.30000000 1535.31000 168.43000 28.05800 114.84600
 9 3 21 22 19 45741.80000 10.30800000 1536.60000 168.43000 28.05800 114.84600
 9 3 21 22 19 45759.90000 10.30800000 1536.91000 168.43000 28.05800 114.84600
 9 3 21 22 20 45759.90000 10.30800000 1537.23000 168.43000 28.05800 114.84600
 9 3 21 22 20 45771.60000 10.30800000 1537.22000 169.10000 27.85200 114.84600
 9 3 21 22 21 45770.40000 10.30800000 1537.21000 169.12000 27.85200 114.84600
 9 3 21 22 21 45763.90000 10.30800000 1537.22000 169.20000 27.85200 114.84600
 9 3 21 22 21 45764.00000 10.30800000 1537.22000 169.22000 27.85200 114.84600
 9 3 21 22 22 45763.10000 10.30800000 1537.04000 169.22000 27.85200 114.84600
 9 3 21 22 22 45760.60000 10.31500000 1537.08000 169.21000 27.85200 114.84600
 9 3 21 22 23 45760.50000 10.31500000 1537.09000 169.21000 27.85200 114.84600
