M=[
 5 3 21 09 48 39428.30000 9.00200000 1230.46000 145.03000 24.81300 98.04000
 5 3 21 09 49 39451.50000 9.00200000 1231.04000 145.03000 24.81300 98.04000
 5 3 21 09 49 39500.60000 9.00200000 1233.46000 145.35000 24.81300 98.04000
 5 3 21 09 50 39511.30000 9.00200000 1233.02000 145.38000 24.81300 98.04000
 5 3 21 09 50 39568.00000 9.00200000 1235.78000 145.59000 24.81300 98.04000
 5 3 21 09 51 39597.80000 9.00200000 1235.56000 145.59000 24.81300 98.04000
 5 3 21 09 51 39563.80000 9.00200000 1234.02000 145.59000 24.81300 98.04000
 5 3 21 09 51 39548.20000 9.00200000 1233.56000 145.59000 24.81300 98.04000
 5 3 21 09 52 39533.40000 9.00200000 1232.43000 145.32000 24.81300 98.06400
 5 3 21 09 52 39529.50000 9.00200000 1232.06000 145.32000 24.81300 98.06400
 5 3 21 09 53 39539.00000 9.00200000 1232.00000 145.32000 24.81300 98.06400
 5 3 21 09 53 39523.90000 9.00200000 1232.43000 145.26000 24.81300 98.06400
 5 3 21 09 54 39523.80000 9.00200000 1231.40000 145.23000 24.81300 98.06400
 5 3 21 09 54 39515.10000 9.00200000 1231.40000 145.23000 24.81300 98.06400
 5 3 21 09 54 39483.10000 9.00200000 1231.80000 145.15000 24.81300 98.06400
 5 3 21 09 55 39491.80000 9.00200000 1231.70000 145.15000 24.81300 98.06400
 5 3 21 09 55 39483.30000 9.00200000 1232.18000 145.15000 24.81300 98.06400
 5 3 21 09 56 39456.70000 9.00200000 1232.02000 145.15000 24.81300 98.06400
 5 3 21 09 56 39496.60000 9.00200000 1232.02000 145.10000 24.81300 98.06400
 5 3 21 09 56 39509.90000 9.00200000 1232.02000 145.24000 24.81300 98.06400
 5 3 21 09 57 39496.70000 9.00200000 1232.02000 145.25000 24.81300 98.06400
 5 3 21 09 57 39496.70000 9.00200000 1233.40000 145.24000 24.81300 98.29800
 5 3 21 09 58 39496.80000 9.00200000 1233.25000 145.24000 24.81300 98.29800
 5 3 21 09 58 39528.10000 9.00200000 1234.01000 145.35000 24.81300 98.29800
 5 3 21 09 59 39561.70000 9.00200000 1234.01000 145.35000 24.92100 98.29800
 5 3 21 09 59 39548.90000 9.00200000 1234.93000 145.35000 24.92100 98.29800
 5 3 21 09 59 39541.60000 9.00200000 1234.88000 145.35000 24.92100 98.29800
 5 3 21 10 00 39555.60000 9.00200000 1235.07000 145.35000 24.92100 98.29800
 5 3 21 10 00 39567.70000 9.00200000 1235.14000 145.59000 24.92100 98.29800
 5 3 21 10 01 39588.90000 9.00200000 1235.33000 145.59000 24.92100 98.29800
 5 3 21 10 01 39600.90000 9.00200000 1235.66000 145.76000 24.96500 98.29800
 5 3 21 10 02 39606.10000 9.00200000 1235.66000 145.59000 24.96500 98.29800
 5 3 21 10 02 39621.90000 9.01800000 1237.00000 145.71000 24.96500 98.29800
 5 3 21 10 02 39621.90000 9.01800000 1238.62000 145.71000 24.96500 98.41400
 5 3 21 10 03 39628.80000 9.01800000 1238.51000 145.71000 24.96500 98.41400
 5 3 21 10 03 39632.20000 9.01800000 1237.76000 145.70000 24.96500 98.41400
 5 3 21 10 04 39627.30000 9.01800000 1236.93000 145.62000 24.96500 98.41400
 5 3 21 10 04 39630.00000 9.01800000 1238.14000 145.62000 24.96500 98.41400
 5 3 21 10 05 39652.80000 9.02000000 1238.00000 145.62000 24.96500 98.41400
 5 3 21 10 05 39632.30000 9.02000000 1237.47000 145.62000 24.96500 98.41400
 5 3 21 10 05 39635.70000 9.02000000 1237.99000 145.70000 24.96500 98.41400
 5 3 21 10 06 39629.10000 9.02000000 1237.66000 145.70000 24.96500 98.60800
 5 3 21 10 06 39629.80000 9.02000000 1237.79000 145.58000 24.96500 98.60800
 5 3 21 10 07 39611.00000 9.02000000 1237.64000 145.53000 24.96500 98.60800
 5 3 21 10 07 39628.90000 9.02000000 1237.41000 145.66000 24.96500 98.60800
 5 3 21 10 08 39639.60000 9.00400000 1237.45000 145.66000 24.96500 98.49800
 5 3 21 10 08 39639.60000 9.00400000 1238.00000 145.65000 24.96500 98.49800
 5 3 21 10 08 39639.60000 9.00400000 1238.00000 145.66000 24.96500 98.49800
 5 3 21 10 09 39630.10000 9.00400000 1237.63000 145.63000 24.96500 98.49800
 5 3 21 10 09 39630.10000 9.00400000 1237.59000 145.63000 24.96500 98.49800
 5 3 21 10 10 39595.30000 9.00400000 1237.18000 145.63000 24.96500 98.49800
 5 3 21 10 10 39619.00000 9.00400000 1236.77000 145.70000 24.96500 98.49800
 5 3 21 10 11 39589.00000 9.00400000 1235.42000 145.70000 24.96500 98.49800
 5 3 21 10 11 39593.30000 9.00400000 1235.43000 145.70000 24.96500 98.49800
 5 3 21 10 11 39589.00000 9.00400000 1235.61000 145.70000 24.96500 98.49800
 5 3 21 10 12 39582.00000 9.00400000 1235.83000 145.61000 24.96500 98.49800
 5 3 21 10 12 39567.70000 9.00400000 1235.36000 145.64000 24.96500 98.49800
 5 3 21 10 13 39560.60000 9.00400000 1236.45000 145.69000 24.96500 98.49800
 5 3 21 10 13 39582.40000 9.00400000 1236.70000 145.69000 24.96500 98.49800
 5 3 21 10 14 39582.40000 9.00400000 1236.83000 145.69000 24.96500 98.49800
 5 3 21 10 14 39585.00000 9.00400000 1237.11000 145.77000 24.96500 98.49800
 5 3 21 10 14 39585.00000 9.00400000 1236.83000 145.77000 24.96500 98.49800
 5 3 21 10 15 39585.00000 9.00400000 1237.34000 145.96000 24.96500 98.49800
 5 3 21 10 15 39605.00000 9.00400000 1237.31000 145.96000 24.96500 98.49800
 5 3 21 10 16 39605.00000 9.00400000 1237.31000 145.96000 24.96500 98.49800
 5 3 21 10 16 39605.00000 9.00400000 1237.61000 145.85000 24.96500 98.49800
 5 3 21 10 17 39605.00000 9.00400000 1237.32000 145.71000 24.96500 98.63200
 5 3 21 10 17 39604.90000 9.00400000 1236.77000 145.71000 24.96500 98.63200
 5 3 21 10 17 39560.00000 9.00400000 1236.66000 145.71000 24.96500 98.63200
 5 3 21 10 18 39532.60000 9.00400000 1235.35000 145.70000 24.96500 98.63200
 5 3 21 10 18 39536.70000 8.99300000 1236.59000 145.62000 24.96500 98.63200
 5 3 21 10 19 39545.00000 8.99300000 1236.86000 145.62000 24.96500 98.63200
 5 3 21 10 19 39545.00000 8.99300000 1236.12000 145.80000 24.96500 98.63200
 5 3 21 10 20 39545.00000 8.99300000 1235.37000 145.80000 24.96500 98.63200
 5 3 21 10 20 39530.20000 8.99300000 1235.36000 145.61000 24.96500 98.63200
 5 3 21 10 20 39523.40000 8.99300000 1235.00000 145.61000 24.96500 98.63200
 5 3 21 10 21 39523.40000 8.97000000 1234.14000 145.61000 24.96500 98.63200
 5 3 21 10 21 39523.40000 8.97000000 1234.14000 145.45000 24.96500 98.63200
 5 3 21 10 22 39500.10000 8.97000000 1233.94000 145.45000 24.96500 98.63200
 5 3 21 10 22 39490.60000 8.97000000 1233.65000 145.29000 24.96500 98.63200
 5 3 21 10 23 39490.70000 8.97000000 1231.87000 145.21000 24.96500 98.63200
 5 3 21 10 23 39497.80000 8.97000000 1231.96000 145.17000 24.96500 98.63200
 5 3 21 10 23 39500.30000 8.97000000 1232.29000 145.34000 24.96500 98.63200
 5 3 21 10 24 39500.30000 8.97000000 1232.46000 145.37000 24.96500 98.63200
 5 3 21 10 24 39500.30000 8.97000000 1232.69000 145.37000 24.96500 98.63200
 5 3 21 10 25 39515.00000 8.97000000 1233.29000 145.54000 24.96500 98.63200
 5 3 21 10 25 39515.00000 8.97000000 1234.26000 145.54000 24.96500 98.63200
 5 3 21 10 26 39569.20000 8.97000000 1235.32000 145.72000 24.96500 98.63200
 5 3 21 10 26 39538.70000 8.97000000 1234.56000 145.58000 24.96500 98.63200
 5 3 21 10 26 39544.60000 8.97000000 1234.47000 145.58000 24.96500 98.63200
 5 3 21 10 27 39557.40000 8.97000000 1233.69000 145.37000 24.96500 98.63200
 5 3 21 10 27 39542.10000 8.97000000 1234.48000 145.37000 24.96500 98.63200
 5 3 21 10 28 39542.00000 8.97000000 1234.53000 145.45000 24.96500 98.63200
 5 3 21 10 28 39543.80000 8.97000000 1234.31000 145.45000 24.96500 98.63200
 5 3 21 10 29 39539.10000 8.97000000 1234.31000 145.45000 24.96500 98.63200
 5 3 21 10 29 39525.10000 8.97000000 1233.47000 145.28000 24.96500 98.15100
 5 3 21 10 29 39515.20000 8.97000000 1233.47000 145.24000 24.96500 98.15100
 5 3 21 10 30 39515.20000 8.97000000 1233.57000 145.20000 24.96500 98.15100
 5 3 21 10 30 39537.00000 8.97000000 1234.25000 145.20000 24.96500 98.15100
 5 3 21 10 31 39540.10000 8.97000000 1234.39000 145.34000 24.96500 98.15100
 5 3 21 10 31 39514.30000 8.97000000 1234.75000 145.29000 24.96500 98.15100
 5 3 21 10 32 39497.80000 8.95900000 1234.32000 145.29000 24.96500 98.15100
 5 3 21 10 32 39465.10000 8.95900000 1232.76000 145.01000 24.96500 98.15100
 5 3 21 10 32 39465.10000 8.95900000 1232.75000 145.01000 24.96500 98.15100
 5 3 21 10 33 39450.00000 8.95900000 1231.83000 144.86000 24.96500 97.80400
