M=[
 4 8 20 19 04 9540.00000 6.04800000 329.81000 48.83000 17.38300 70.19000
 4 8 20 19 05 9540.00000 6.04800000 329.88000 48.83000 17.38200 70.19000
 4 8 20 19 05 9540.00000 6.04800000 329.67000 48.83000 17.38200 70.19000
 4 8 20 19 06 9540.00000 6.04800000 329.69000 48.83000 17.40500 70.19000
 4 8 20 19 06 9539.90000 6.04800000 329.69000 48.83000 17.40500 70.19000
 4 8 20 19 07 9540.00000 6.04800000 329.68000 48.83000 17.40500 70.19000
 4 8 20 19 07 9540.00000 6.04800000 329.69000 48.83000 17.40500 70.19000
 4 8 20 19 08 9540.00000 6.04800000 329.68000 48.83000 17.41200 70.19000
 4 8 20 19 08 9540.00000 6.04800000 329.67000 48.83000 17.41200 70.19000
 4 8 20 19 09 9540.00000 6.04800000 329.67000 48.83000 17.41200 70.19000
 4 8 20 19 09 9540.00000 6.04200000 329.39000 48.83000 17.37600 70.19000
 4 8 20 19 10 9539.90000 6.04200000 329.31000 48.83000 17.37600 70.19000
 4 8 20 19 10 9540.00000 6.04200000 329.34000 48.83000 17.37600 70.19000
 4 8 20 19 11 9542.10000 6.04200000 329.01000 48.71000 17.37600 70.19000
 4 8 20 19 11 9542.00000 6.04200000 329.01000 48.71000 17.37600 70.19000
 4 8 20 19 12 9539.00000 6.04200000 328.63000 48.70000 17.37600 70.19000
 4 8 20 19 12 9537.00000 6.04200000 328.48000 48.67000 17.36400 70.19000
 4 8 20 19 13 9539.70000 6.04200000 328.48000 48.72000 17.36400 70.19000
 4 8 20 19 13 9537.50000 6.04800000 328.28000 48.72000 17.36400 70.19000
 4 8 20 19 14 9537.40000 6.04800000 328.23000 48.72000 17.36800 70.19000
 4 8 20 19 14 9537.40000 6.04800000 328.30000 48.72000 17.36800 70.19000
 4 8 20 19 15 9537.00000 6.04800000 328.01000 48.68000 17.36800 70.19000
 4 8 20 19 15 9536.00000 6.04300000 327.64000 48.68000 17.39600 70.19000
 4 8 20 19 16 9532.60000 6.03300000 327.67000 48.68000 17.39600 70.19000
 4 8 20 19 16 9534.50000 6.03300000 327.86000 48.68000 17.39600 70.19000
 4 8 20 19 17 9534.60000 6.03300000 327.79000 48.66000 17.39600 70.19000
 4 8 20 19 17 9532.70000 6.03300000 328.09000 48.66000 17.39600 70.08700
 4 8 20 19 18 9531.20000 6.03300000 328.01000 48.66000 17.38900 70.08700
 4 8 20 19 18 9530.60000 6.02800000 327.93000 48.66000 17.38900 70.08700
 4 8 20 19 19 9530.60000 6.02800000 328.01000 48.66000 17.38900 70.01800
 4 8 20 19 19 9532.00000 6.02800000 328.01000 48.66000 17.38900 70.01800
 4 8 20 19 20 9532.00000 6.02800000 328.41000 48.64000 17.38900 70.01800
 4 8 20 19 20 9532.40000 6.02800000 328.47000 48.64000 17.38900 70.08500
 4 8 20 19 21 9532.40000 6.02800000 328.39000 48.64000 17.38700 70.08500
 4 8 20 19 21 9532.50000 6.02800000 328.40000 48.64000 17.38700 70.08500
 4 8 20 19 22 9530.20000 6.02800000 328.49000 48.64000 17.38700 70.08500
 4 8 20 19 22 9531.10000 6.02800000 328.66000 48.64000 17.38700 70.09000
 4 8 20 19 23 9533.20000 6.04000000 328.48000 48.64000 17.38700 70.09000
 4 8 20 19 23 9533.40000 6.04000000 328.70000 48.64000 17.38700 70.09000
 4 8 20 19 24 9531.90000 6.04000000 328.67000 48.64000 17.38700 70.09000
 4 8 20 19 24 9533.50000 6.04000000 328.83000 48.64000 17.37800 70.09000
 4 8 20 19 25 9533.50000 6.04000000 328.83000 48.64000 17.37800 70.09000
 4 8 20 19 25 9533.30000 6.04000000 328.77000 48.64000 17.37800 70.09000
 4 8 20 19 26 9533.40000 6.04000000 328.79000 48.66000 17.37800 70.09000
 4 8 20 19 26 9533.40000 6.04000000 328.84000 48.66000 17.37800 70.09000
 4 8 20 19 27 9533.40000 6.04000000 328.86000 48.66000 17.37800 70.09000
 4 8 20 19 27 9533.50000 6.03400000 328.85000 48.66000 17.42700 70.09000
 4 8 20 19 28 9539.90000 6.03400000 328.85000 48.66000 17.42700 70.09000
 4 8 20 19 28 9540.00000 6.03400000 328.88000 48.70000 17.42700 70.09000
 4 8 20 19 29 9540.00000 6.03400000 329.11000 48.70000 17.42700 70.09000
 4 8 20 19 29 9540.00000 6.03400000 329.00000 48.70000 17.42700 70.09000
 4 8 20 19 29 9540.00000 6.03400000 329.06000 48.70000 17.42700 70.09000
 4 8 20 19 30 9543.80000 6.03400000 329.12000 48.70000 17.46600 70.09000
 4 8 20 19 30 9543.80000 6.03400000 329.10000 48.70000 17.46600 70.09000
 4 8 20 19 31 9544.80000 6.03400000 329.10000 48.71000 17.46600 70.09000
 4 8 20 19 31 9544.80000 6.03400000 329.09000 48.71000 17.46600 70.09000
 4 8 20 19 32 9544.80000 6.03400000 329.01000 48.67000 17.50000 70.09000
 4 8 20 19 32 9541.00000 6.03400000 328.94000 48.65000 17.50000 70.09000
 4 8 20 19 33 9542.30000 6.03400000 328.94000 48.64000 17.50000 70.16100
 4 8 20 19 33 9542.60000 6.03400000 328.94000 48.66000 17.49500 70.16100
 4 8 20 19 34 9544.20000 6.03400000 329.41000 48.70000 17.49500 70.16100
 4 8 20 19 34 9545.90000 6.03400000 329.41000 48.70000 17.49500 70.16100
 4 8 20 19 35 9547.30000 6.03400000 329.53000 48.70000 17.49500 70.16100
 4 8 20 19 35 9546.00000 6.03400000 329.60000 48.70000 17.49500 70.16100
 4 8 20 19 36 9546.20000 6.03400000 329.60000 48.70000 17.48600 70.16100
 4 8 20 19 36 9547.40000 6.03400000 329.70000 48.70000 17.48700 70.16100
 4 8 20 19 37 9549.60000 6.03400000 329.99000 48.70000 17.48700 70.16100
 4 8 20 19 37 9549.60000 6.05000000 329.99000 48.70000 17.48700 70.16100
 4 8 20 19 38 9549.60000 6.05000000 329.98000 48.71000 17.48300 70.16100
 4 8 20 19 38 9547.80000 6.05000000 329.98000 48.71000 17.48300 70.16100
 4 8 20 19 39 9546.50000 6.05000000 329.97000 48.71000 17.48300 70.16100
 4 8 20 19 39 9548.00000 6.05000000 330.08000 48.71000 17.48400 70.16100
 4 8 20 19 40 9548.80000 6.05000000 329.99000 48.71000 17.48400 70.16100
 4 8 20 19 40 9548.00000 6.05000000 330.12000 48.71000 17.48400 70.16100
 4 8 20 19 41 9544.30000 6.05000000 330.12000 48.71000 17.48400 70.16100
 4 8 20 19 41 9544.20000 6.05000000 330.02000 48.71000 17.48400 70.16100
 4 8 20 19 42 9544.10000 6.05000000 330.01000 48.82000 17.48400 70.16100
 4 8 20 19 42 9542.80000 6.05000000 329.96000 48.82000 17.46400 70.16100
 4 8 20 19 43 9543.20000 6.05000000 329.73000 48.82000 17.46400 70.16100
 4 8 20 19 43 9541.80000 6.05000000 329.62000 48.82000 17.46400 70.16100
 4 8 20 19 44 9543.30000 6.05000000 329.70000 48.77000 17.46400 70.16100
 4 8 20 19 44 9543.80000 6.05000000 329.72000 48.77000 17.46400 70.16100
 4 8 20 19 45 9535.00000 6.05000000 329.41000 48.77000 17.46400 70.16100
 4 8 20 19 45 9536.90000 6.05000000 329.41000 48.77000 17.48400 70.16100
 4 8 20 19 46 9536.80000 6.05000000 329.41000 48.77000 17.48400 70.16100
 4 8 20 19 46 9536.90000 6.05000000 329.47000 48.77000 17.48400 70.16100
 4 8 20 19 47 9536.80000 6.05000000 329.47000 48.77000 17.48500 70.16100
 4 8 20 19 47 9536.90000 6.05000000 329.50000 48.77000 17.43400 70.16100
 4 8 20 19 47 9536.80000 6.05000000 329.76000 48.77000 17.43400 70.16100
 4 8 20 19 48 9536.90000 6.05200000 329.59000 48.77000 17.43400 70.16100
 4 8 20 19 48 9536.80000 6.05300000 329.60000 48.77000 17.44000 70.16100
 4 8 20 19 49 9536.90000 6.05300000 329.59000 48.77000 17.44000 70.16100
 4 8 20 19 49 9536.90000 6.05100000 329.51000 48.77000 17.44000 70.16100
 4 8 20 19 50 9536.90000 6.05000000 329.42000 48.77000 17.44000 70.16100
 4 8 20 19 50 9536.90000 6.05000000 329.42000 48.77000 17.44000 70.16100
 4 8 20 19 51 9536.90000 6.05000000 329.00000 48.73000 17.44000 70.16100
 4 8 20 19 51 9536.80000 6.05000000 328.83000 48.73000 17.49900 70.16100
 4 8 20 19 52 9536.90000 6.05000000 328.61000 48.73000 17.49900 70.16100
 4 8 20 19 52 9536.80000 6.05000000 328.60000 48.73000 17.49900 70.16100
 4 8 20 19 53 9536.90000 6.05000000 328.61000 48.72000 17.49900 70.16100
 4 8 20 19 53 9536.80000 6.05000000 328.90000 48.72000 17.49900 70.16100
 4 8 20 19 54 9534.30000 6.05000000 328.99000 48.72000 17.49900 70.16100
 4 8 20 19 54 9535.30000 6.05000000 328.99000 48.73000 17.48700 70.16100
 4 8 20 19 55 9535.20000 6.05000000 328.70000 48.73000 17.48700 70.16100
 4 8 20 19 55 9534.50000 6.05000000 328.71000 48.68000 17.48700 70.16100
 4 8 20 19 56 9534.50000 6.05000000 328.71000 48.66000 17.48700 70.16100
 4 8 20 19 56 9533.50000 6.05000000 328.61000 48.66000 17.48700 70.16100
 4 8 20 19 57 9531.50000 6.05000000 328.16000 48.66000 17.48700 70.16100
 4 8 20 19 57 9528.90000 6.05000000 328.43000 48.66000 17.48700 70.16100
