M=[
15 7 21 00 23 27698.60000 38.13000000 1678.51000 110.19000 16.00900 87.08500
15 7 21 00 23 27698.70000 38.13000000 1678.51000 110.19000 16.00900 87.08500
15 7 21 00 24 27713.00000 38.13000000 1678.51000 110.39000 16.00900 87.08500
15 7 21 00 24 27713.00000 38.13000000 1679.11000 110.39000 16.00900 87.08500
15 7 21 00 25 27717.20000 38.13000000 1679.11000 110.39000 16.00900 87.08500
15 7 21 00 25 27717.20000 38.13000000 1679.11000 110.39000 16.00900 87.08500
15 7 21 00 26 27696.70000 38.13000000 1677.40000 110.39000 16.00900 87.08500
15 7 21 00 26 27709.10000 38.13000000 1676.70000 110.39000 16.00900 87.08500
15 7 21 00 26 27720.20000 38.13000000 1678.34000 110.39000 16.00900 87.08500
15 7 21 00 27 27709.10000 38.13000000 1677.38000 110.39000 16.00900 87.08500
15 7 21 00 27 27703.50000 38.13000000 1677.38000 110.39000 16.00900 87.08500
15 7 21 00 28 27723.40000 38.13000000 1677.75000 110.39000 16.00900 87.08500
15 7 21 00 28 27723.40000 38.13000000 1677.56000 110.32000 16.00900 87.08500
15 7 21 00 29 27723.40000 38.13000000 1677.33000 110.32000 16.00900 87.08500
15 7 21 00 29 27720.90000 38.13000000 1676.89000 110.32000 16.00900 87.08500
15 7 21 00 29 27720.90000 38.13000000 1676.89000 110.32000 16.00900 87.08500
15 7 21 00 30 27722.30000 38.13000000 1677.69000 110.28000 16.00900 87.08500
15 7 21 00 30 27723.30000 38.13000000 1677.69000 110.28000 16.00900 87.33600
15 7 21 00 31 27732.00000 38.13000000 1677.90000 110.28000 16.00900 87.33600
15 7 21 00 31 27723.30000 38.13000000 1677.90000 110.28000 16.00900 87.33600
15 7 21 00 32 27693.20000 38.13000000 1676.39000 110.28000 16.00900 87.33600
15 7 21 00 32 27702.60000 38.13000000 1676.60000 110.28000 16.08500 87.33600
15 7 21 00 32 27721.00000 38.13000000 1676.60000 110.28000 16.08500 87.33600
15 7 21 00 33 27721.00000 38.13000000 1676.60000 110.28000 16.08500 87.42800
15 7 21 00 33 27719.30000 38.13000000 1676.53000 110.34000 16.08500 87.53300
15 7 21 00 34 27716.20000 38.13000000 1676.52000 110.34000 16.08500 87.53300
15 7 21 00 34 27714.00000 38.13000000 1675.25000 110.34000 16.25400 87.53300
15 7 21 00 35 27714.00000 38.13000000 1675.25000 110.34000 16.25400 87.53300
15 7 21 00 35 27714.00000 38.13000000 1676.29000 110.34000 16.25400 87.53300
15 7 21 00 35 27714.00000 38.13000000 1676.29000 110.34000 16.25400 87.53400
15 7 21 00 36 27716.10000 38.13000000 1676.29000 110.34000 16.25400 87.53400
15 7 21 00 36 27714.20000 38.13000000 1676.29000 110.34000 16.25400 87.53400
15 7 21 00 37 27716.10000 38.13000000 1676.29000 110.34000 16.25400 87.53400
15 7 21 00 37 27722.70000 38.13000000 1675.86000 110.34000 16.25400 87.53400
15 7 21 00 38 27722.70000 38.13000000 1676.56000 110.34000 16.32700 87.53400
15 7 21 00 38 27732.00000 38.13000000 1676.97000 110.34000 16.32700 87.53400
15 7 21 00 38 27732.00000 38.13000000 1677.04000 110.34000 16.19300 87.53400
15 7 21 00 39 27754.90000 38.13000000 1677.91000 110.59000 16.33000 87.53400
15 7 21 00 39 27774.40000 38.13000000 1680.00000 110.59000 16.33000 87.53400
15 7 21 00 40 27772.60000 38.13000000 1680.77000 110.59000 16.22400 87.53400
15 7 21 00 40 27770.70000 38.13000000 1680.78000 110.62000 16.24400 87.53400
15 7 21 00 41 27770.70000 38.13000000 1681.40000 110.62000 16.24400 87.53400
15 7 21 00 41 27840.70000 38.13000000 1683.38000 110.77000 16.25400 87.53400
15 7 21 00 41 27848.70000 38.13000000 1683.66000 110.77000 16.18300 87.53400
15 7 21 00 42 27852.00000 38.13000000 1683.58000 110.77000 16.18300 87.53400
15 7 21 00 42 27852.00000 38.13000000 1685.39000 110.78000 16.18300 87.53400
15 7 21 00 43 27841.00000 38.13000000 1685.39000 110.78000 16.18300 87.53400
15 7 21 00 43 27840.40000 38.13000000 1685.39000 110.78000 16.18300 87.53400
15 7 21 00 44 27831.30000 38.13000000 1685.39000 110.78000 16.18300 87.53400
15 7 21 00 44 27831.40000 38.13000000 1685.39000 110.78000 16.18300 87.53400
15 7 21 00 44 27831.40000 38.13000000 1682.70000 110.78000 16.31000 87.53400
15 7 21 00 45 27835.10000 38.13000000 1682.70000 110.76000 16.33400 87.53400
15 7 21 00 45 27852.10000 38.13000000 1684.89000 110.76000 16.33400 87.53400
15 7 21 00 46 27852.10000 38.13000000 1684.89000 110.85000 16.33400 87.53400
15 7 21 00 46 27852.10000 38.13000000 1684.89000 110.81000 16.33400 87.53400
15 7 21 00 47 27845.20000 38.13000000 1683.79000 110.81000 16.33400 87.53400
15 7 21 00 47 27842.20000 38.13000000 1683.79000 110.80000 16.33400 87.53400
15 7 21 00 47 27852.10000 38.13000000 1683.79000 110.80000 16.32200 87.86100
15 7 21 00 48 27856.50000 38.13000000 1685.57000 110.80000 16.22600 87.86100
15 7 21 00 48 27860.00000 38.13000000 1685.57000 110.80000 16.22600 87.86100
15 7 21 00 49 27860.00000 38.13000000 1686.98000 110.80000 16.22600 87.86100
15 7 21 00 49 27870.00000 38.13000000 1691.56000 110.80000 16.22600 87.86100
15 7 21 00 50 27874.50000 38.13000000 1691.28000 111.10000 16.22600 87.86100
15 7 21 00 50 27874.50000 38.13000000 1689.95000 111.08000 16.22600 87.86100
15 7 21 00 50 27874.50000 38.13000000 1689.81000 111.08000 16.22600 87.86100
15 7 21 00 51 27908.00000 38.60200000 1691.29000 111.08000 16.22600 87.86100
15 7 21 00 51 27907.90000 38.60200000 1691.27000 111.08000 16.22600 87.86100
15 7 21 00 52 27907.90000 38.60200000 1693.22000 111.08000 16.22600 87.86100
15 7 21 00 52 27890.50000 38.60200000 1693.42000 111.14000 16.22600 87.86100
15 7 21 00 53 27884.40000 38.60200000 1694.05000 111.14000 16.31200 87.86100
15 7 21 00 53 27885.40000 38.60200000 1694.06000 111.14000 16.31200 87.86100
15 7 21 00 53 27885.40000 38.60200000 1694.06000 111.08000 16.31100 87.86100
15 7 21 00 54 27885.40000 38.60200000 1694.08000 111.08000 16.31100 87.86100
15 7 21 00 54 27882.60000 38.60200000 1694.08000 111.10000 16.31100 87.86100
15 7 21 00 55 27858.60000 38.60200000 1694.08000 111.03000 16.31100 87.86100
15 7 21 00 55 27876.30000 38.60200000 1695.35000 111.03000 16.31100 87.86100
15 7 21 00 56 27845.80000 38.60200000 1695.35000 111.03000 16.23400 87.86100
15 7 21 00 56 27845.80000 38.60200000 1693.68000 111.03000 16.23400 87.86100
15 7 21 00 57 27835.50000 38.60200000 1693.68000 111.03000 16.23400 87.86100
15 7 21 00 57 27836.70000 38.60200000 1693.10000 111.07000 16.23400 87.86100
15 7 21 00 57 27832.70000 38.60200000 1693.10000 111.07000 16.23400 87.86100
15 7 21 00 58 27832.70000 38.60200000 1692.01000 111.07000 16.23400 87.86100
15 7 21 00 58 27841.40000 38.60200000 1693.63000 111.14000 16.23400 87.86100
15 7 21 00 59 27842.40000 38.60200000 1693.30000 111.14000 16.23400 87.86100
15 7 21 00 59 27839.60000 38.60200000 1693.30000 111.14000 16.23400 87.86100
15 7 21 01 00 27845.80000 38.60200000 1693.30000 111.14000 16.23400 87.86100
15 7 21 01 00 27908.00000 38.82800000 1710.05000 111.69000 16.23400 88.70600
15 7 21 01 00 27908.00000 38.82800000 1709.04000 111.72000 16.23400 88.70600
15 7 21 01 01 28000.00000 39.18900000 1719.14000 111.91000 16.23400 88.70600
15 7 21 01 01 28008.20000 39.18900000 1719.53000 111.91000 16.23400 89.16800
15 7 21 01 02 28006.40000 39.18900000 1718.16000 111.91000 16.23400 89.16800
15 7 21 01 02 27986.80000 39.18900000 1720.92000 111.95000 16.23400 89.16800
15 7 21 01 03 27986.80000 39.18900000 1720.42000 112.01000 16.23400 89.16800
15 7 21 01 03 28008.60000 39.18900000 1719.61000 112.01000 16.23400 89.16800
15 7 21 01 03 28008.50000 39.18900000 1716.48000 112.01000 16.23400 89.16800
15 7 21 01 04 27972.40000 39.18900000 1716.20000 112.01000 16.23400 89.16800
15 7 21 01 04 27974.20000 39.50800000 1717.99000 111.92000 16.23400 89.16800
15 7 21 01 05 27968.90000 39.64400000 1717.99000 112.03000 16.23400 89.16800
15 7 21 01 05 27950.40000 39.53000000 1716.86000 112.03000 16.23400 89.16800
15 7 21 01 06 27964.40000 39.53000000 1716.86000 112.27000 16.23400 89.16800
15 7 21 01 06 27964.40000 39.77000000 1716.86000 112.27000 16.23400 89.52000
15 7 21 01 06 27967.90000 39.77000000 1719.93000 112.27000 16.23400 89.52000
15 7 21 01 07 27967.80000 39.67100000 1718.99000 112.22000 16.23400 89.52000
