M=[
30 11 20 11 51 15557.10000 5.36500000 492.41000 65.97000 13.25000 63.79800
30 11 20 11 52 15543.00000 5.36500000 491.79000 65.89000 13.25000 63.79800
30 11 20 11 52 15535.70000 5.36500000 491.91000 65.90000 13.25000 63.79800
30 11 20 11 53 15534.10000 5.38300000 491.70000 65.93000 13.25000 63.79800
30 11 20 11 53 15550.40000 5.38300000 492.38000 65.93000 13.25000 63.79800
30 11 20 11 53 15545.50000 5.38300000 492.35000 65.93000 13.25000 63.79800
30 11 20 11 54 15556.20000 5.38300000 492.97000 65.93000 13.25000 63.79800
30 11 20 11 54 15564.00000 5.38300000 493.42000 66.16000 13.25000 63.79800
30 11 20 11 55 15575.00000 5.38300000 493.55000 66.10000 13.25000 63.79800
30 11 20 11 55 15575.00000 5.38700000 493.97000 66.25000 13.25000 63.79800
30 11 20 11 56 15574.90000 5.38700000 493.44000 66.20000 13.25000 63.79800
30 11 20 11 56 15575.00000 5.38700000 493.33000 66.17000 13.25000 63.79800
30 11 20 11 56 15574.90000 5.38400000 493.17000 66.14000 13.25000 63.79800
30 11 20 11 57 15575.00000 5.39000000 493.01000 66.14000 13.25000 63.79800
30 11 20 11 57 15575.00000 5.39000000 493.01000 66.14000 13.25000 63.79800
30 11 20 11 58 15564.80000 5.39000000 492.43000 66.13000 13.25000 64.23000
30 11 20 11 58 15557.70000 5.39000000 492.30000 66.06000 13.25000 64.23000
30 11 20 11 59 15550.40000 5.39000000 492.37000 66.06000 13.25000 64.23000
30 11 20 11 59 15559.70000 5.39000000 492.00000 66.06000 13.25000 64.23000
30 11 20 11 59 15556.70000 5.39000000 491.58000 66.06000 13.26000 64.23000
30 11 20 12 00 15557.90000 5.39000000 492.00000 66.09000 13.26000 64.23000
30 11 20 12 00 15558.90000 5.39000000 492.10000 66.09000 13.26000 64.23000
30 11 20 12 01 15558.90000 5.39000000 493.21000 66.09000 13.26000 64.23000
30 11 20 12 01 15564.10000 5.39000000 492.67000 66.14000 13.26000 64.23000
30 11 20 12 02 15564.20000 5.39000000 492.83000 66.14000 13.26000 64.23000
30 11 20 12 02 15569.20000 5.39000000 492.70000 66.14000 13.26000 64.23000
30 11 20 12 02 15574.90000 5.39000000 492.68000 66.14000 13.26000 64.23000
30 11 20 12 03 15574.90000 5.39000000 493.13000 66.14000 13.26000 64.23000
30 11 20 12 03 15571.30000 5.39000000 492.72000 66.13000 13.26000 64.23000
30 11 20 12 04 15574.90000 5.39000000 493.55000 66.13000 13.26000 64.23000
30 11 20 12 04 15581.00000 5.39000000 494.17000 66.13000 13.26000 64.23000
30 11 20 12 05 15589.00000 5.40300000 493.77000 66.13000 13.26000 64.23000
30 11 20 12 05 15582.50000 5.40300000 494.26000 66.13000 13.26000 64.23000
30 11 20 12 05 15581.90000 5.40300000 494.15000 66.14000 13.26000 64.26500
30 11 20 12 06 15583.40000 5.40300000 494.19000 66.14000 13.26000 64.50000
30 11 20 12 06 15581.20000 5.40300000 494.49000 66.19000 13.26000 64.50000
30 11 20 12 07 15581.20000 5.39400000 495.97000 66.30000 13.26000 64.50000
30 11 20 12 07 15591.10000 5.39800000 496.68000 66.27000 13.26000 64.50000
30 11 20 12 08 15591.10000 5.39800000 496.54000 66.27000 13.26000 64.50000
30 11 20 12 08 15591.10000 5.39800000 496.86000 66.27000 13.26000 64.50000
30 11 20 12 08 15591.10000 5.39800000 496.70000 66.30000 13.26000 64.50000
30 11 20 12 09 15591.10000 5.39800000 496.70000 66.35000 13.26000 64.50000
30 11 20 12 09 15612.40000 5.39800000 496.71000 66.36000 13.26000 64.50000
30 11 20 12 10 15622.00000 5.39800000 497.80000 66.41000 13.26000 64.50000
30 11 20 12 10 15639.90000 5.39800000 498.18000 66.45000 13.26000 64.50000
30 11 20 12 11 15640.00000 5.41200000 497.52000 66.51000 13.26000 64.50000
30 11 20 12 11 15644.70000 5.41200000 497.16000 66.60000 13.26000 64.50000
30 11 20 12 11 15640.10000 5.41200000 496.28000 66.73000 13.26000 64.21100
30 11 20 12 12 15647.00000 5.41200000 497.24000 66.91000 13.26000 64.21100
30 11 20 12 12 15669.00000 5.41200000 498.14000 67.07000 13.26000 64.21100
30 11 20 12 13 15660.80000 5.41200000 497.66000 66.94000 13.26000 64.21100
30 11 20 12 13 15653.30000 5.42700000 497.37000 66.93000 13.26000 64.21100
30 11 20 12 14 15650.00000 5.42700000 497.18000 66.84000 13.26000 64.21100
30 11 20 12 14 15650.00000 5.42700000 497.44000 66.93000 13.26000 64.21100
30 11 20 12 14 15650.10000 5.42700000 497.56000 66.99000 13.26000 64.21100
30 11 20 12 15 15663.30000 5.42700000 497.49000 67.07000 13.26000 64.21100
30 11 20 12 15 15664.50000 5.42700000 497.51000 67.10000 13.26000 64.21100
30 11 20 12 16 15655.60000 5.42700000 497.27000 67.13000 13.26000 64.21100
30 11 20 12 16 15655.70000 5.42700000 496.02000 67.17000 13.26000 64.21100
30 11 20 12 17 15655.70000 5.42700000 496.05000 67.01000 13.26000 64.21100
30 11 20 12 17 15655.60000 5.42700000 496.00000 66.89000 13.25400 64.21100
30 11 20 12 17 15655.70000 5.42700000 496.74000 66.90000 13.25400 64.21100
30 11 20 12 18 15663.00000 5.42700000 496.77000 67.03000 13.25400 64.21100
30 11 20 12 18 15670.60000 5.42700000 497.28000 67.03000 13.25400 64.21100
30 11 20 12 19 15700.00000 5.42700000 497.28000 67.01000 13.25400 64.21100
30 11 20 12 19 15697.60000 5.42700000 497.00000 66.91000 13.25400 64.21100
30 11 20 12 20 15698.40000 5.42700000 497.00000 66.81000 13.25400 64.21100
30 11 20 12 20 15675.00000 5.42700000 497.55000 66.88000 13.25400 64.21100
30 11 20 12 20 15680.50000 5.42700000 497.55000 66.88000 13.25400 64.21100
30 11 20 12 21 15678.90000 5.42700000 497.55000 66.90000 13.25400 64.21100
30 11 20 12 21 15659.30000 5.42700000 496.18000 66.90000 13.25400 64.21100
30 11 20 12 22 15662.50000 5.42700000 496.31000 66.89000 13.25400 64.21100
30 11 20 12 22 15670.90000 5.42700000 496.42000 66.89000 13.25400 64.06700
30 11 20 12 23 15669.50000 5.42700000 496.21000 66.96000 13.25400 64.06700
30 11 20 12 23 15679.50000 5.42700000 496.72000 67.00000 13.25400 64.23800
30 11 20 12 23 15684.80000 5.42700000 496.94000 66.99000 13.25400 64.24900
30 11 20 12 24 15685.70000 5.44300000 496.60000 66.95000 13.25400 64.28300
30 11 20 12 24 15685.00000 5.42500000 497.48000 66.95000 13.25400 64.28300
30 11 20 12 25 15690.10000 5.42500000 497.44000 67.01000 13.25400 64.32000
30 11 20 12 25 15690.80000 5.42500000 497.48000 67.01000 13.25400 64.32000
30 11 20 12 26 15691.00000 5.42500000 497.13000 67.01000 13.25400 64.32000
30 11 20 12 26 15703.90000 5.42500000 497.13000 67.01000 13.25400 64.32000
30 11 20 12 26 15709.80000 5.42500000 497.06000 67.01000 13.25400 64.32000
30 11 20 12 27 15712.60000 5.42500000 497.10000 67.01000 13.25400 64.32000
30 11 20 12 27 15714.40000 5.42500000 497.26000 67.02000 13.25400 64.32000
30 11 20 12 28 15726.00000 5.42500000 497.51000 67.02000 13.25400 64.32000
30 11 20 12 28 15690.30000 5.42500000 496.82000 66.92000 13.25400 64.32000
30 11 20 12 29 15693.40000 5.42500000 496.36000 66.79000 13.25400 64.32000
30 11 20 12 29 15697.50000 5.42700000 496.21000 66.82000 13.25400 64.32000
30 11 20 12 29 15691.30000 5.42700000 496.11000 66.82000 13.25400 64.32000
30 11 20 12 30 15691.50000 5.41900000 496.29000 66.78000 13.25400 64.32000
30 11 20 12 30 15705.00000 5.40400000 497.34000 66.89000 13.25400 64.32000
30 11 20 12 31 15704.90000 5.40700000 497.49000 66.98000 13.25400 64.32000
30 11 20 12 31 15710.10000 5.40700000 497.78000 66.95000 13.25400 64.32000
30 11 20 12 31 15713.00000 5.40700000 497.33000 66.91000 13.25400 64.32000
30 11 20 12 32 15713.00000 5.40700000 497.33000 67.01000 13.25400 64.32000
30 11 20 12 32 15712.70000 5.40700000 497.58000 67.01000 13.25400 64.32000
30 11 20 12 33 15695.50000 5.40700000 497.21000 67.01000 13.25400 64.32000
30 11 20 12 33 15691.30000 5.40700000 497.01000 66.89000 13.25400 64.34900
30 11 20 12 34 15679.90000 5.40700000 496.83000 66.89000 13.25400 64.34900
30 11 20 12 34 15676.10000 5.40700000 496.83000 66.77000 13.25400 64.34900
30 11 20 12 34 15689.10000 5.40700000 497.29000 66.85000 13.25400 64.34900
30 11 20 12 35 15680.60000 5.40700000 496.74000 66.77000 13.25400 64.34900
30 11 20 12 35 15676.70000 5.43500000 496.81000 66.73000 13.25400 64.34900
30 11 20 12 36 15675.10000 5.43500000 496.81000 66.63000 13.25400 64.34900
30 11 20 12 36 15672.10000 5.43500000 496.20000 66.57000 13.25400 64.34900
