M=[
19 11 20 11 48 14949.90000 5.03500000 398.64000 65.58000 13.86800 52.16300
19 11 20 11 49 14945.60000 5.04900000 398.74000 65.50000 13.86800 52.16300
19 11 20 11 49 14945.60000 5.04900000 398.57000 65.42000 13.86800 52.16300
19 11 20 11 50 14949.00000 5.04900000 398.57000 65.44000 13.86800 52.16300
19 11 20 11 50 14943.30000 5.04800000 398.57000 65.60000 13.86800 52.16300
19 11 20 11 50 14945.90000 5.05000000 398.51000 65.75000 13.86800 52.16300
19 11 20 11 51 14938.90000 5.06200000 398.51000 65.95000 13.81400 52.16300
19 11 20 11 51 14937.10000 5.06200000 398.56000 65.91000 13.81400 52.16300
19 11 20 11 52 14937.10000 5.08200000 398.60000 65.97000 13.81400 52.16300
19 11 20 11 52 14937.10000 5.08800000 398.60000 66.18000 13.81400 52.18600
19 11 20 11 53 14941.70000 5.10200000 399.13000 66.26000 13.81400 52.26000
19 11 20 11 53 14942.10000 5.14000000 399.15000 66.13000 13.81400 52.37200
19 11 20 11 53 14944.00000 5.14100000 399.37000 66.03000 13.81400 52.37200
19 11 20 11 54 14946.00000 5.14700000 399.30000 65.96000 13.81200 52.37200
19 11 20 11 54 14953.30000 5.14700000 399.40000 66.24000 13.81200 52.37200
19 11 20 11 55 14951.50000 5.14700000 399.32000 66.26000 13.81200 52.37200
19 11 20 11 55 14950.20000 5.15000000 399.48000 66.42000 13.81200 52.36500
19 11 20 11 56 14952.10000 5.15000000 399.49000 66.53000 13.81200 52.36500
19 11 20 11 56 14963.20000 5.16200000 399.63000 66.54000 13.81200 52.36500
19 11 20 11 56 14968.90000 5.16200000 399.82000 66.71000 13.81200 52.36500
19 11 20 11 57 14989.60000 5.13700000 400.47000 66.84000 13.81200 52.36500
19 11 20 11 57 15000.00000 5.13700000 400.49000 66.79000 13.81200 52.36500
19 11 20 11 58 15000.10000 5.12800000 400.03000 66.31000 13.81200 52.36500
19 11 20 11 58 15003.80000 5.12800000 400.17000 66.28000 13.81200 52.36500
19 11 20 11 59 15010.00000 5.09700000 400.14000 65.96000 13.81200 52.36500
19 11 20 11 59 15015.90000 5.09700000 400.31000 66.42000 13.81200 52.36500
19 11 20 11 59 15013.00000 5.13200000 400.14000 66.37000 13.81200 52.36500
19 11 20 12 00 15020.00000 5.09800000 400.65000 66.63000 13.81200 52.36500
19 11 20 12 00 15040.00000 5.09800000 400.71000 66.35000 13.81200 52.36500
19 11 20 12 01 15046.00000 5.12900000 400.80000 66.33000 13.81200 52.36500
19 11 20 12 01 15045.10000 5.12900000 400.73000 66.28000 13.81200 52.36500
19 11 20 12 02 15047.10000 5.10800000 400.67000 66.05000 13.81200 52.54800
19 11 20 12 02 15040.10000 5.09700000 400.67000 66.00000 13.81200 52.54800
19 11 20 12 02 15028.30000 5.09700000 400.42000 66.18000 13.81200 52.54800
19 11 20 12 03 15019.60000 5.09700000 400.01000 66.33000 13.81200 52.43400
19 11 20 12 03 15018.40000 5.09700000 400.01000 66.33000 13.81200 52.43400
19 11 20 12 04 15023.00000 5.10000000 400.01000 66.34000 13.81200 52.43400
19 11 20 12 04 15036.00000 5.10000000 400.44000 66.41000 13.81200 52.43400
19 11 20 12 05 15034.20000 5.10000000 400.44000 66.41000 13.81200 52.43400
19 11 20 12 05 15020.60000 5.10000000 400.23000 66.51000 13.81200 52.43000
19 11 20 12 05 15005.20000 5.10000000 400.29000 66.34000 13.81200 52.43000
19 11 20 12 06 15009.30000 5.09400000 400.06000 66.13000 13.81200 52.43000
19 11 20 12 06 15005.20000 5.09400000 400.06000 66.02000 13.81200 52.43000
19 11 20 12 07 15005.30000 5.09400000 400.06000 66.09000 13.81200 52.43000
19 11 20 12 07 15002.70000 5.09400000 399.61000 66.17000 13.81200 52.43000
19 11 20 12 08 15002.60000 5.09400000 399.88000 66.12000 13.81200 52.43000
19 11 20 12 08 14993.10000 5.09400000 399.57000 66.04000 13.81200 52.43000
19 11 20 12 08 14979.40000 5.09400000 399.54000 65.91000 13.81200 52.43000
19 11 20 12 09 14980.60000 5.09400000 399.29000 65.90000 13.81200 52.43000
19 11 20 12 09 14970.80000 5.09400000 399.29000 65.83000 13.76000 52.43000
19 11 20 12 10 14972.70000 5.09300000 399.30000 65.78000 13.76000 52.43000
19 11 20 12 10 14972.70000 5.09300000 399.30000 66.02000 13.76000 52.43000
19 11 20 12 11 14972.70000 5.09300000 399.76000 66.09000 13.76000 52.30300
19 11 20 12 11 14972.70000 5.09300000 399.76000 66.09000 13.76000 52.30300
19 11 20 12 11 14974.10000 5.09300000 399.71000 66.11000 13.76000 52.30300
19 11 20 12 12 14975.00000 5.09300000 400.17000 66.15000 13.76000 52.30300
19 11 20 12 12 14970.00000 5.09300000 399.78000 66.08000 13.76000 52.17900
19 11 20 12 13 14970.50000 5.09300000 399.77000 66.08000 13.76000 52.17900
19 11 20 12 13 14962.70000 5.09300000 399.53000 66.10000 13.76000 52.17900
19 11 20 12 14 14964.50000 5.09300000 399.72000 66.10000 13.76000 52.17900
19 11 20 12 14 14960.90000 5.10100000 399.49000 66.00000 13.76000 52.17900
19 11 20 12 14 14958.00000 5.10100000 399.44000 65.97000 13.76000 52.17900
19 11 20 12 15 14975.00000 5.10100000 399.53000 66.03000 13.76000 52.17900
19 11 20 12 15 14977.90000 5.10100000 399.53000 66.04000 13.76000 52.17900
19 11 20 12 16 14978.10000 5.10100000 400.37000 66.31000 13.76000 52.17900
19 11 20 12 16 14980.10000 5.10100000 400.49000 66.32000 13.76000 52.17900
19 11 20 12 17 14980.10000 5.10100000 400.48000 66.32000 13.76000 52.17900
19 11 20 12 17 14980.10000 5.10100000 400.48000 66.44000 13.76000 52.17900
19 11 20 12 17 14980.10000 5.10100000 400.49000 66.45000 13.76000 52.17900
19 11 20 12 18 14980.00000 5.10100000 400.48000 66.48000 13.76000 52.17900
19 11 20 12 18 14978.10000 5.10100000 400.49000 66.51000 13.76000 52.17900
19 11 20 12 19 14982.70000 5.10100000 400.49000 66.45000 13.76000 52.17900
19 11 20 12 19 14980.90000 5.10100000 400.49000 66.45000 13.76000 52.17900
19 11 20 12 20 14985.00000 5.10100000 400.48000 66.34000 13.76000 52.17900
19 11 20 12 20 14987.60000 5.10100000 400.48000 66.34000 13.76000 52.17900
19 11 20 12 20 14988.00000 5.10100000 400.48000 66.34000 13.76000 52.17900
19 11 20 12 21 14985.00000 5.10100000 400.28000 66.30000 13.76000 52.17900
19 11 20 12 21 14978.80000 5.10100000 400.33000 66.18000 13.76000 52.17900
19 11 20 12 22 14976.80000 5.10100000 400.37000 66.27000 13.76000 52.17900
19 11 20 12 22 14975.10000 5.10100000 399.98000 66.17000 13.76000 52.17900
19 11 20 12 23 14960.20000 5.10100000 399.62000 66.02000 13.76000 52.17900
19 11 20 12 23 14960.20000 5.10100000 399.63000 65.93000 13.76000 52.17900
19 11 20 12 23 14960.00000 5.10100000 399.63000 65.95000 13.76000 52.17900
19 11 20 12 24 14950.00000 5.10100000 399.63000 65.97000 13.76000 52.17900
19 11 20 12 24 14951.00000 5.08200000 399.63000 65.99000 13.76000 52.17900
19 11 20 12 25 14955.40000 5.08200000 399.63000 66.15000 13.76000 52.17900
19 11 20 12 25 14955.30000 5.08200000 399.63000 66.13000 13.76000 52.17900
19 11 20 12 26 14960.00000 5.08200000 399.63000 66.11000 13.76000 52.56200
19 11 20 12 26 14960.00000 5.08200000 399.63000 66.19000 13.76000 52.56200
19 11 20 12 26 14967.70000 5.08200000 400.39000 66.19000 13.76000 52.56200
19 11 20 12 27 14960.10000 5.08200000 400.39000 66.18000 13.76000 52.56200
19 11 20 12 27 14976.50000 5.08200000 400.40000 66.19000 13.76000 52.56200
19 11 20 12 28 14977.60000 5.08200000 400.40000 66.19000 13.76000 52.56200
19 11 20 12 28 14987.80000 5.08200000 400.40000 66.23000 13.76000 52.56200
19 11 20 12 29 14988.20000 5.08200000 400.40000 66.23000 13.76000 52.56200
19 11 20 12 29 14985.90000 5.08200000 400.44000 66.22000 13.76000 52.56200
19 11 20 12 29 14975.50000 5.08200000 400.56000 66.21000 13.76000 52.56200
19 11 20 12 30 14984.80000 5.08200000 400.67000 66.17000 13.76000 52.56200
19 11 20 12 30 14985.60000 5.08200000 400.68000 66.19000 13.76000 52.56200
19 11 20 12 31 14980.80000 5.07500000 400.59000 66.18000 13.76000 52.56200
19 11 20 12 31 14993.30000 5.08400000 400.80000 66.32000 13.76000 52.45100
19 11 20 12 32 14998.00000 5.10400000 401.23000 66.55000 13.76000 52.45100
19 11 20 12 32 15000.00000 5.10400000 401.80000 66.69000 13.76000 52.58800
19 11 20 12 32 14997.40000 5.10400000 401.75000 67.07000 13.76000 52.58800
19 11 20 12 33 14998.00000 5.10400000 401.75000 67.20000 13.76000 52.58800
19 11 20 12 33 14998.00000 5.10400000 402.00000 67.38000 13.76000 52.58800
