M=[
30 6 21 22 13 29245.80000 47.68000000 1890.34000 120.24000 20.50300 107.65900
30 6 21 22 14 29230.60000 47.68000000 1890.33000 120.24000 20.50300 107.65900
30 6 21 22 14 29243.80000 47.65700000 1889.96000 120.24000 20.51000 107.65900
30 6 21 22 15 29228.90000 47.65700000 1890.33000 120.21000 20.51000 107.65900
30 6 21 22 15 29241.80000 47.65700000 1892.44000 120.31000 20.51000 107.65900
30 6 21 22 16 29279.90000 47.65700000 1894.06000 120.31000 20.51000 107.65900
30 6 21 22 16 29280.00000 47.65700000 1895.32000 120.56000 20.51000 107.65900
30 6 21 22 16 29280.00000 47.65700000 1894.75000 120.56000 20.51100 107.84300
30 6 21 22 17 29276.20000 47.65700000 1893.31000 120.43000 20.51100 107.84300
30 6 21 22 17 29270.60000 47.65700000 1894.69000 120.43000 20.69600 107.84300
30 6 21 22 18 29279.90000 47.65700000 1894.16000 120.43000 20.69600 107.84300
30 6 21 22 18 29279.90000 47.65700000 1894.16000 120.43000 20.69600 107.84300
30 6 21 22 19 29275.40000 47.65700000 1893.07000 120.43000 20.69600 107.84300
30 6 21 22 19 29272.60000 47.65700000 1892.45000 120.29000 20.69600 107.84300
30 6 21 22 19 29272.60000 47.65700000 1892.44000 120.29000 20.69600 107.84300
30 6 21 22 20 29280.00000 47.65700000 1892.83000 120.16000 20.69600 107.84300
30 6 21 22 20 29280.00000 47.65700000 1895.39000 120.30000 20.69600 107.84300
30 6 21 22 21 29280.00000 47.65700000 1894.95000 120.23000 20.69600 107.84300
30 6 21 22 21 29280.00000 47.65700000 1895.96000 120.23000 20.69600 107.84300
30 6 21 22 22 29296.00000 47.65700000 1896.25000 120.23000 20.69600 107.84300
30 6 21 22 22 29354.30000 47.65700000 1897.88000 120.23000 20.69600 107.84300
30 6 21 22 22 29345.80000 47.65700000 1897.98000 120.23000 20.69600 107.84300
30 6 21 22 23 29362.50000 47.65700000 1899.31000 120.23000 20.69600 107.84300
30 6 21 22 23 29362.90000 48.22000000 1900.66000 120.23000 20.58800 107.84300
30 6 21 22 24 29340.10000 48.22000000 1900.66000 120.23000 20.58800 107.84300
30 6 21 22 24 29335.90000 48.22000000 1900.17000 120.23000 20.58800 107.84300
30 6 21 22 25 29362.90000 48.22000000 1903.01000 120.23000 20.58800 107.84300
30 6 21 22 25 29358.80000 48.22000000 1899.69000 120.23000 20.60600 107.84300
30 6 21 22 26 29346.40000 48.22000000 1898.76000 120.64000 20.60600 107.84300
30 6 21 22 26 29362.90000 48.22000000 1900.90000 120.64000 20.80000 107.84300
30 6 21 22 26 29362.90000 48.22000000 1900.90000 120.64000 20.80000 107.84300
30 6 21 22 27 29362.90000 48.22000000 1900.90000 120.64000 20.80000 107.84300
30 6 21 22 27 29362.90000 48.22000000 1900.00000 120.64000 20.80000 107.84300
30 6 21 22 28 29359.10000 48.22000000 1900.72000 120.64000 20.80000 107.84300
30 6 21 22 28 29358.00000 48.22000000 1897.29000 120.84000 20.80000 107.84300
30 6 21 22 29 29347.80000 48.22000000 1898.23000 120.85000 20.80000 107.84300
30 6 21 22 29 29347.70000 48.22000000 1897.80000 120.85000 20.80000 107.84300
30 6 21 22 29 29338.70000 48.22000000 1896.88000 120.85000 20.80000 107.84300
30 6 21 22 30 29347.80000 48.22000000 1900.00000 120.85000 20.80000 107.84300
30 6 21 22 30 29385.90000 48.22000000 1900.00000 120.85000 20.79600 107.84300
30 6 21 22 31 29386.00000 48.38200000 1900.00000 121.11000 20.79600 107.84300
30 6 21 22 31 29400.00000 48.38200000 1900.00000 121.15000 20.79600 107.84300
30 6 21 22 32 29417.60000 48.46300000 1901.53000 121.23000 20.79600 107.84300
30 6 21 22 32 29417.70000 48.46300000 1901.53000 121.23000 20.79600 107.84300
30 6 21 22 32 29426.00000 48.73000000 1909.30000 121.33000 20.79600 107.84300
30 6 21 22 33 29463.50000 48.73000000 1909.56000 121.50000 20.79600 107.84300
30 6 21 22 33 29463.50000 48.73000000 1909.56000 121.50000 20.79600 107.84300
30 6 21 22 34 29452.60000 48.73000000 1910.01000 121.60000 20.77600 107.84300
30 6 21 22 34 29452.60000 48.73000000 1911.14000 121.60000 20.77600 107.84300
30 6 21 22 35 29452.60000 48.73000000 1911.14000 121.60000 20.77600 107.84300
30 6 21 22 35 29423.20000 48.73000000 1905.38000 121.60000 20.77600 107.84300
30 6 21 22 35 29401.30000 48.73000000 1905.27000 121.60000 20.77600 107.84300
30 6 21 22 36 29396.60000 48.73000000 1906.56000 121.60000 20.77600 107.84300
30 6 21 22 36 29376.30000 48.73000000 1904.86000 121.60000 20.77600 107.84300
30 6 21 22 37 29402.80000 48.73000000 1905.40000 121.36000 20.77600 107.84300
30 6 21 22 37 29382.50000 48.73000000 1905.40000 121.23000 20.77600 107.84300
30 6 21 22 38 29390.40000 48.73000000 1905.40000 121.23000 20.77600 107.84300
30 6 21 22 38 29405.40000 48.73000000 1905.40000 121.23000 20.99900 107.84300
30 6 21 22 39 29404.80000 48.73000000 1906.55000 121.23000 20.99900 107.84300
30 6 21 22 39 29404.50000 48.50100000 1906.55000 121.23000 21.00000 107.84300
30 6 21 22 39 29400.40000 48.50100000 1906.55000 121.23000 21.00000 107.84300
30 6 21 22 40 29399.00000 48.50100000 1906.55000 121.23000 21.00000 107.84300
30 6 21 22 40 29404.90000 48.50100000 1905.07000 121.23000 21.00000 107.84300
30 6 21 22 41 29405.00000 48.56300000 1904.78000 121.23000 21.00000 107.84300
30 6 21 22 41 29404.90000 48.56300000 1904.78000 121.23000 21.00000 107.84300
30 6 21 22 42 29405.00000 48.59800000 1905.07000 121.23000 21.00000 107.84300
30 6 21 22 42 29405.00000 48.59800000 1904.50000 121.24000 21.00000 107.84300
30 6 21 22 42 29403.50000 48.59800000 1904.53000 121.31000 21.00000 107.84300
30 6 21 22 43 29404.90000 48.59800000 1904.51000 121.30000 21.00000 107.84300
30 6 21 22 43 29404.90000 48.59800000 1904.52000 121.30000 21.00000 107.84300
30 6 21 22 44 29405.00000 48.61500000 1904.52000 121.30000 21.00000 107.84300
30 6 21 22 44 29430.20000 48.59000000 1904.52000 121.27000 21.00000 107.84300
30 6 21 22 45 29426.20000 48.59000000 1904.53000 121.27000 21.00000 107.84300
30 6 21 22 45 29440.70000 48.62600000 1904.53000 121.29000 21.00000 107.84300
30 6 21 22 45 29447.20000 48.62600000 1905.53000 121.34000 21.00000 107.84300
30 6 21 22 46 29438.40000 48.62600000 1905.98000 121.29000 21.00000 107.84300
30 6 21 22 46 29438.30000 48.62600000 1905.98000 121.29000 21.00000 107.84300
30 6 21 22 47 29421.00000 48.62600000 1905.97000 121.29000 21.00000 107.84300
30 6 21 22 47 29423.70000 48.62600000 1905.00000 121.29000 21.00000 107.84300
30 6 21 22 48 29387.00000 48.62600000 1901.64000 121.29000 21.00000 107.84300
30 6 21 22 48 29395.30000 48.62600000 1901.64000 121.03000 21.00000 107.84300
30 6 21 22 48 29395.30000 48.62600000 1903.11000 121.03000 21.00000 107.84300
30 6 21 22 49 29388.00000 48.62600000 1903.11000 121.03000 21.00000 107.84300
30 6 21 22 49 29408.80000 48.62600000 1903.45000 121.03000 21.00000 107.84300
30 6 21 22 50 29421.30000 48.62800000 1902.69000 121.03000 21.00000 107.84300
30 6 21 22 50 29408.30000 48.62800000 1900.84000 121.03000 21.00000 107.84300
30 6 21 22 51 29405.40000 48.62800000 1900.01000 121.03000 21.00000 107.84300
30 6 21 22 51 29405.50000 48.62800000 1900.01000 121.03000 21.00000 107.84300
30 6 21 22 52 29405.40000 48.62400000 1900.01000 121.03000 21.00000 107.84300
30 6 21 22 52 29402.60000 48.62400000 1898.47000 120.68000 21.00000 107.97700
30 6 21 22 52 29400.50000 48.62400000 1898.47000 120.68000 21.00000 107.97700
30 6 21 22 53 29388.00000 48.52600000 1898.47000 120.68000 21.00000 107.97700
30 6 21 22 53 29379.40000 48.52600000 1898.47000 120.52000 21.00000 107.97700
30 6 21 22 54 29379.40000 48.52600000 1898.47000 120.52000 21.00000 107.97700
30 6 21 22 54 29379.40000 48.52600000 1898.47000 120.52000 21.00000 107.97700
30 6 21 22 55 29391.10000 48.52600000 1900.00000 120.52000 21.00000 107.97700
30 6 21 22 55 29400.50000 48.52600000 1900.00000 120.52000 21.00000 107.97700
30 6 21 22 55 29400.50000 48.57700000 1900.67000 120.52000 21.00000 107.97700
30 6 21 22 56 29387.20000 48.57700000 1900.64000 120.72000 21.00000 107.97700
30 6 21 22 56 29387.20000 48.57700000 1900.18000 120.72000 21.00000 107.97700
30 6 21 22 57 29370.00000 48.57700000 1900.18000 120.72000 21.00000 107.97700
30 6 21 22 57 29370.00000 48.61600000 1900.16000 120.72000 21.00000 107.97700
