M=[
11 5 20 17 50 7974.80000 5.49600000 171.25000 37.90000 11.91000 36.67600
11 5 20 17 51 7972.50000 5.48200000 170.85000 37.79000 11.91000 36.67600
11 5 20 17 51 7963.50000 5.48200000 170.78000 37.82000 11.84400 36.67600
11 5 20 17 52 7962.70000 5.49000000 170.71000 37.79000 11.84400 36.67600
11 5 20 17 52 7966.70000 5.48200000 170.85000 37.79000 11.84400 36.45200
11 5 20 17 53 7962.50000 5.48200000 170.75000 37.79000 11.84400 36.45200
11 5 20 17 53 7960.50000 5.48200000 170.85000 37.79000 11.84400 36.45200
11 5 20 17 54 7962.70000 5.48200000 170.81000 37.78000 11.80800 36.45200
11 5 20 17 54 7955.60000 5.48200000 170.70000 37.78000 11.80800 36.45200
11 5 20 17 55 7929.00000 5.48200000 170.25000 37.78000 11.81900 36.37100
11 5 20 17 55 7922.30000 5.48200000 170.24000 37.68000 11.81900 36.37100
11 5 20 17 56 7904.30000 5.48200000 170.30000 37.68000 11.78000 36.37100
11 5 20 17 56 7904.20000 5.48200000 170.46000 37.67000 11.85600 36.27000
11 5 20 17 57 7863.30000 5.48200000 169.73000 37.67000 11.79100 36.27000
11 5 20 17 58 7849.90000 5.41000000 169.49000 37.43000 11.75000 36.27000
11 5 20 17 58 7869.00000 5.42100000 169.69000 37.43000 11.75000 36.27000
11 5 20 17 59 7876.30000 5.42100000 169.93000 37.43000 11.72200 36.27000
11 5 20 17 59 7901.70000 5.42100000 170.00000 37.69000 11.75400 36.27000
11 5 20 18 00 7881.80000 5.41000000 170.01000 37.70000 11.85600 36.27000
11 5 20 18 00 7869.00000 5.42100000 169.51000 37.70000 11.76800 36.34900
11 5 20 18 01 7842.30000 5.42100000 169.12000 37.70000 11.67200 36.25700
11 5 20 18 01 7858.40000 5.42100000 169.07000 37.49000 11.67100 36.25700
11 5 20 18 02 7857.10000 5.42100000 169.34000 37.57000 11.67100 36.25700
11 5 20 18 03 7862.30000 5.42100000 169.35000 37.58000 11.67200 36.25700
11 5 20 18 03 7881.80000 5.42100000 169.81000 37.69000 11.67100 36.25700
11 5 20 18 04 7911.30000 5.42100000 170.00000 37.84000 11.76100 36.25700
11 5 20 18 04 7910.90000 5.42100000 169.98000 37.84000 11.78000 36.25700
11 5 20 18 05 7891.70000 5.42100000 169.76000 37.84000 11.78700 36.25700
11 5 20 18 05 7890.10000 5.42100000 169.82000 37.84000 11.74600 36.25700
11 5 20 18 06 7884.50000 5.42100000 169.50000 37.74000 11.74600 36.25700
11 5 20 18 07 7878.90000 5.42100000 169.30000 37.74000 11.74600 36.25700
11 5 20 18 07 7876.00000 5.42100000 169.57000 37.67000 11.78000 36.25700
11 5 20 18 08 7851.60000 5.42100000 169.44000 37.67000 11.78000 36.25700
11 5 20 18 08 7862.00000 5.42100000 169.48000 37.67000 11.74600 36.25700
11 5 20 18 09 7851.10000 5.42100000 169.22000 37.67000 11.74600 36.25700
11 5 20 18 09 7851.80000 5.43000000 169.00000 37.67000 11.78000 36.25700
11 5 20 18 10 7848.00000 5.43000000 169.00000 37.67000 11.78000 36.21000
11 5 20 18 10 7826.80000 5.42000000 168.37000 37.59000 11.78000 36.15000
11 5 20 18 11 7793.20000 5.39000000 167.96000 37.46000 11.67000 36.15000
11 5 20 18 11 7812.10000 5.39000000 168.37000 37.54000 11.63800 36.15000
11 5 20 18 12 7790.80000 5.39000000 168.04000 37.61000 11.60000 36.15000
11 5 20 18 13 7736.60000 5.39000000 167.74000 37.31000 11.56800 35.93300
11 5 20 18 13 7739.60000 5.31100000 167.30000 37.20000 11.57700 35.80000
11 5 20 18 14 7760.60000 5.31100000 168.25000 37.29000 11.64000 35.80000
11 5 20 18 14 7771.20000 5.36000000 168.36000 37.31000 11.64000 35.80000
11 5 20 18 15 7746.10000 5.36000000 168.14000 37.14000 11.64000 35.80000
11 5 20 18 16 7736.10000 5.34700000 167.86000 37.16000 11.64000 35.80000
11 5 20 18 17 7696.30000 5.34700000 166.76000 37.10000 11.53900 35.80300
11 5 20 18 17 7697.70000 5.34700000 166.80000 36.98000 11.53900 35.80300
11 5 20 18 18 7608.20000 5.25000000 163.61000 36.47000 11.33500 35.20000
11 5 20 18 19 7691.00000 5.26300000 165.65000 36.88000 11.45600 35.20000
11 5 20 18 19 7662.20000 5.26300000 165.33000 36.73000 11.33200 35.28000
11 5 20 18 20 7686.60000 5.28900000 165.33000 36.81000 11.45000 35.20000
11 5 20 18 20 7722.90000 5.25000000 166.41000 36.90000 11.45000 35.34400
11 5 20 18 21 7741.00000 5.32200000 166.92000 37.06000 11.45000 35.41900
11 5 20 18 22 7750.00000 5.31900000 166.46000 37.01000 11.50000 35.62800
11 5 20 18 22 7743.00000 5.31900000 166.49000 36.81000 11.50000 35.62800
11 5 20 18 23 7749.80000 5.31900000 166.54000 36.95000 11.50000 35.52700
11 5 20 18 23 7754.40000 5.30800000 166.80000 36.92000 11.49000 35.60800
11 5 20 18 24 7764.60000 5.29400000 166.64000 37.03000 11.49000 35.60800
11 5 20 18 25 7763.90000 5.29400000 166.78000 37.03000 11.46500 35.60800
11 5 20 18 25 7740.00000 5.31300000 166.70000 36.96000 11.43400 35.60800
11 5 20 18 26 7744.00000 5.30300000 166.82000 36.96000 11.47000 35.61000
11 5 20 18 26 7763.00000 5.30300000 167.36000 37.18000 11.46000 35.61000
11 5 20 18 27 7762.50000 5.30300000 167.13000 37.18000 11.44000 35.52700
11 5 20 18 27 7785.40000 5.30300000 167.76000 37.11000 11.46400 35.61000
11 5 20 18 28 7860.40000 5.35000000 167.30000 37.22000 11.47300 35.85700
11 5 20 18 29 7854.20000 5.35000000 168.46000 37.32000 11.50600 35.89800
11 5 20 18 29 7849.40000 5.35000000 168.49000 37.34000 11.50900 35.92200
11 5 20 18 30 7896.40000 5.37700000 169.16000 37.34000 11.52300 35.99900
11 5 20 18 31 7885.10000 5.37700000 168.61000 37.38000 11.59500 35.92200
11 5 20 18 31 7866.80000 5.37700000 168.35000 37.39000 11.65400 35.92200
11 5 20 18 32 7859.60000 5.37700000 168.21000 37.33000 11.70000 35.76700
11 5 20 18 32 7862.80000 5.37700000 168.47000 37.29000 11.66900 35.97000
11 5 20 18 33 7840.40000 5.37700000 168.04000 37.35000 11.68500 35.76700
11 5 20 18 34 7845.80000 5.37700000 167.91000 37.32000 11.65000 35.94700
11 5 20 18 34 7845.20000 5.37700000 168.38000 37.32000 11.61100 35.94700
11 5 20 18 35 7827.60000 5.37700000 168.08000 37.26000 11.61100 35.94700
11 5 20 18 35 7842.30000 5.37700000 168.40000 37.26000 11.66000 35.94700
11 5 20 18 36 7827.90000 5.35600000 168.36000 37.28000 11.66000 35.94700
11 5 20 18 36 7799.40000 5.35600000 167.65000 37.29000 11.61100 35.94700
11 5 20 18 37 7787.80000 5.37700000 167.75000 37.29000 11.61100 35.97000
11 5 20 18 38 7820.60000 5.33800000 167.98000 37.14000 11.61100 35.87000
11 5 20 18 38 7798.70000 5.33800000 167.57000 37.14000 11.61100 35.75700
11 5 20 18 39 7820.00000 5.33800000 167.75000 37.13000 11.61100 35.75700
11 5 20 18 39 7840.50000 5.33600000 168.02000 37.21000 11.61100 35.75700
11 5 20 18 40 7843.40000 5.33600000 167.85000 37.22000 11.61100 35.75700
11 5 20 18 40 7832.20000 5.33600000 167.54000 37.23000 11.61100 35.75700
11 5 20 18 41 7820.50000 5.33600000 167.31000 37.05000 11.61100 35.66300
11 5 20 18 41 7813.30000 5.33600000 167.38000 37.05000 11.61100 35.66300
11 5 20 18 42 7800.00000 5.34100000 167.38000 37.15000 11.61100 35.66300
11 5 20 18 42 7800.30000 5.34100000 167.38000 37.15000 11.57200 35.70000
11 5 20 18 43 7796.00000 5.34100000 167.28000 37.12000 11.57200 35.66300
11 5 20 18 43 7794.30000 5.34100000 167.38000 37.07000 11.57200 35.66300
11 5 20 18 44 7792.40000 5.33600000 167.40000 37.07000 11.57200 35.66300
11 5 20 18 44 7795.30000 5.34100000 167.64000 37.09000 11.57200 35.66300
11 5 20 18 45 7814.50000 5.34100000 167.40000 37.09000 11.57200 35.66300
11 5 20 18 45 7815.10000 5.34100000 167.39000 37.09000 11.57200 35.66300
11 5 20 18 46 7823.30000 5.34100000 168.00000 37.19000 11.58100 35.66300
11 5 20 18 46 7819.10000 5.34100000 168.00000 37.19000 11.58100 35.64000
11 5 20 18 47 7830.40000 5.34100000 168.26000 37.21000 11.58100 35.64000
11 5 20 18 47 7835.00000 5.34100000 168.42000 37.29000 11.58100 35.64000
11 5 20 18 48 7828.40000 5.34100000 168.28000 37.25000 11.58100 35.64000
11 5 20 18 49 7832.60000 5.34100000 168.37000 37.25000 11.58100 35.64000
11 5 20 18 49 7825.00000 5.34100000 168.23000 37.22000 11.58100 35.64000
11 5 20 18 50 7849.50000 5.34100000 168.50000 37.21000 11.58100 35.64000
11 5 20 18 50 7830.90000 5.34100000 168.24000 37.21000 11.58100 35.64000
11 5 20 18 50 7829.10000 5.34100000 168.23000 37.21000 11.61100 35.64000
11 5 20 18 51 7841.00000 5.34100000 168.47000 37.17000 11.58100 35.64000
