M=[
 6 6 21 08 40 29832.40000 52.68700000 2238.97000 147.74000 23.82000 126.23200
 6 6 21 08 40 29837.90000 52.77200000 2239.37000 147.74000 23.82000 126.23200
 6 6 21 08 41 29838.50000 52.70000000 2238.96000 147.65000 23.82000 126.23200
 6 6 21 08 41 29846.20000 52.70000000 2238.77000 147.65000 23.82000 126.23200
 6 6 21 08 42 29839.80000 52.78400000 2241.51000 147.69000 23.82000 126.23200
 6 6 21 08 42 29839.80000 52.78400000 2239.67000 147.69000 23.82000 126.23200
 6 6 21 08 43 29839.80000 52.78400000 2239.67000 147.69000 23.82000 126.23200
 6 6 21 08 43 29839.80000 52.78400000 2238.93000 147.66000 23.82000 126.23200
 6 6 21 08 43 29839.80000 52.78400000 2238.79000 147.66000 23.82000 126.23200
 6 6 21 08 44 29839.80000 52.78400000 2237.91000 147.65000 23.82000 126.23200
 6 6 21 08 44 29807.20000 52.78400000 2236.90000 147.65000 23.82000 126.23200
 6 6 21 08 45 29777.80000 52.68700000 2235.20000 147.46000 23.82000 126.23200
 6 6 21 08 45 29718.80000 52.68700000 2232.18000 147.46000 23.82000 125.89000
 6 6 21 08 46 29721.90000 52.68700000 2232.73000 147.46000 23.82000 125.89000
 6 6 21 08 46 29723.50000 52.68700000 2234.16000 147.46000 23.82000 125.89000
 6 6 21 08 46 29715.50000 52.68700000 2232.44000 147.35000 23.82000 125.89000
 6 6 21 08 47 29711.20000 52.68700000 2231.35000 147.35000 23.82000 125.89000
 6 6 21 08 47 29705.30000 52.68700000 2230.53000 147.35000 23.82000 125.89000
 6 6 21 08 48 29705.90000 52.68700000 2229.75000 147.14000 23.82000 125.89000
 6 6 21 08 48 29711.00000 52.68700000 2228.97000 147.14000 23.82000 125.89000
 6 6 21 08 49 29710.90000 52.68700000 2228.72000 147.24000 23.82000 125.89000
 6 6 21 08 49 29733.60000 52.68700000 2232.23000 147.24000 23.82000 125.89000
 6 6 21 08 49 29731.20000 52.68700000 2231.89000 147.24000 23.82000 125.89000
 6 6 21 08 50 29730.00000 52.68700000 2232.42000 147.24000 23.82000 125.89000
 6 6 21 08 50 29758.10000 52.54300000 2235.82000 147.24000 23.82000 125.89000
 6 6 21 08 51 29756.00000 52.54300000 2235.82000 147.24000 23.82000 125.89000
 6 6 21 08 51 29785.80000 52.54300000 2235.82000 147.35000 23.82000 125.89000
 6 6 21 08 52 29785.80000 52.54300000 2234.99000 147.35000 23.82000 125.89000
 6 6 21 08 52 29783.20000 52.54300000 2235.00000 147.35000 23.82000 125.89000
 6 6 21 08 52 29795.20000 52.55800000 2237.70000 147.43000 23.82000 125.89000
 6 6 21 08 53 29806.90000 52.55800000 2237.69000 147.43000 23.82000 125.89000
 6 6 21 08 53 29813.50000 52.55800000 2238.50000 147.43000 23.82000 125.89000
 6 6 21 08 54 29818.80000 52.55800000 2239.24000 147.43000 23.82000 125.89000
 6 6 21 08 54 29825.60000 52.73800000 2240.43000 147.73000 23.82000 125.89000
 6 6 21 08 55 29837.60000 52.73800000 2242.80000 147.74000 23.82000 125.89000
 6 6 21 08 55 29855.30000 52.73800000 2242.94000 147.87000 23.82000 125.89000
 6 6 21 08 55 29877.70000 52.73800000 2244.40000 147.96000 23.82000 125.89000
 6 6 21 08 56 29886.50000 52.73800000 2244.40000 147.94000 23.82000 125.89000
 6 6 21 08 56 29895.10000 52.70300000 2245.00000 147.89000 23.82000 125.89000
 6 6 21 08 57 29918.30000 52.70300000 2248.19000 148.20000 23.82000 125.89000
 6 6 21 08 57 29918.30000 52.70300000 2250.01000 148.19000 23.82000 125.89000
 6 6 21 08 58 29933.50000 52.70300000 2250.01000 148.14000 23.82000 125.89000
 6 6 21 08 58 29954.20000 52.70300000 2251.77000 148.17000 23.82000 125.89000
 6 6 21 08 58 29967.00000 52.70300000 2254.21000 148.17000 23.82000 125.89000
 6 6 21 08 59 29959.60000 52.70300000 2252.84000 148.11000 23.82000 125.89000
 6 6 21 08 59 29959.60000 52.81100000 2254.23000 148.21000 23.82000 125.89000
 6 6 21 09 00 29964.90000 52.81100000 2257.49000 148.28000 23.82000 125.89000
 6 6 21 09 00 29981.00000 52.81100000 2257.00000 148.19000 23.82000 125.89000
 6 6 21 09 01 30022.90000 52.81100000 2260.27000 148.19000 23.82000 126.62000
 6 6 21 09 01 30011.40000 52.81100000 2263.25000 148.31000 23.82000 126.62000
 6 6 21 09 02 30000.10000 52.81100000 2260.92000 148.31000 23.82000 126.62000
 6 6 21 09 02 30010.30000 52.81100000 2263.10000 148.24000 23.82000 126.62000
 6 6 21 09 02 29990.50000 52.81100000 2262.74000 148.20000 23.82000 126.94700
 6 6 21 09 03 29958.70000 52.90300000 2260.01000 148.04000 23.82000 126.81800
 6 6 21 09 03 29948.40000 52.90300000 2260.97000 148.04000 23.82000 126.94500
 6 6 21 09 04 29960.80000 52.90300000 2259.99000 148.04000 23.82000 126.94500
 6 6 21 09 04 29970.80000 52.90300000 2259.99000 148.12000 23.82000 126.94500
 6 6 21 09 05 29980.90000 52.90300000 2263.26000 148.12000 23.82000 126.94500
 6 6 21 09 05 29972.60000 52.90300000 2262.81000 148.05000 23.82000 126.94500
 6 6 21 09 05 29960.10000 52.90300000 2262.81000 148.02000 23.82000 126.94500
 6 6 21 09 06 29956.90000 52.90300000 2259.69000 148.02000 23.82000 126.94500
 6 6 21 09 06 29950.70000 52.90300000 2257.85000 148.02000 23.82000 126.94500
 6 6 21 09 07 29948.30000 52.90300000 2256.40000 148.06000 23.82000 126.94500
 6 6 21 09 07 29932.40000 52.90300000 2256.18000 148.04000 23.82000 126.94500
 6 6 21 09 08 29911.10000 52.90300000 2254.11000 147.96000 23.82000 126.94500
 6 6 21 09 08 29920.50000 52.90300000 2254.11000 147.90000 23.82000 126.94500
 6 6 21 09 08 29945.60000 52.90300000 2254.99000 147.82000 23.82000 126.94500
 6 6 21 09 09 29947.90000 52.90300000 2254.99000 147.82000 23.82000 126.94500
 6 6 21 09 09 29930.00000 52.90300000 2254.99000 147.78000 23.82000 126.94500
 6 6 21 09 10 29948.30000 52.90300000 2255.11000 147.78000 23.82000 126.94500
 6 6 21 09 10 29941.50000 52.90300000 2255.11000 147.78000 23.82000 126.94500
 6 6 21 09 11 29931.50000 52.90300000 2254.51000 147.78000 23.82000 126.94500
 6 6 21 09 11 29933.40000 52.90300000 2254.37000 147.78000 23.82000 126.94500
 6 6 21 09 11 29949.10000 52.90300000 2255.92000 147.78000 23.82000 126.94500
 6 6 21 09 12 29938.60000 52.90300000 2254.11000 147.78000 23.82000 126.94500
 6 6 21 09 12 29933.40000 52.90300000 2254.11000 147.58000 23.82000 126.94500
 6 6 21 09 13 29933.50000 52.74700000 2248.40000 147.58000 23.82000 126.94500
 6 6 21 09 13 29921.40000 52.74700000 2250.32000 147.47000 23.82000 126.94500
 6 6 21 09 14 29936.60000 52.74700000 2250.46000 147.27000 23.82000 126.94500
 6 6 21 09 14 29922.00000 52.74700000 2250.92000 147.27000 23.82000 126.29400
 6 6 21 09 14 29921.70000 52.74700000 2250.29000 147.27000 23.82000 126.29400
 6 6 21 09 15 29939.90000 52.74700000 2252.78000 147.46000 23.82000 126.29400
 6 6 21 09 15 29934.80000 52.74700000 2251.43000 147.46000 23.82000 126.29400
 6 6 21 09 16 29931.60000 52.74700000 2251.43000 147.46000 23.82000 126.29400
 6 6 21 09 16 29927.60000 52.74700000 2251.19000 147.46000 23.82000 126.29400
 6 6 21 09 17 29920.80000 52.68400000 2251.03000 147.46000 23.82000 126.29400
 6 6 21 09 17 29916.70000 52.68400000 2249.57000 147.46000 23.82000 126.29400
 6 6 21 09 17 29918.60000 52.68400000 2250.20000 147.46000 23.82000 126.29400
 6 6 21 09 18 29917.30000 52.68400000 2251.29000 147.20000 23.82000 126.29400
 6 6 21 09 18 29904.00000 52.68400000 2250.10000 147.12000 23.82000 126.29400
 6 6 21 09 19 29900.30000 52.68400000 2249.52000 147.12000 23.82000 126.29400
 6 6 21 09 19 29900.30000 52.68400000 2248.46000 147.16000 23.82000 126.19400
 6 6 21 09 20 29877.70000 52.68400000 2247.62000 147.16000 23.82000 126.19400
 6 6 21 09 20 29895.70000 52.68400000 2247.23000 147.16000 23.82000 126.19400
 6 6 21 09 20 29900.60000 52.68400000 2247.23000 147.16000 23.82000 126.19400
 6 6 21 09 21 29896.40000 52.68400000 2247.24000 147.16000 23.82000 126.19400
 6 6 21 09 21 29899.20000 52.68400000 2247.23000 147.16000 23.82000 126.19400
 6 6 21 09 22 29892.90000 52.68400000 2247.24000 147.16000 23.82000 126.19400
 6 6 21 09 22 29892.80000 52.68400000 2246.88000 147.16000 23.82000 126.19400
 6 6 21 09 23 29892.80000 52.68400000 2246.87000 147.16000 23.82000 126.06500
 6 6 21 09 23 29892.90000 52.68400000 2246.65000 147.16000 23.82000 126.06500
 6 6 21 09 23 29892.80000 52.68400000 2246.64000 147.16000 23.82000 126.06500
