M=[
11 7 20 11 53 8163.50000 5.75500000 212.87000 39.25000 16.96700 49.01500
11 7 20 11 53 8200.40000 5.70100000 212.87000 39.33000 17.09300 49.01500
11 7 20 11 54 8201.40000 5.77800000 211.85000 39.16000 16.96700 49.01500
11 7 20 11 55 8201.40000 5.70100000 211.85000 39.33000 17.07600 49.69000
11 7 20 11 55 8209.90000 5.70100000 212.44000 39.25000 17.07600 49.67600
11 7 20 11 55 8209.90000 5.77800000 212.51000 39.16000 17.09300 49.01500
11 7 20 11 56 8163.60000 5.70100000 211.50000 39.33000 17.00200 49.01500
11 7 20 11 56 8161.20000 5.70100000 212.51000 39.12000 17.07600 49.01500
11 7 20 11 57 8160.20000 5.70100000 211.65000 39.12000 17.07600 49.69000
11 7 20 11 57 8202.90000 5.75600000 211.50000 39.12000 16.96700 49.69000
11 7 20 11 58 8158.90000 5.70100000 213.13000 39.20000 17.09300 49.01500
11 7 20 11 59 8159.60000 5.70100000 211.56000 39.33000 17.09300 49.01500
11 7 20 11 58 8201.40000 5.75600000 211.56000 39.12000 16.96700 49.01500
11 7 20 11 59 8161.90000 5.75500000 211.51000 39.12000 16.99600 49.01500
11 7 20 11 59 8161.20000 5.77800000 211.51000 39.12000 17.07600 49.69000
11 7 20 12 00 8156.30000 5.70100000 212.51000 39.25000 16.96700 49.69000
11 7 20 12 01 8156.30000 5.70100000 211.36000 39.12000 16.96700 49.01500
11 7 20 12 02 8209.90000 5.70100000 211.45000 39.33000 17.07600 49.01500
11 7 20 12 01 8201.40000 5.70100000 211.64000 39.33000 17.09300 48.94000
11 7 20 12 02 8166.00000 5.77800000 211.65000 39.12000 17.07600 48.94000
11 7 20 12 02 8171.90000 5.70100000 212.51000 39.33000 16.96700 48.94000
11 7 20 12 03 8209.90000 5.77800000 211.65000 39.12000 16.96700 48.94000
11 7 20 12 03 8172.50000 5.70100000 211.65000 39.36000 17.09300 49.69000
11 7 20 12 04 8173.20000 5.70100000 211.86000 39.12000 17.00200 48.94000
11 7 20 12 04 8200.40000 5.79600000 211.87000 39.33000 16.99600 49.69000
11 7 20 12 05 8173.60000 5.77800000 212.79000 39.33000 16.96700 49.01500
11 7 20 12 05 8173.60000 5.74800000 211.89000 39.12000 16.96700 49.01500
11 7 20 12 06 8173.60000 5.75500000 212.44000 39.33000 16.96700 49.60000
11 7 20 12 06 8209.90000 5.70100000 211.89000 39.33000 16.96700 48.94000
11 7 20 12 07 8200.50000 5.70100000 211.89000 39.12000 16.96700 48.94000
11 7 20 12 07 8174.70000 5.70100000 212.75000 39.12000 17.09300 48.94000
11 7 20 12 08 8209.90000 5.70100000 211.89000 39.12000 16.96700 49.69000
11 7 20 12 08 8175.00000 5.70100000 211.65000 39.12000 17.09300 48.94000
11 7 20 12 09 8209.90000 5.75600000 212.44000 39.33000 16.96700 49.21800
11 7 20 12 10 8175.00000 5.75500000 211.88000 39.12000 17.09300 49.01500
11 7 20 12 10 8174.20000 5.70100000 211.97000 39.12000 16.96700 48.94000
11 7 20 12 11 8170.50000 5.70100000 211.92000 39.12000 16.96700 48.94000
11 7 20 12 11 8171.60000 5.70100000 211.89000 39.18000 16.96700 49.01500
11 7 20 12 11 8169.70000 5.70100000 211.84000 39.12000 17.09300 48.94000
11 7 20 12 11 8169.70000 5.77800000 211.90000 39.33000 16.96700 49.01500
11 7 20 12 12 8172.00000 5.77800000 211.90000 39.25000 16.96700 49.09900
11 7 20 12 12 8209.90000 5.70100000 212.79000 39.19000 16.96700 48.94000
11 7 20 12 14 8172.50000 5.70100000 211.94000 39.19000 16.96700 48.94000
11 7 20 12 13 8201.40000 5.70100000 212.51000 39.22000 17.09300 48.94000
11 7 20 12 14 8209.90000 5.70100000 211.95000 39.22000 16.96700 49.01500
11 7 20 12 14 8173.60000 5.75600000 211.94000 39.22000 16.96700 48.94000
11 7 20 12 15 8200.50000 5.77800000 211.90000 39.22000 16.96700 49.01500
11 7 20 12 16 8170.60000 5.74800000 211.94000 39.33000 16.96700 48.94000
11 7 20 12 16 8200.50000 5.74800000 211.94000 39.22000 16.96700 49.73800
11 7 20 12 16 8208.00000 5.70100000 211.90000 39.33000 16.96700 49.69000
11 7 20 12 17 8200.50000 5.70100000 213.13000 39.22000 16.99600 48.94000
11 7 20 12 17 8200.50000 5.79600000 211.94000 39.22000 17.07600 48.94000
11 7 20 12 18 8175.00000 5.75600000 211.94000 39.22000 16.99600 48.94000
11 7 20 12 18 8175.00000 5.70100000 211.94000 39.22000 16.96700 49.01500
11 7 20 12 18 8175.00000 5.70100000 212.51000 39.22000 17.09300 48.94000
11 7 20 12 19 8174.70000 5.70100000 211.91000 39.28000 16.96700 49.69000
11 7 20 12 19 8200.40000 5.70100000 211.93000 39.19000 17.09300 49.69000
11 7 20 12 20 8175.00000 5.70100000 212.75000 39.19000 17.07600 48.94000
11 7 20 12 20 8175.00000 5.70100000 211.94000 39.19000 16.96700 49.69000
11 7 20 12 21 8175.00000 5.77800000 212.75000 39.22000 16.96700 48.94000
11 7 20 12 22 8174.90000 5.77800000 212.07000 39.33000 16.96700 49.01500
11 7 20 12 22 8175.00000 5.70100000 212.07000 39.33000 16.96700 49.60000
11 7 20 12 22 8200.50000 5.70100000 212.51000 39.22000 16.96700 49.69000
11 7 20 12 23 8173.90000 5.70100000 212.07000 39.22000 16.96700 49.69000
11 7 20 12 23 8173.50000 5.70100000 212.07000 39.22000 17.07600 49.01500
11 7 20 12 23 8174.30000 5.70100000 212.07000 39.22000 16.96700 48.94000
11 7 20 12 24 8175.00000 5.70100000 213.13000 39.22000 17.00200 49.60000
11 7 20 12 25 8175.00000 5.75500000 212.51000 39.22000 17.09300 49.69000
11 7 20 12 25 8175.00000 5.70100000 212.07000 39.22000 16.96700 49.09900
11 7 20 12 25 8175.00000 5.77800000 213.13000 39.33000 16.96700 48.94000
11 7 20 12 26 8209.80000 5.70100000 212.06000 39.22000 17.09300 49.01500
11 7 20 12 26 8175.00000 5.70100000 212.07000 39.22000 17.07600 48.94000
11 7 20 12 27 8175.00000 5.70100000 212.75000 39.22000 16.96700 48.94000
11 7 20 12 28 8175.00000 5.77800000 212.07000 39.22000 16.96700 48.94000
11 7 20 12 28 8200.50000 5.77800000 212.07000 39.20000 16.96700 49.09900
11 7 20 12 28 8175.00000 5.75500000 212.07000 39.33000 16.96700 49.01500
11 7 20 12 29 8174.90000 5.75600000 212.06000 39.20000 16.96700 49.69000
11 7 20 12 29 8175.00000 5.70100000 212.00000 39.20000 16.96700 48.94000
11 7 20 12 29 8175.90000 5.70100000 212.00000 39.20000 16.96700 48.94000
11 7 20 12 30 8175.90000 5.70100000 212.00000 39.20000 16.96700 49.69000
11 7 20 12 31 8200.50000 5.77800000 212.00000 39.12000 16.96700 49.18000
11 7 20 12 31 8169.90000 5.70100000 212.01000 39.25000 17.09300 49.18000
11 7 20 12 32 8209.90000 5.70100000 212.01000 39.12000 17.00200 49.60000
11 7 20 12 32 8174.60000 5.77800000 212.51000 39.12000 16.96700 49.18000
11 7 20 12 32 8200.50000 5.70100000 212.00000 39.12000 16.96700 49.18000
11 7 20 12 33 8174.60000 5.70100000 212.00000 39.33000 16.96700 49.69000
11 7 20 12 33 8174.60000 5.77800000 212.51000 39.12000 16.96700 49.69000
11 7 20 12 34 8209.80000 5.70100000 212.00000 39.12000 16.99600 49.60000
11 7 20 12 34 8174.60000 5.75500000 212.75000 39.20000 16.96700 49.18000
11 7 20 12 34 8201.40000 5.70100000 212.01000 39.20000 17.09300 49.18000
11 7 20 12 35 8209.90000 5.70100000 212.00000 39.33000 16.96700 49.09900
11 7 20 12 36 8200.50000 5.74800000 212.01000 39.31000 16.96700 49.84500
11 7 20 12 36 8200.50000 5.70700000 212.01000 39.20000 16.96700 49.18000
11 7 20 12 36 8200.50000 5.77800000 212.01000 39.25000 16.96700 49.18000
11 7 20 12 37 8174.90000 5.70700000 212.00000 39.20000 16.96700 49.18000
11 7 20 12 38 8209.90000 5.70700000 212.03000 39.20000 16.96700 49.18000
11 7 20 12 38 8172.00000 5.75500000 212.03000 39.20000 16.96700 49.18000
11 7 20 12 38 8173.40000 5.70700000 212.03000 39.20000 17.09300 49.84500
11 7 20 12 39 8170.80000 5.75600000 212.01000 39.20000 16.96700 49.69000
11 7 20 12 39 8170.90000 5.77800000 211.65000 39.33000 17.09300 48.94000
11 7 20 12 40 8200.40000 5.77800000 212.01000 39.33000 16.90000 48.94000
11 7 20 12 40 8200.50000 5.70700000 212.00000 39.20000 16.90000 49.21800
11 7 20 12 40 8171.80000 5.70700000 212.01000 39.20000 16.90000 49.18000
11 7 20 12 41 8171.80000 5.77800000 212.00000 39.30000 16.90000 49.18000
11 7 20 12 41 8171.70000 5.70700000 212.00000 39.30000 17.09300 49.18000
11 7 20 12 42 8202.90000 5.70700000 212.75000 39.33000 17.09300 49.18700
11 7 20 12 43 8171.00000 5.70700000 212.01000 39.17000 17.09300 49.60000
11 7 20 12 43 8171.00000 5.70700000 212.01000 39.33000 16.90000 49.69000
11 7 20 12 44 8200.50000 5.70700000 212.00000 39.17000 17.09300 49.18700
