M=[
21 6 20 18 31 8334.90000 5.55600000 205.26000 38.54000 15.74300 45.76900
21 6 20 18 32 8334.40000 5.55600000 205.28000 38.54000 15.74300 45.76900
21 6 20 18 32 8337.50000 5.55600000 205.28000 38.54000 15.74300 45.76900
21 6 20 18 33 8336.80000 5.55400000 205.29000 38.54000 15.74300 45.76900
21 6 20 18 33 8335.10000 5.55400000 205.29000 38.54000 15.74300 45.76900
21 6 20 18 34 8335.10000 5.55600000 205.29000 38.54000 15.74300 45.76900
21 6 20 18 34 8331.10000 5.55600000 205.26000 38.54000 15.74300 45.76900
21 6 20 18 35 8331.10000 5.55600000 205.27000 38.54000 15.74300 45.76900
21 6 20 18 35 8333.10000 5.55600000 205.35000 38.54000 15.74300 45.76900
21 6 20 18 36 8331.20000 5.55600000 205.35000 38.54000 15.74300 45.76900
21 6 20 18 36 8331.40000 5.55600000 205.25000 38.54000 15.74300 45.76900
21 6 20 18 37 8331.60000 5.55600000 205.25000 38.54000 15.74300 45.76900
21 6 20 18 37 8331.60000 5.55600000 205.21000 38.54000 15.74300 45.76900
21 6 20 18 37 8330.10000 5.55600000 205.09000 38.54000 15.74300 45.76900
21 6 20 18 38 8330.10000 5.55600000 205.09000 38.54000 15.79900 45.76900
21 6 20 18 38 8330.10000 5.55600000 205.09000 38.51000 15.79900 45.76900
21 6 20 18 39 8332.10000 5.55600000 205.40000 38.51000 15.81900 45.76900
21 6 20 18 39 8335.00000 5.55600000 205.43000 38.51000 15.81900 45.76900
21 6 20 18 40 8332.50000 5.55600000 205.42000 38.51000 15.81900 45.76900
21 6 20 18 40 8330.30000 5.55600000 205.26000 38.54000 15.81900 45.76900
21 6 20 18 41 8330.20000 5.55600000 205.26000 38.54000 15.81900 45.76900
21 6 20 18 41 8330.20000 5.55600000 205.25000 38.54000 15.81900 45.76900
21 6 20 18 42 8330.30000 5.55600000 205.25000 38.54000 15.83600 45.76900
21 6 20 18 42 8330.20000 5.55600000 205.21000 38.54000 15.81900 45.76900
21 6 20 18 42 8330.30000 5.55600000 205.21000 38.54000 15.83600 45.76900
21 6 20 18 43 8330.10000 5.55600000 205.21000 38.54000 15.81900 45.76900
21 6 20 18 43 8330.20000 5.55600000 205.21000 38.54000 15.81900 45.76900
21 6 20 18 44 8333.40000 5.55600000 205.25000 38.51000 15.83600 45.76900
21 6 20 18 44 8333.40000 5.55600000 205.21000 38.54000 15.83600 45.76900
21 6 20 18 45 8332.00000 5.55600000 205.21000 38.54000 15.83600 45.76900
21 6 20 18 45 8330.10000 5.55600000 205.24000 38.54000 15.83600 45.76900
21 6 20 18 46 8331.80000 5.55600000 205.24000 38.54000 15.83600 45.76900
21 6 20 18 46 8331.80000 5.55600000 205.24000 38.54000 15.83600 45.76900
21 6 20 18 47 8331.90000 5.55600000 205.37000 38.51000 15.83600 45.76900
21 6 20 18 47 8335.40000 5.55600000 205.37000 38.55000 15.83600 45.76900
21 6 20 18 48 8333.20000 5.55600000 205.24000 38.55000 15.83600 45.76900
21 6 20 18 48 8331.90000 5.55600000 205.23000 38.55000 15.83600 45.76900
21 6 20 18 49 8331.90000 5.55600000 205.21000 38.55000 15.83600 45.76900
21 6 20 18 49 8330.10000 5.55600000 205.21000 38.55000 15.83600 45.76900
21 6 20 18 50 8339.00000 5.55600000 205.21000 38.55000 15.83600 45.76900
21 6 20 18 50 8336.00000 5.55600000 205.27000 38.55000 15.83600 45.76900
21 6 20 18 51 8336.00000 5.55600000 205.27000 38.55000 15.83600 45.76900
21 6 20 18 51 8336.10000 5.55600000 205.21000 38.55000 15.83600 45.76900
21 6 20 18 51 8336.10000 5.55600000 205.20000 38.55000 15.81900 45.76900
21 6 20 18 52 8336.10000 5.55600000 205.20000 38.55000 15.97500 45.76900
21 6 20 18 52 8336.10000 5.55600000 205.20000 38.55000 15.97500 45.76900
21 6 20 18 53 8336.80000 5.55600000 205.31000 38.55000 15.97500 45.76900
21 6 20 18 53 8336.20000 5.55600000 205.32000 38.55000 15.83600 45.76900
21 6 20 18 54 8336.10000 5.55600000 205.26000 38.55000 15.97500 45.76900
21 6 20 18 54 8336.40000 5.55600000 205.22000 38.55000 15.97500 45.76900
21 6 20 18 55 8335.00000 5.55600000 205.22000 38.55000 15.97500 45.76900
21 6 20 18 55 8335.30000 5.55600000 205.25000 38.55000 16.06500 45.76900
21 6 20 18 56 8335.30000 5.55600000 205.26000 38.55000 16.06500 45.76900
21 6 20 18 56 8335.30000 5.55600000 205.26000 38.55000 16.06500 45.76900
21 6 20 18 56 8335.10000 5.55600000 205.26000 38.55000 15.97500 45.76900
21 6 20 18 57 8332.20000 5.55600000 205.21000 38.49000 16.06500 45.76900
21 6 20 18 57 8332.20000 5.55600000 205.22000 38.49000 16.06500 45.76900
21 6 20 18 58 8332.10000 5.55600000 205.20000 38.49000 16.06500 45.76900
21 6 20 18 58 8332.20000 5.55600000 205.21000 38.49000 16.06500 45.76900
21 6 20 18 59 8332.20000 5.55600000 205.21000 38.49000 16.06500 45.76900
21 6 20 18 59 8332.20000 5.55600000 205.21000 38.49000 16.06500 45.76900
21 6 20 19 00 8332.10000 5.55600000 205.20000 38.49000 16.06500 45.76900
21 6 20 19 00 8323.80000 5.55600000 205.05000 38.49000 16.06500 45.76900
21 6 20 19 01 8332.40000 5.55600000 205.05000 38.49000 16.06500 45.76900
21 6 20 19 01 8336.00000 5.55600000 205.05000 38.49000 16.06500 45.76900
21 6 20 19 02 8336.00000 5.55600000 205.32000 38.49000 16.06500 45.76900
21 6 20 19 02 8337.30000 5.55600000 205.32000 38.49000 16.06500 45.76900
21 6 20 19 02 8337.20000 5.55600000 205.32000 38.49000 16.06500 45.76900
21 6 20 19 03 8334.10000 5.55600000 205.32000 38.49000 16.06500 45.76900
21 6 20 19 03 8333.10000 5.55600000 205.25000 38.49000 15.97500 45.64900
21 6 20 19 04 8335.00000 5.55600000 205.25000 38.49000 15.97500 45.64900
21 6 20 19 04 8332.80000 5.55600000 205.25000 38.49000 16.06500 45.64900
21 6 20 19 05 8336.60000 5.55600000 205.24000 38.49000 16.06500 45.64900
21 6 20 19 05 8334.40000 5.55600000 205.24000 38.49000 16.06500 45.64900
21 6 20 19 06 8336.20000 5.55600000 205.24000 38.49000 16.06500 45.64900
21 6 20 19 06 8336.70000 5.55600000 205.31000 38.49000 16.06500 45.64900
21 6 20 19 07 8336.60000 5.55600000 205.33000 38.49000 16.06500 45.64900
21 6 20 19 07 8336.70000 5.55600000 205.33000 38.51000 16.06500 45.64900
21 6 20 19 08 8336.60000 5.55600000 205.31000 38.51000 16.03200 45.64900
21 6 20 19 08 8332.10000 5.55600000 205.31000 38.51000 16.03200 45.64900
21 6 20 19 08 8332.10000 5.55600000 205.31000 38.51000 16.03200 45.64900
21 6 20 19 09 8331.70000 5.55600000 205.20000 38.51000 16.03200 45.64900
21 6 20 19 09 8331.70000 5.55600000 205.31000 38.51000 16.03200 45.64900
21 6 20 19 10 8331.80000 5.55600000 205.12000 38.51000 16.03200 45.64900
21 6 20 19 10 8331.30000 5.55600000 205.12000 38.49000 16.02600 45.64900
21 6 20 19 11 8331.30000 5.55600000 205.19000 38.51000 16.02600 45.64900
21 6 20 19 11 8333.20000 5.55600000 205.19000 38.51000 16.02600 45.64900
21 6 20 19 12 8332.70000 5.55600000 205.22000 38.51000 16.02600 45.64900
21 6 20 19 12 8333.30000 5.55600000 205.22000 38.51000 16.02600 45.64900
21 6 20 19 13 8333.30000 5.55600000 205.30000 38.51000 16.02600 45.64900
21 6 20 19 13 8335.30000 5.55600000 205.30000 38.51000 16.02600 45.64900
21 6 20 19 14 8336.30000 5.55600000 205.30000 38.51000 16.02600 45.64900
21 6 20 19 14 8339.40000 5.55600000 205.30000 38.51000 16.02600 45.64900
21 6 20 19 15 8339.30000 5.55600000 205.30000 38.51000 16.02600 45.64900
21 6 20 19 15 8339.40000 5.55600000 205.30000 38.51000 16.02600 45.64900
21 6 20 19 15 8338.60000 5.55600000 205.30000 38.51000 16.02600 45.83200
21 6 20 19 16 8338.70000 5.55600000 205.31000 38.51000 16.02600 45.83200
21 6 20 19 16 8340.60000 5.55600000 205.30000 38.51000 16.02600 45.83200
21 6 20 19 17 8340.70000 5.55600000 205.30000 38.51000 16.02600 45.83200
21 6 20 19 17 8340.60000 5.55600000 205.31000 38.51000 16.02600 45.83200
21 6 20 19 18 8340.60000 5.55600000 205.30000 38.49000 16.02700 45.83200
21 6 20 19 18 8338.30000 5.56500000 205.31000 38.51000 16.02700 45.83200
21 6 20 19 19 8338.20000 5.56500000 205.31000 38.51000 16.02700 45.83200
21 6 20 19 19 8339.40000 5.56500000 205.31000 38.51000 16.02700 45.83200
21 6 20 19 20 8339.40000 5.56500000 205.37000 38.51000 16.02700 45.83200
21 6 20 19 20 8338.30000 5.56500000 205.44000 38.51000 16.02700 45.83200
21 6 20 19 21 8338.20000 5.56500000 205.44000 38.51000 16.02700 45.83200
21 6 20 19 21 8338.80000 5.56500000 205.50000 38.51000 16.02700 45.83200
21 6 20 19 22 8338.90000 5.56500000 205.50000 38.51000 16.02700 45.83200
