M=[
 8 1 21 14 45 33732.30000 5.68800000 1022.13000 144.20000 15.66700 55.51100
 8 1 21 14 46 33732.40000 5.75700000 1022.49000 144.22000 15.66700 55.51100
 8 1 21 14 46 33692.30000 5.75700000 1021.68000 144.14000 15.66700 55.51100
 8 1 21 14 46 33676.10000 5.75700000 1020.41000 143.98000 15.66700 55.79000
 8 1 21 14 47 33654.20000 5.75700000 1020.01000 143.49000 15.66700 55.74100
 8 1 21 14 47 33642.50000 5.75700000 1020.00000 143.48000 15.66700 55.74100
 8 1 21 14 48 33680.00000 5.75700000 1020.89000 143.59000 15.66700 55.56200
 8 1 21 14 48 33680.00000 5.75700000 1021.34000 144.00000 15.66700 55.70800
 8 1 21 14 49 33680.00000 5.75700000 1022.39000 144.36000 15.66700 55.74800
 8 1 21 14 49 33680.00000 5.75700000 1020.00000 144.02000 15.66700 55.74800
 8 1 21 14 49 33638.50000 5.75700000 1018.71000 144.05000 15.66700 55.74800
 8 1 21 14 50 33582.00000 5.75700000 1015.69000 143.75000 15.66700 55.74800
 8 1 21 14 50 33600.00000 5.75700000 1016.14000 143.58000 15.66700 55.74800
 8 1 21 14 51 33617.90000 5.75700000 1016.56000 143.81000 15.66700 55.54600
 8 1 21 14 51 33637.90000 5.75700000 1017.15000 143.77000 15.66700 55.54600
 8 1 21 14 52 33650.00000 5.75700000 1017.08000 143.73000 15.66700 55.54600
 8 1 21 14 52 33630.60000 5.75700000 1017.37000 143.74000 15.66700 55.54600
 8 1 21 14 52 33631.80000 5.75700000 1017.29000 143.73000 15.66700 55.54600
 8 1 21 14 53 33649.90000 5.75700000 1019.00000 143.95000 15.66700 55.54600
 8 1 21 14 53 33650.00000 5.75700000 1019.66000 144.17000 15.66700 55.54600
 8 1 21 14 54 33679.70000 5.75700000 1020.00000 144.39000 15.66700 55.61700
 8 1 21 14 54 33732.50000 5.75700000 1019.99000 144.63000 15.66700 55.61700
 8 1 21 14 55 33691.20000 5.73800000 1020.00000 144.90000 15.66700 55.61700
 8 1 21 14 55 33713.00000 5.73800000 1020.00000 145.55000 15.66700 55.61700
 8 1 21 14 55 33695.50000 5.73800000 1020.00000 145.62000 15.66700 55.61700
 8 1 21 14 56 33700.10000 5.73800000 1020.00000 145.59000 15.66700 55.68900
 8 1 21 14 56 33706.00000 5.73800000 1020.00000 145.80000 15.66700 55.68900
 8 1 21 14 57 33680.20000 5.75900000 1020.00000 145.82000 15.66700 55.67500
 8 1 21 14 57 33713.00000 5.75900000 1021.23000 145.92000 15.66700 55.69000
 8 1 21 14 58 33720.00000 5.75900000 1021.99000 146.05000 15.66700 55.69000
 8 1 21 14 58 33720.00000 5.75900000 1022.49000 145.97000 15.66700 55.69000
 8 1 21 14 58 33748.80000 5.75900000 1021.96000 145.63000 15.66700 55.72000
 8 1 21 14 59 33780.30000 5.75900000 1023.52000 146.10000 15.66700 55.72000
 8 1 21 14 59 33825.10000 5.75900000 1024.56000 146.25000 15.66700 55.72000
 8 1 21 15 00 33850.00000 5.75900000 1025.70000 146.48000 15.66700 55.78000
 8 1 21 15 00 33850.00000 5.74900000 1025.93000 145.92000 15.66700 55.78000
 8 1 21 15 01 33875.30000 5.74900000 1025.51000 145.95000 15.66700 55.78000
 8 1 21 15 01 33899.90000 5.72700000 1024.54000 145.89000 15.64000 55.78000
 8 1 21 15 01 33896.90000 5.72700000 1024.49000 146.07000 15.64000 55.78000
 8 1 21 15 02 33941.10000 5.72700000 1024.49000 146.33000 15.64000 55.78000
 8 1 21 15 02 33999.70000 5.72700000 1026.00000 146.54000 15.60000 55.78000
 8 1 21 15 03 34033.00000 5.72700000 1026.00000 146.36000 15.60000 55.38500
 8 1 21 15 03 34053.50000 5.72700000 1026.98000 146.43000 15.60000 55.38000
 8 1 21 15 04 34097.90000 5.76400000 1027.00000 146.19000 15.60000 55.34700
 8 1 21 15 04 34077.20000 5.76400000 1026.57000 145.84000 15.60000 55.34700
 8 1 21 15 04 34087.70000 5.76400000 1027.00000 146.00000 15.60000 55.34700
 8 1 21 15 05 34099.00000 5.76400000 1026.99000 146.07000 15.60000 55.34700
 8 1 21 15 05 34050.20000 5.76400000 1027.00000 145.92000 15.60000 55.34700
 8 1 21 15 06 34097.90000 5.76400000 1026.83000 145.81000 15.73400 55.24000
 8 1 21 15 06 34099.00000 5.76400000 1024.62000 145.20000 15.73400 55.33900
 8 1 21 15 07 34098.80000 5.69600000 1025.05000 145.37000 15.73400 55.33000
 8 1 21 15 07 34065.90000 5.69600000 1026.11000 145.25000 15.73400 55.33000
 8 1 21 15 07 34059.40000 5.69600000 1025.71000 144.87000 15.73400 55.33000
 8 1 21 15 08 34059.30000 5.69600000 1024.71000 144.38000 15.73400 55.33000
 8 1 21 15 08 34089.80000 5.69600000 1025.00000 144.99000 15.73400 55.33000
 8 1 21 15 09 34094.30000 5.69600000 1025.00000 144.84000 15.73400 55.31100
 8 1 21 15 09 34096.60000 5.69600000 1025.00000 144.82000 15.73400 55.31100
 8 1 21 15 10 34099.00000 5.69600000 1025.00000 144.69000 15.73400 55.31100
 8 1 21 15 10 34139.90000 5.69600000 1025.00000 144.86000 15.73400 55.30200
 8 1 21 15 10 34100.00000 5.69600000 1024.15000 144.86000 15.73400 55.30200
 8 1 21 15 11 34062.30000 5.69600000 1024.99000 144.68000 15.73400 55.23000
 8 1 21 15 11 34077.80000 5.69600000 1022.88000 144.36000 15.73400 55.23000
 8 1 21 15 12 34086.60000 5.66300000 1023.00000 144.17000 15.73400 55.08000
 8 1 21 15 12 34067.20000 5.66300000 1022.07000 144.18000 15.73400 55.08100
 8 1 21 15 12 34062.90000 5.66300000 1020.08000 144.15000 15.73400 55.08100
 8 1 21 15 13 34069.20000 5.66300000 1021.61000 144.14000 15.73400 55.46000
 8 1 21 15 13 33942.20000 5.66300000 1018.26000 144.11000 15.73400 55.52000
 8 1 21 15 14 33716.00000 5.66300000 1012.95000 143.00000 15.53400 55.25000
 8 1 21 15 14 33475.90000 5.66300000 1004.92000 141.40000 15.51000 55.25000
 8 1 21 15 15 33613.70000 5.66300000 1009.52000 141.72000 15.40000 54.93000
 8 1 21 15 15 33574.70000 5.66300000 1010.39000 144.38000 15.40000 54.93600
 8 1 21 15 15 33515.20000 5.66200000 1008.05000 141.88000 15.54800 54.81000
 8 1 21 15 16 33305.60000 5.60400000 1001.78000 140.70000 15.54800 54.53000
 8 1 21 15 16 33155.80000 5.60000000 993.80000 140.05000 15.54800 54.36000
 8 1 21 15 17 33310.50000 5.60000000 998.61000 140.82000 15.54800 54.04000
 8 1 21 15 17 33378.50000 5.64200000 1000.84000 141.40000 15.32300 54.29600
 8 1 21 15 18 33434.80000 5.64200000 1002.49000 142.14000 15.32300 54.41400
 8 1 21 15 18 33634.30000 5.64200000 1006.75000 142.86000 15.32300 54.55100
 8 1 21 15 18 33598.60000 5.64200000 1006.66000 142.79000 15.32300 54.55100
 8 1 21 15 19 33540.10000 5.64200000 1005.31000 142.74000 15.32300 54.55100
 8 1 21 15 19 33540.20000 5.64200000 1005.69000 142.49000 15.32300 54.55100
 8 1 21 15 20 33552.70000 5.64200000 1002.17000 142.33000 15.32300 54.55100
 8 1 21 15 20 33515.00000 5.64200000 1001.48000 142.07000 15.32300 54.77500
 8 1 21 15 21 33500.20000 5.65900000 1000.72000 142.14000 15.32300 54.52300
 8 1 21 15 21 33532.20000 5.65900000 1001.08000 142.50000 15.32300 54.52300
 8 1 21 15 21 33540.00000 5.65900000 1002.02000 142.60000 15.32300 54.80000
 8 1 21 15 22 33614.00000 5.65900000 1003.11000 142.83000 15.32300 54.80000
 8 1 21 15 22 33636.60000 5.60100000 1005.38000 143.25000 15.32300 54.80000
 8 1 21 15 23 33677.60000 5.60100000 1006.25000 143.56000 15.32300 55.12800
 8 1 21 15 23 33651.70000 5.60100000 1004.07000 143.10000 15.32300 55.12800
 8 1 21 15 24 33669.10000 5.59000000 1004.42000 142.84000 15.32300 55.01500
 8 1 21 15 24 33692.30000 5.59000000 1005.00000 142.71000 15.32300 55.01500
 8 1 21 15 24 33685.80000 5.59000000 1005.00000 142.81000 15.32300 55.01500
 8 1 21 15 25 33715.60000 5.59000000 1005.86000 143.01000 15.32300 55.01500
 8 1 21 15 25 33700.00000 5.59000000 1005.96000 142.93000 15.32300 55.01500
 8 1 21 15 26 33628.60000 5.59000000 1003.04000 142.63000 15.32300 55.01500
 8 1 21 15 26 33575.00000 5.63300000 1001.91000 142.22000 15.32300 55.01500
 8 1 21 15 27 33519.30000 5.59200000 997.84000 141.95000 15.32300 54.72000
 8 1 21 15 27 33409.30000 5.59000000 998.29000 141.37000 15.32300 54.63500
 8 1 21 15 27 33147.90000 5.58100000 990.00000 140.20000 15.32300 54.43000
 8 1 21 15 28 32846.50000 5.59600000 978.86000 139.11000 15.44200 53.81400
 8 1 21 15 28 33096.60000 5.56600000 983.14000 140.22000 15.30000 53.83500
 8 1 21 15 29 33067.00000 5.56600000 978.06000 140.04000 15.30000 53.83500
 8 1 21 15 29 33072.00000 5.55000000 981.29000 139.72000 15.39600 53.84000
 8 1 21 15 30 33160.00000 5.55000000 985.38000 140.59000 15.39600 53.97000
