M=[
 5 7 20 03 25 8106.50000 5.05000000 202.89000 37.24000 16.64900 45.74000
 5 7 20 03 25 8106.50000 5.05000000 202.89000 37.24000 16.64900 45.74000
 5 7 20 03 26 8106.50000 5.05000000 202.89000 37.24000 16.64900 45.81000
 5 7 20 03 26 8106.50000 5.05000000 202.89000 37.24000 16.64900 45.74000
 5 7 20 03 27 8106.50000 5.05000000 202.89000 37.24000 16.64900 45.74000
 5 7 20 03 27 8106.50000 5.05000000 202.89000 37.24000 16.64900 45.74000
 5 7 20 03 28 8106.50000 5.05000000 202.89000 37.24000 16.64900 45.74000
 5 7 20 03 28 8106.50000 5.05000000 202.90000 37.24000 16.64900 45.74000
 5 7 20 03 29 8106.50000 5.05000000 202.89000 37.24000 16.64900 45.74000
 5 7 20 03 29 8106.50000 5.05000000 202.89000 37.24000 16.64900 45.74000
 5 7 20 03 30 8106.50000 5.05000000 202.89000 37.24000 16.64900 45.74000
 5 7 20 03 30 8106.50000 5.05000000 202.74000 37.24000 16.64900 45.74000
 5 7 20 03 30 8106.50000 5.05000000 202.68000 37.24000 16.64900 45.71300
 5 7 20 03 31 8106.50000 5.05000000 202.68000 37.24000 16.64900 45.71300
 5 7 20 03 32 8106.60000 5.05000000 202.68000 37.24000 16.64900 45.71300
 5 7 20 03 32 8113.60000 5.05000000 202.98000 37.24000 16.64900 45.71300
 5 7 20 03 32 8113.60000 5.05000000 202.98000 37.24000 16.64900 45.74000
 5 7 20 03 33 8113.60000 5.05000000 202.98000 37.24000 16.64900 45.71300
 5 7 20 03 33 8113.20000 5.05000000 202.98000 37.24000 16.64900 45.71300
 5 7 20 03 34 8113.20000 5.05000000 202.98000 37.24000 16.64900 45.71300
 5 7 20 03 34 8113.20000 5.05000000 202.91000 37.24000 16.52100 45.71300
 5 7 20 03 35 8115.70000 5.05000000 202.99000 37.24000 16.52100 45.71300
 5 7 20 03 35 8115.20000 5.05000000 202.99000 37.24000 16.52100 45.71300
 5 7 20 03 36 8114.70000 5.05000000 203.01000 37.24000 16.52100 45.71300
 5 7 20 03 36 8114.70000 5.05000000 203.03000 37.24000 16.52100 45.71300
 5 7 20 03 37 8114.50000 5.05000000 203.03000 37.24000 16.52100 45.71300
 5 7 20 03 37 8114.50000 5.05000000 203.03000 37.24000 16.52100 45.71300
 5 7 20 03 38 8115.10000 5.05000000 203.03000 37.24000 16.52100 45.71300
 5 7 20 03 38 8115.50000 5.05000000 203.03000 37.24000 16.52100 45.71300
 5 7 20 03 39 8114.50000 5.05000000 203.03000 37.24000 16.52100 45.71300
 5 7 20 03 39 8114.50000 5.05000000 203.03000 37.24000 16.52100 45.71300
 5 7 20 03 40 8114.60000 5.05000000 203.03000 37.24000 16.52100 45.71300
 5 7 20 03 40 8114.60000 5.05000000 202.98000 37.24000 16.52100 45.71300
 5 7 20 03 40 8114.60000 5.05000000 202.98000 37.24000 16.52100 45.71300
 5 7 20 03 41 8114.60000 5.05000000 202.98000 37.24000 16.52100 45.71300
 5 7 20 03 41 8114.60000 5.05000000 202.98000 37.24000 16.52100 45.71300
 5 7 20 03 42 8114.50000 5.05000000 202.98000 37.24000 16.52100 45.71300
 5 7 20 03 42 8114.60000 5.05000000 202.98000 37.24000 16.52100 45.71300
 5 7 20 03 43 8114.60000 5.05000000 202.98000 37.24000 16.52100 45.71300
 5 7 20 03 43 8114.60000 5.05000000 202.98000 37.24000 16.52100 45.71300
 5 7 20 03 44 8114.50000 5.05000000 202.98000 37.24000 16.52100 45.71300
 5 7 20 03 44 8113.50000 5.05000000 202.98000 37.24000 16.52100 45.71300
 5 7 20 03 45 8113.60000 5.05000000 202.90000 37.24000 16.52100 45.71300
 5 7 20 03 45 8113.60000 5.05000000 202.90000 37.24000 16.52100 45.71300
 5 7 20 03 46 8113.60000 5.05000000 203.07000 37.24000 16.52100 45.71300
 5 7 20 03 46 8113.40000 5.05000000 203.07000 37.24000 16.52100 45.71300
 5 7 20 03 47 8115.60000 5.05000000 203.07000 37.24000 16.52100 45.71300
 5 7 20 03 47 8113.40000 5.05000000 203.07000 37.24000 16.52100 45.71300
 5 7 20 03 48 8117.50000 5.05000000 203.07000 37.24000 16.52100 45.71300
 5 7 20 03 48 8117.50000 5.05000000 203.07000 37.24000 16.52100 45.71300
 5 7 20 03 49 8116.30000 5.05000000 203.07000 37.24000 16.52100 45.71300
 5 7 20 03 49 8116.30000 5.05000000 203.07000 37.24000 16.52100 45.71300
 5 7 20 03 50 8116.20000 5.05000000 203.07000 37.24000 16.49700 45.71300
 5 7 20 03 50 8116.30000 5.05000000 203.07000 37.24000 16.50800 45.71300
 5 7 20 03 51 8116.30000 5.05000000 203.07000 37.24000 16.49700 45.71300
 5 7 20 03 51 8117.40000 5.05000000 203.07000 37.24000 16.49700 45.71300
 5 7 20 03 52 8117.50000 5.05000000 203.07000 37.24000 16.49700 45.71300
 5 7 20 03 52 8118.00000 5.05000000 203.07000 37.24000 16.49700 45.71300
 5 7 20 03 52 8118.00000 5.05000000 203.07000 37.24000 16.49700 45.71300
 5 7 20 03 53 8118.20000 5.05000000 203.07000 37.24000 16.50800 45.71300
 5 7 20 03 53 8117.90000 5.05000000 203.07000 37.24000 16.49700 45.71300
 5 7 20 03 54 8117.10000 5.05000000 203.20000 37.24000 16.49700 45.71300
 5 7 20 03 54 8117.10000 5.05000000 203.20000 37.24000 16.55200 45.71300
 5 7 20 03 55 8116.30000 5.05000000 203.20000 37.24000 16.55200 45.71300
 5 7 20 03 55 8116.30000 5.05000000 203.08000 37.24000 16.55200 45.71300
 5 7 20 03 56 8116.30000 5.05000000 203.08000 37.24000 16.55200 45.71300
 5 7 20 03 56 8116.20000 5.05000000 203.08000 37.24000 16.55200 45.71300
 5 7 20 03 57 8115.70000 5.05000000 203.08000 37.24000 16.55200 45.71300
 5 7 20 03 57 8115.70000 5.05000000 203.08000 37.24000 16.55200 45.71300
 5 7 20 03 58 8115.70000 5.05000000 203.08000 37.24000 16.55200 45.71300
 5 7 20 03 58 8116.70000 5.05000000 203.08000 37.24000 16.55200 45.71300
 5 7 20 03 59 8116.70000 5.05000000 203.08000 37.24000 16.55200 45.71300
 5 7 20 03 59 8117.90000 5.05000000 203.08000 37.24000 16.55200 45.71300
 5 7 20 04 00 8118.20000 5.05000000 203.08000 37.24000 16.55200 45.71300
 5 7 20 04 00 8117.60000 5.05000000 203.08000 37.24000 16.55200 45.71300
 5 7 20 04 01 8117.60000 5.05000000 203.08000 37.24000 16.55200 45.71300
 5 7 20 04 01 8115.80000 5.05000000 203.08000 37.24000 16.55200 45.71300
 5 7 20 04 02 8115.70000 5.05000000 203.07000 37.24000 16.55200 45.71300
 5 7 20 04 02 8115.70000 5.05000000 203.07000 37.24000 16.55200 45.71300
 5 7 20 04 02 8114.20000 5.05000000 203.07000 37.24000 16.55200 45.71300
 5 7 20 04 03 8115.60000 5.05000000 203.07000 37.24000 16.55200 45.71300
 5 7 20 04 03 8115.60000 5.05000000 203.07000 37.24000 16.55200 45.71300
 5 7 20 04 04 8116.90000 5.05000000 203.07000 37.24000 16.55200 45.71300
 5 7 20 04 04 8116.90000 5.05000000 203.10000 37.24000 16.55200 45.71300
 5 7 20 04 05 8116.90000 5.05000000 203.09000 37.24000 16.55200 45.71300
 5 7 20 04 05 8116.20000 5.05000000 203.09000 37.24000 16.55200 45.71300
 5 7 20 04 06 8115.50000 5.05000000 203.09000 37.24000 16.55200 45.71300
 5 7 20 04 06 8116.30000 5.05000000 203.13000 37.24000 16.55200 45.71300
 5 7 20 04 07 8116.30000 5.05000000 203.13000 37.24000 16.55200 45.71300
 5 7 20 04 07 8115.70000 5.05000000 203.13000 37.24000 16.55200 45.71300
 5 7 20 04 08 8115.50000 5.05000000 203.13000 37.24000 16.55200 45.71300
 5 7 20 04 08 8116.30000 5.05000000 203.12000 37.24000 16.55200 45.71300
 5 7 20 04 09 8116.30000 5.05000000 203.12000 37.24000 16.55200 45.71300
 5 7 20 04 09 8116.30000 5.05000000 203.12000 37.24000 16.55200 45.71300
 5 7 20 04 09 8116.30000 5.05000000 203.12000 37.24000 16.55200 45.71300
 5 7 20 04 10 8116.30000 5.05000000 203.12000 37.24000 16.55200 45.71300
 5 7 20 04 10 8116.30000 5.05000000 203.12000 37.24000 16.55200 45.71300
 5 7 20 04 11 8116.30000 5.05000000 203.12000 37.24000 16.55200 45.71300
 5 7 20 04 11 8116.30000 5.05000000 203.23000 37.24000 16.55200 45.71300
 5 7 20 04 12 8116.20000 5.05000000 203.23000 37.24000 16.55200 45.71300
 5 7 20 04 12 8116.10000 5.05000000 203.23000 37.24000 16.55200 45.71300
 5 7 20 04 13 8116.10000 5.05000000 203.23000 37.24000 16.55200 45.71300
 5 7 20 04 13 8116.10000 5.05000000 203.23000 37.24000 16.55200 45.71300
 5 7 20 04 14 8116.10000 5.05000000 203.23000 37.24000 16.55200 45.71300
 5 7 20 04 14 8115.60000 5.05000000 203.23000 37.24000 16.55200 45.71300
 5 7 20 04 15 8117.40000 5.05000000 203.23000 37.24000 16.55200 45.71300
 5 7 20 04 15 8117.10000 5.05000000 203.23000 37.24000 16.55200 45.71300
 5 7 20 04 16 8117.10000 5.05000000 203.23000 37.24000 16.55200 45.71300
 5 7 20 04 16 8115.80000 5.05000000 203.23000 37.24000 16.55200 45.71300
