M=[
 5 5 21 18 07 47900.00000 76.32900000 2843.09000 292.34000 36.65300 232.92200
 5 5 21 18 07 47900.00000 76.20200000 2846.69000 292.48000 36.65300 232.99100
 5 5 21 18 07 47938.70000 75.87300000 2845.43000 293.18000 36.65300 232.99100
 5 5 21 18 08 47901.80000 75.67200000 2843.41000 292.83000 36.56100 232.94600
 5 5 21 18 08 47856.50000 75.69600000 2844.04000 292.43000 36.56100 232.77000
 5 5 21 18 09 47856.50000 75.98700000 2844.55000 292.51000 36.56100 233.00000
 5 5 21 18 09 47865.90000 76.02700000 2848.30000 292.22000 36.56100 233.00000
 5 5 21 18 10 47883.90000 76.02100000 2848.86000 292.38000 36.56100 232.99000
 5 5 21 18 10 47884.80000 75.55600000 2846.75000 291.97000 36.56100 233.03700
 5 5 21 18 10 47846.90000 76.03100000 2845.38000 291.88000 36.56100 233.16000
 5 5 21 18 11 47847.00000 76.03100000 2844.05000 291.80000 36.56100 233.01800
 5 5 21 18 11 47837.60000 76.47100000 2844.05000 291.70000 36.56100 232.93100
 5 5 21 18 12 47847.00000 76.86100000 2845.00000 291.95000 36.56100 233.07900
 5 5 21 18 12 47847.00000 76.65800000 2846.77000 291.72000 36.56100 233.07900
 5 5 21 18 13 47858.90000 77.12500000 2846.77000 291.70000 36.56100 233.07900
 5 5 21 18 13 47858.90000 77.71600000 2847.41000 291.70000 36.56100 232.95700
 5 5 21 18 13 47830.00000 77.76100000 2847.41000 291.59000 36.71400 232.95700
 5 5 21 18 14 47827.50000 78.29900000 2848.01000 292.17000 36.71400 233.08100
 5 5 21 18 14 47885.50000 78.88600000 2848.45000 292.56000 36.89000 233.08100
 5 5 21 18 15 47885.40000 78.32100000 2848.24000 292.17000 36.89000 233.08100
 5 5 21 18 15 47885.50000 77.99300000 2846.95000 292.30000 36.88200 233.08100
 5 5 21 18 16 47876.40000 78.01800000 2847.09000 292.02000 36.88200 233.08100
 5 5 21 18 16 47879.80000 78.68500000 2847.66000 291.83000 36.88200 233.08100
 5 5 21 18 16 47866.10000 78.90000000 2847.66000 291.66000 36.88200 233.08100
 5 5 21 18 17 47808.20000 79.19300000 2844.23000 291.66000 36.88200 232.87600
 5 5 21 18 17 47789.60000 79.04100000 2843.82000 291.30000 36.88200 232.87600
 5 5 21 18 18 47783.50000 79.67900000 2843.41000 291.46000 36.66100 232.69100
 5 5 21 18 18 47798.90000 79.99000000 2844.18000 291.85000 36.66100 232.95700
 5 5 21 18 19 47794.20000 79.86100000 2843.50000 292.23000 36.66100 232.95700
 5 5 21 18 19 47794.30000 79.21100000 2843.43000 292.10000 36.66100 232.95700
 5 5 21 18 19 47773.30000 79.80800000 2835.50000 292.23000 36.66100 232.77800
 5 5 21 18 20 47768.50000 79.39900000 2837.33000 291.55000 36.66100 232.37300
 5 5 21 18 20 47761.40000 78.87600000 2834.34000 291.41000 36.66100 232.37300
 5 5 21 18 21 47761.40000 78.63500000 2834.90000 291.29000 36.66100 232.37300
 5 5 21 18 21 47795.60000 79.05500000 2839.60000 291.78000 36.66100 232.17300
 5 5 21 18 22 47796.40000 78.76000000 2839.55000 291.78000 36.66100 232.17300
 5 5 21 18 22 47799.90000 78.95400000 2842.00000 292.05000 36.66100 232.17300
 5 5 21 18 22 47808.00000 77.88600000 2840.91000 292.05000 36.66100 232.63900
 5 5 21 18 23 47808.00000 77.96100000 2840.19000 291.56000 36.66100 232.63900
 5 5 21 18 23 47808.00000 77.17000000 2839.55000 291.43000 36.66100 232.63900
 5 5 21 18 24 47794.60000 77.00000000 2840.62000 291.43000 36.66100 232.63900
 5 5 21 18 24 47774.40000 76.87300000 2841.03000 291.50000 36.66100 232.63900
 5 5 21 18 25 47774.30000 77.16500000 2841.02000 290.98000 36.66100 232.63900
 5 5 21 18 25 47774.40000 77.93200000 2841.95000 290.98000 36.66100 232.63900
 5 5 21 18 25 47807.50000 77.35900000 2843.60000 291.56000 36.66100 233.14200
 5 5 21 18 26 47805.10000 77.98500000 2841.95000 291.48000 36.76800 233.49400
 5 5 21 18 26 47805.10000 78.08200000 2841.95000 291.61000 36.76800 233.49400
 5 5 21 18 27 47805.10000 77.69700000 2841.96000 291.76000 36.77400 233.49400
 5 5 21 18 27 47833.40000 77.89600000 2845.00000 292.51000 36.77400 233.49400
 5 5 21 18 28 47833.40000 77.69300000 2844.99000 292.14000 36.77400 234.21600
 5 5 21 18 28 47797.90000 77.79200000 2844.99000 291.66000 36.77400 234.16100
 5 5 21 18 28 47777.00000 77.98200000 2842.68000 291.42000 36.77400 234.20200
 5 5 21 18 29 47801.10000 78.26200000 2844.40000 291.80000 36.77400 234.20200
 5 5 21 18 29 47771.70000 78.50000000 2843.17000 291.50000 36.77400 234.20200
 5 5 21 18 30 47807.10000 78.55900000 2847.00000 292.00000 36.77400 234.13700
 5 5 21 18 30 47812.10000 78.56400000 2847.95000 292.31000 36.90000 234.13700
 5 5 21 18 31 47835.50000 78.70100000 2849.81000 292.60000 36.90000 234.13700
 5 5 21 18 31 47848.40000 79.21000000 2850.00000 292.81000 36.90000 234.13700
 5 5 21 18 31 47848.30000 79.25000000 2850.00000 292.89000 36.90000 234.13700
 5 5 21 18 32 47795.50000 79.88700000 2846.12000 292.56000 36.94300 234.01500
 5 5 21 18 32 47793.70000 80.20200000 2845.80000 292.56000 36.94300 234.01500
 5 5 21 18 33 47795.40000 80.91500000 2844.74000 292.35000 36.94300 234.01500
 5 5 21 18 33 47794.60000 81.44500000 2846.22000 292.64000 36.94300 233.79400
 5 5 21 18 34 47795.40000 81.46700000 2846.36000 293.00000 36.94300 233.79400
 5 5 21 18 34 47795.40000 81.25400000 2843.13000 293.04000 36.94200 234.01500
 5 5 21 18 34 47766.80000 81.15000000 2841.68000 292.61000 37.00000 234.01500
 5 5 21 18 35 47766.80000 79.79800000 2840.00000 292.57000 37.00000 234.01500
 5 5 21 18 35 47766.90000 80.76100000 2839.99000 292.53000 37.00000 234.01500
 5 5 21 18 36 47766.90000 81.20000000 2840.00000 292.67000 37.00000 232.93100
 5 5 21 18 36 47791.80000 81.00100000 2847.36000 293.04000 37.00000 232.93100
 5 5 21 18 37 47797.60000 81.25700000 2846.47000 293.20000 37.00000 232.93100
 5 5 21 18 37 47797.70000 81.55800000 2848.00000 293.23000 37.00000 232.93100
 5 5 21 18 37 47800.00000 82.87700000 2848.00000 294.09000 37.00000 232.93100
 5 5 21 18 38 47879.80000 82.10200000 2849.37000 295.00000 37.00000 232.93100
 5 5 21 18 38 47880.00000 82.09500000 2849.38000 294.47000 37.00000 232.93100
 5 5 21 18 39 47880.00000 82.39900000 2849.37000 294.90000 37.00000 232.93100
 5 5 21 18 39 47880.00000 82.66600000 2848.93000 294.73000 37.00000 234.62300
 5 5 21 18 40 47863.20000 82.98700000 2846.39000 294.30000 36.91500 234.62300
 5 5 21 18 40 47821.90000 82.51400000 2842.51000 293.79000 36.81500 234.36800
 5 5 21 18 40 47802.90000 82.36500000 2841.48000 293.50000 36.81500 234.36800
 5 5 21 18 41 47823.60000 82.51500000 2844.27000 294.55000 36.91600 234.36800
 5 5 21 18 41 47823.80000 83.29600000 2843.14000 294.72000 36.99700 233.75700
 5 5 21 18 42 47807.80000 83.05900000 2843.98000 294.12000 36.99700 234.52400
 5 5 21 18 42 47840.10000 83.21900000 2843.62000 294.00000 36.99700 234.68900
 5 5 21 18 43 47812.60000 83.12600000 2844.21000 294.00000 36.99700 234.68900
 5 5 21 18 43 47794.80000 83.19900000 2841.98000 292.78000 36.99700 234.13700
 5 5 21 18 43 47757.00000 83.11700000 2842.00000 292.53000 36.99700 234.13700
 5 5 21 18 44 47679.40000 83.29400000 2837.00000 291.92000 36.99700 233.50000
 5 5 21 18 44 47652.50000 83.24900000 2837.00000 291.51000 36.99700 233.02000
 5 5 21 18 45 47632.90000 82.78300000 2837.63000 291.78000 36.99700 233.28800
 5 5 21 18 45 47669.20000 81.98400000 2842.55000 291.99000 36.99700 233.28800
 5 5 21 18 46 47680.00000 81.79500000 2846.95000 292.51000 36.99700 233.28800
 5 5 21 18 46 47671.90000 81.43200000 2846.07000 292.40000 36.99700 233.26100
 5 5 21 18 46 47665.60000 81.87700000 2844.14000 292.61000 37.00000 233.66300
 5 5 21 18 47 47706.20000 82.00000000 2845.83000 293.20000 37.00000 233.66300
 5 5 21 18 47 47712.90000 81.51800000 2846.35000 293.20000 37.00000 233.66300
 5 5 21 18 48 47747.20000 81.51700000 2846.96000 293.34000 36.96600 235.29500
 5 5 21 18 48 47747.50000 82.00000000 2849.20000 293.50000 36.96600 235.47500
 5 5 21 18 49 47745.80000 82.16100000 2849.20000 292.81000 36.96600 235.81200
 5 5 21 18 49 47752.60000 82.17000000 2849.37000 293.33000 36.96600 235.81200
 5 5 21 18 49 47762.30000 82.78000000 2849.36000 293.41000 37.00000 236.07200
 5 5 21 18 50 47762.10000 82.89300000 2849.20000 293.49000 37.00000 236.42000
