M=[
 2 12 20 20 59 15808.10000 5.17500000 493.52000 72.23000 13.81400 62.82000
 2 12 20 20 59 15796.80000 5.17500000 493.22000 72.23000 13.81400 62.82000
 2 12 20 21 00 15796.80000 5.17500000 493.23000 72.23000 13.81400 62.82000
 2 12 20 21 00 15796.00000 5.17500000 493.49000 72.23000 13.81400 62.82000
 2 12 20 21 00 15801.70000 5.15500000 493.49000 72.17000 13.81400 62.82000
 2 12 20 21 01 15794.60000 5.15500000 493.40000 72.17000 13.81400 62.82000
 2 12 20 21 01 15793.40000 5.15500000 493.46000 72.17000 13.81400 62.82000
 2 12 20 21 02 15799.00000 5.15500000 493.65000 72.17000 13.81400 62.82000
 2 12 20 21 02 15804.50000 5.17700000 493.65000 72.17000 13.81300 62.91100
 2 12 20 21 03 15801.80000 5.18100000 493.64000 72.17000 13.81300 62.91100
 2 12 20 21 03 15810.30000 5.18100000 493.75000 72.17000 13.81300 62.91100
 2 12 20 21 04 15815.00000 5.18100000 493.86000 72.18000 13.81400 62.91100
 2 12 20 21 04 15813.90000 5.18200000 493.88000 72.18000 13.81400 62.91100
 2 12 20 21 04 15814.90000 5.18200000 493.87000 72.18000 13.81400 62.91100
 2 12 20 21 05 15808.50000 5.18200000 493.88000 72.18000 13.81400 62.85800
 2 12 20 21 05 15821.70000 5.18200000 493.88000 72.21000 13.81400 62.85800
 2 12 20 21 06 15821.70000 5.18200000 494.09000 72.28000 13.81400 62.91500
 2 12 20 21 06 15830.60000 5.18200000 494.27000 72.32000 13.81400 62.91500
 2 12 20 21 07 15828.60000 5.18200000 494.42000 72.29000 13.81400 62.91500
 2 12 20 21 07 15825.80000 5.18200000 494.43000 72.29000 13.81400 62.91500
 2 12 20 21 08 15838.50000 5.18200000 494.55000 72.29000 13.81400 62.91500
 2 12 20 21 08 15826.30000 5.18200000 494.81000 72.29000 13.81400 62.91500
 2 12 20 21 08 15823.60000 5.18200000 494.81000 72.29000 13.81400 62.91500
 2 12 20 21 09 15823.80000 5.18200000 494.82000 72.33000 13.81400 62.91500
 2 12 20 21 09 15814.10000 5.18200000 494.30000 72.33000 13.81400 62.91500
 2 12 20 21 10 15816.20000 5.18200000 494.41000 72.33000 13.81400 62.91500
 2 12 20 21 10 15803.00000 5.18200000 494.41000 72.33000 13.81400 62.91500
 2 12 20 21 11 15800.10000 5.18200000 493.91000 72.33000 13.81400 62.91500
 2 12 20 21 11 15789.40000 5.18200000 493.23000 72.15000 13.81400 62.91500
 2 12 20 21 12 15789.30000 5.18200000 493.00000 72.15000 13.81400 62.91500
 2 12 20 21 12 15784.70000 5.18200000 492.68000 72.15000 13.81400 62.91500
 2 12 20 21 12 15782.60000 5.18200000 493.20000 72.15000 13.81400 62.91500
 2 12 20 21 13 15781.00000 5.18200000 492.54000 72.06000 13.81400 62.91500
 2 12 20 21 13 15772.00000 5.18200000 492.59000 71.96000 13.81400 62.91500
 2 12 20 21 14 15755.60000 5.18200000 492.40000 71.96000 13.81400 62.91500
 2 12 20 21 14 15771.50000 5.18200000 492.99000 71.97000 13.81400 62.91500
 2 12 20 21 15 15770.10000 5.18200000 493.04000 72.02000 13.81400 62.91500
 2 12 20 21 15 15768.10000 5.18200000 493.04000 71.97000 13.81400 62.91500
 2 12 20 21 16 15774.50000 5.18200000 493.10000 71.97000 13.81400 62.91500
 2 12 20 21 16 15771.10000 5.18200000 493.10000 71.97000 13.81400 62.91500
 2 12 20 21 16 15767.60000 5.18200000 493.08000 71.97000 13.81400 62.91500
 2 12 20 21 17 15769.90000 5.18200000 492.87000 71.97000 13.81400 62.91500
 2 12 20 21 17 15774.70000 5.18200000 492.87000 71.97000 13.81400 62.91500
 2 12 20 21 18 15778.90000 5.18200000 492.87000 71.97000 13.81400 62.91500
 2 12 20 21 18 15778.90000 5.18200000 492.87000 71.97000 13.81400 62.91500
 2 12 20 21 19 15778.90000 5.18200000 493.06000 71.97000 13.81400 62.91500
 2 12 20 21 19 15778.90000 5.18200000 493.29000 71.97000 13.81400 62.91500
 2 12 20 21 20 15769.90000 5.18200000 493.29000 71.96000 13.81400 62.91500
 2 12 20 21 20 15759.10000 5.18200000 492.87000 71.83000 13.81400 62.91500
 2 12 20 21 20 15757.90000 5.16700000 492.64000 71.71000 13.81400 62.91500
 2 12 20 21 21 15747.50000 5.16700000 492.64000 71.63000 13.81400 62.91500
 2 12 20 21 21 15747.50000 5.16700000 492.96000 71.63000 13.81400 62.91500
 2 12 20 21 22 15768.70000 5.16700000 492.76000 71.63000 13.81400 62.91500
 2 12 20 21 22 15757.00000 5.16700000 492.63000 71.80000 13.81400 62.91700
 2 12 20 21 23 15764.90000 5.16700000 493.15000 71.82000 13.72000 62.91700
 2 12 20 21 23 15768.30000 5.16700000 493.22000 71.82000 13.72000 62.91700
 2 12 20 21 24 15756.70000 5.16700000 493.22000 71.78000 13.72000 62.91700
 2 12 20 21 24 15754.40000 5.16700000 493.22000 71.78000 13.72000 62.91700
 2 12 20 21 25 15757.20000 5.16700000 493.22000 71.79000 13.72000 62.91700
 2 12 20 21 25 15750.10000 5.16700000 492.59000 71.79000 13.72000 62.91700
 2 12 20 21 25 15744.70000 5.15000000 492.20000 71.79000 13.72000 62.91700
 2 12 20 21 26 15750.40000 5.15000000 492.38000 71.79000 13.72000 62.91700
 2 12 20 21 26 15752.60000 5.15000000 492.37000 71.79000 13.72000 62.91700
 2 12 20 21 27 15752.80000 5.15000000 492.27000 71.79000 13.72000 62.91700
 2 12 20 21 27 15748.10000 5.15000000 492.27000 71.79000 13.72000 62.91700
 2 12 20 21 28 15750.00000 5.15000000 492.35000 71.64000 13.72000 62.91700
 2 12 20 21 28 15751.30000 5.15000000 492.20000 71.65000 13.72000 62.91700
 2 12 20 21 29 15741.80000 5.15000000 492.20000 71.62000 13.72000 62.91700
 2 12 20 21 29 15745.30000 5.15000000 492.02000 71.60000 13.72000 62.91700
 2 12 20 21 29 15744.70000 5.15000000 491.59000 71.57000 13.72000 62.91700
 2 12 20 21 30 15751.60000 5.15000000 491.82000 71.51000 13.72000 62.91700
 2 12 20 21 30 15744.80000 5.15000000 491.93000 71.53000 13.83100 62.91700
 2 12 20 21 31 15752.40000 5.15000000 491.77000 71.50000 13.83100 62.79800
 2 12 20 21 31 15752.90000 5.15000000 492.07000 71.52000 13.83100 62.79800
 2 12 20 21 32 15752.80000 5.15000000 492.02000 71.52000 13.83100 62.79800
 2 12 20 21 32 15752.90000 5.15000000 492.60000 71.52000 13.83100 62.79800
 2 12 20 21 33 15752.90000 5.15000000 492.61000 71.52000 13.83100 62.79800
 2 12 20 21 33 15752.90000 5.15000000 492.61000 71.52000 13.83100 62.79800
 2 12 20 21 33 15752.90000 5.15000000 492.62000 71.52000 13.83100 62.79800
 2 12 20 21 34 15752.90000 5.15000000 492.64000 71.52000 13.83100 62.79800
 2 12 20 21 34 15752.90000 5.15000000 492.64000 71.62000 13.83100 62.79800
 2 12 20 21 35 15752.90000 5.15000000 492.22000 71.62000 13.83100 62.79800
 2 12 20 21 35 15752.90000 5.15000000 492.22000 71.62000 13.77300 62.79800
 2 12 20 21 36 15752.90000 5.15000000 491.96000 71.60000 13.77300 62.79800
 2 12 20 21 36 15750.00000 5.15000000 492.10000 71.60000 13.77300 62.79800
 2 12 20 21 37 15750.00000 5.15000000 492.23000 71.60000 13.64500 62.79800
 2 12 20 21 37 15752.90000 5.15000000 492.68000 71.60000 13.64500 62.79800
 2 12 20 21 37 15752.90000 5.15000000 492.68000 71.60000 13.64500 62.79800
 2 12 20 21 38 15752.80000 5.15000000 492.68000 71.60000 13.64500 62.79800
 2 12 20 21 38 15752.80000 5.15000000 492.68000 71.60000 13.64500 62.73100
 2 12 20 21 39 15752.90000 5.15000000 492.68000 71.59000 13.64500 62.73100
 2 12 20 21 39 15752.90000 5.15000000 492.63000 71.58000 13.64500 62.73100
 2 12 20 21 40 15768.80000 5.15000000 492.76000 71.58000 13.64500 62.73100
 2 12 20 21 40 15771.70000 5.15000000 492.76000 71.60000 13.83900 62.73100
 2 12 20 21 41 15772.00000 5.15000000 492.80000 71.63000 13.83900 62.73100
 2 12 20 21 41 15763.60000 5.15000000 492.82000 71.56000 13.83900 62.73100
 2 12 20 21 41 15765.00000 5.15000000 492.81000 71.60000 13.87300 62.73100
 2 12 20 21 42 15761.50000 5.15000000 492.81000 71.57000 13.87300 62.73100
 2 12 20 21 42 15759.50000 5.15000000 492.65000 71.57000 13.88900 62.73100
 2 12 20 21 43 15760.60000 5.15000000 492.58000 71.55000 13.88900 62.73100
 2 12 20 21 43 15756.50000 5.15000000 492.70000 71.55000 13.88900 62.73100
 2 12 20 21 44 15761.40000 5.15000000 492.70000 71.55000 13.88900 62.73100
 2 12 20 21 44 15752.80000 5.15000000 492.70000 71.55000 13.88900 62.73100
 2 12 20 21 45 15750.10000 5.15000000 492.42000 71.55000 13.88900 62.73100
 2 12 20 21 45 15751.70000 5.15000000 492.33000 71.55000 13.88900 62.73100
 2 12 20 21 46 15752.90000 5.15000000 492.33000 71.55000 13.88900 62.73100
