M=[
21 11 20 13 50 15859.90000 5.26500000 440.44000 70.42000 13.60000 57.37000
21 11 20 13 51 15856.70000 5.26500000 440.60000 70.42000 13.60000 57.37000
21 11 20 13 51 15853.30000 5.26500000 440.23000 70.61000 13.60000 57.37000
21 11 20 13 52 15853.30000 5.26500000 440.60000 70.61000 13.60000 57.37000
21 11 20 13 52 15849.30000 5.29700000 440.57000 70.58000 13.60000 57.37000
21 11 20 13 52 15849.10000 5.25200000 440.25000 70.56000 13.60000 57.37000
21 11 20 13 53 15853.20000 5.26200000 440.57000 70.57000 13.60000 57.37000
21 11 20 13 53 15853.20000 5.26200000 440.74000 70.70000 13.60000 57.37000
21 11 20 13 54 15853.20000 5.26200000 440.75000 70.81000 13.60000 57.37000
21 11 20 13 54 15853.30000 5.26200000 440.70000 70.79000 13.60000 57.50000
21 11 20 13 54 15853.80000 5.26200000 441.00000 70.88000 13.60000 57.50000
21 11 20 13 55 15854.90000 5.26200000 440.99000 70.90000 13.60000 57.50600
21 11 20 13 55 15854.90000 5.26200000 441.00000 70.95000 13.60000 57.50600
21 11 20 13 56 15860.00000 5.26200000 441.94000 70.94000 13.60000 57.66900
21 11 20 13 56 15860.00000 5.26200000 441.55000 70.99000 13.60000 57.66900
21 11 20 13 57 15860.00000 5.26200000 441.38000 70.87000 13.60000 57.66900
21 11 20 13 57 15860.00000 5.26200000 441.65000 70.94000 13.60000 57.66900
21 11 20 13 57 15864.40000 5.26200000 441.48000 70.98000 13.60000 57.66900
21 11 20 13 58 15860.00000 5.26200000 441.52000 70.98000 13.60000 57.74700
21 11 20 13 58 15855.90000 5.26200000 441.33000 70.94000 13.60000 57.74700
21 11 20 13 59 15864.30000 5.26200000 441.44000 71.00000 13.60000 57.74700
21 11 20 13 59 15864.30000 5.26200000 441.43000 71.00000 13.60000 57.61000
21 11 20 14 00 15871.70000 5.25200000 441.43000 71.06000 13.60000 57.57800
21 11 20 14 00 15864.10000 5.23900000 441.56000 71.06000 13.60000 57.75400
21 11 20 14 00 15861.40000 5.23900000 441.53000 71.02000 13.60000 57.75400
21 11 20 14 01 15831.60000 5.23900000 441.00000 70.98000 13.60000 57.80000
21 11 20 14 01 15841.30000 5.23900000 440.64000 70.86000 13.60000 57.65700
21 11 20 14 02 15840.80000 5.23600000 440.47000 70.71000 13.60000 57.65700
21 11 20 14 02 15836.40000 5.23600000 439.95000 70.70000 13.60000 57.65700
21 11 20 14 03 15832.30000 5.23600000 440.20000 70.84000 13.60000 57.65700
21 11 20 14 03 15810.00000 5.23600000 440.19000 70.64000 13.60000 57.50300
21 11 20 14 03 15808.50000 5.23600000 440.00000 70.64000 13.60000 57.38100
21 11 20 14 04 15803.80000 5.23600000 440.00000 70.69000 13.60000 57.38100
21 11 20 14 04 15804.00000 5.23200000 440.00000 70.56000 13.60000 57.34300
21 11 20 14 05 15818.40000 5.23200000 439.96000 70.61000 13.60000 57.34300
21 11 20 14 05 15814.90000 5.23200000 440.06000 70.61000 13.60000 57.34300
21 11 20 14 06 15836.50000 5.25000000 440.59000 70.71000 13.60000 57.34300
21 11 20 14 06 15818.50000 5.25000000 440.30000 70.71000 13.60000 57.34300
21 11 20 14 06 15820.90000 5.25000000 440.66000 70.71000 13.60000 57.34300
21 11 20 14 07 15812.40000 5.25000000 440.39000 70.71000 13.60000 57.34300
21 11 20 14 07 15823.30000 5.25000000 440.39000 70.64000 13.60000 57.45400
21 11 20 14 08 15818.80000 5.25000000 440.63000 70.67000 13.60000 57.45400
21 11 20 14 08 15828.20000 5.25000000 441.16000 70.70000 13.60000 57.45400
21 11 20 14 09 15830.00000 5.25000000 441.34000 70.77000 13.60000 57.45400
21 11 20 14 09 15835.90000 5.23800000 441.49000 70.77000 13.60000 57.45400
21 11 20 14 09 15835.90000 5.23800000 441.55000 70.91000 13.60000 57.45400
21 11 20 14 10 15823.00000 5.23800000 441.34000 70.75000 13.60000 57.80000
21 11 20 14 10 15823.00000 5.23800000 441.35000 70.75000 13.60000 57.80000
21 11 20 14 11 15823.00000 5.23800000 441.22000 70.75000 13.60000 57.89000
21 11 20 14 11 15822.90000 5.23800000 441.41000 70.75000 13.60000 58.05500
21 11 20 14 12 15825.50000 5.23800000 441.56000 70.84000 13.60000 58.14100
21 11 20 14 12 15826.40000 5.23800000 442.59000 70.86000 13.60000 58.20000
21 11 20 14 12 15832.80000 5.23800000 442.76000 71.13000 13.60000 58.21600
21 11 20 14 13 15836.00000 5.23800000 442.70000 71.17000 13.60000 58.21600
21 11 20 14 13 15839.50000 5.28900000 442.75000 71.21000 13.60000 58.21600
21 11 20 14 14 15834.80000 5.28900000 442.63000 71.06000 13.60000 58.11900
21 11 20 14 14 15838.90000 5.28900000 442.66000 71.23000 13.60000 58.11900
21 11 20 14 15 15831.30000 5.28900000 442.60000 71.08000 13.60000 58.11900
21 11 20 14 15 15820.10000 5.28900000 441.40000 70.90000 13.60000 58.11800
21 11 20 14 16 15824.10000 5.28900000 442.08000 71.05000 13.59000 58.11800
21 11 20 14 16 15832.20000 5.28900000 442.50000 71.08000 13.59000 58.11800
21 11 20 14 16 15826.80000 5.28900000 442.74000 71.18000 13.59000 58.11800
21 11 20 14 17 15818.40000 5.28900000 442.83000 71.06000 13.59000 58.11800
21 11 20 14 17 15816.70000 5.28900000 443.00000 71.06000 13.59000 58.11800
21 11 20 14 18 15818.60000 5.28900000 443.00000 71.08000 13.59000 58.11800
21 11 20 14 18 15814.30000 5.27900000 443.21000 71.20000 13.59000 58.11800
21 11 20 14 19 15814.30000 5.27900000 443.12000 71.07000 13.59000 58.11800
21 11 20 14 19 15817.60000 5.27800000 443.74000 71.19000 13.59000 58.15000
21 11 20 14 19 15818.50000 5.27800000 443.56000 71.27000 13.59000 58.15000
21 11 20 14 20 15810.80000 5.27800000 443.08000 71.33000 13.59000 57.99400
21 11 20 14 20 15800.30000 5.30000000 442.54000 71.75000 13.59000 57.99400
21 11 20 14 21 15795.10000 5.30000000 442.54000 71.38000 13.59000 57.99400
21 11 20 14 21 15791.20000 5.29900000 442.50000 71.22000 13.59000 57.99400
21 11 20 14 22 15771.00000 5.29900000 441.66000 71.12000 13.59000 57.99400
21 11 20 14 22 15754.00000 5.29900000 440.66000 70.91000 13.59000 57.99400
21 11 20 14 22 15769.90000 5.27900000 441.11000 70.71000 13.59000 57.99400
21 11 20 14 23 15766.40000 5.27900000 441.63000 70.78000 13.60000 57.75900
21 11 20 14 23 15778.00000 5.27700000 442.18000 70.99000 13.60000 57.75900
21 11 20 14 24 15775.10000 5.27700000 442.35000 71.09000 13.60000 57.66700
21 11 20 14 24 15779.30000 5.27700000 442.25000 70.94000 13.60000 57.66700
21 11 20 14 25 15776.80000 5.27700000 442.39000 70.95000 13.60000 57.66700
21 11 20 14 25 15776.20000 5.25600000 442.10000 70.90000 13.60000 57.66700
21 11 20 14 25 15768.40000 5.25600000 441.01000 70.80000 13.60000 57.66700
21 11 20 14 26 15736.90000 5.25600000 440.86000 70.80000 13.60000 57.66700
21 11 20 14 26 15757.50000 5.25600000 441.35000 70.83000 13.60000 57.66700
21 11 20 14 27 15752.20000 5.25600000 441.57000 70.83000 13.60000 57.66700
21 11 20 14 27 15756.20000 5.25600000 441.61000 70.85000 13.60000 57.66700
21 11 20 14 28 15768.90000 5.25600000 441.75000 70.88000 13.60000 57.66700
21 11 20 14 28 15768.60000 5.25600000 442.09000 70.93000 13.60000 57.66700
21 11 20 14 28 15766.70000 5.25600000 441.92000 70.94000 13.60000 57.66700
21 11 20 14 29 15766.40000 5.25600000 441.95000 70.92000 13.60000 57.66700
21 11 20 14 29 15766.50000 5.25600000 441.08000 70.92000 13.60000 57.66700
21 11 20 14 30 15776.00000 5.25600000 441.97000 70.95000 13.60000 57.66700
21 11 20 14 30 15770.80000 5.25600000 442.00000 70.98000 13.59000 57.66700
21 11 20 14 31 15770.60000 5.25600000 442.01000 70.98000 13.59000 57.66700
21 11 20 14 31 15762.10000 5.27600000 442.00000 71.04000 13.59000 57.66700
21 11 20 14 31 15759.90000 5.27900000 441.39000 71.03000 13.59000 57.66700
21 11 20 14 32 15753.00000 5.25400000 441.18000 70.83000 13.59000 57.34300
21 11 20 14 32 15766.80000 5.25400000 441.18000 70.92000 13.59000 57.34300
21 11 20 14 33 15769.70000 5.27100000 442.05000 71.04000 13.59000 57.34300
21 11 20 14 33 15775.00000 5.27100000 442.33000 71.13000 13.59000 57.34300
21 11 20 14 34 15776.20000 5.27100000 442.17000 71.08000 13.59000 57.64800
21 11 20 14 34 15784.90000 5.27800000 442.02000 71.11000 13.59000 57.44600
21 11 20 14 34 15779.60000 5.27800000 442.01000 71.11000 13.59000 57.44600
21 11 20 14 35 15790.40000 5.27800000 442.14000 71.06000 13.59000 57.44600
21 11 20 14 35 15790.50000 5.27800000 441.97000 71.13000 13.59000 57.44600
