M=[
13 2 21 11 29 38702.60000 10.12800000 1482.84000 163.22000 23.90700 127.08100
13 2 21 11 30 38669.50000 10.14500000 1481.00000 163.02000 23.90700 126.48500
13 2 21 11 30 38800.00000 10.12500000 1485.96000 164.07000 23.90700 126.75900
13 2 21 11 31 38801.90000 10.14600000 1486.64000 163.78000 23.90700 126.75900
13 2 21 11 31 38815.90000 10.14700000 1486.23000 163.99000 23.90700 126.75900
13 2 21 11 32 38843.50000 10.15000000 1486.85000 164.24000 23.90800 127.65300
13 2 21 11 32 38871.80000 10.15400000 1486.75000 164.61000 23.90800 127.64100
13 2 21 11 32 38881.00000 10.11600000 1487.29000 164.58000 23.90800 128.10700
13 2 21 11 33 38887.60000 10.16100000 1487.00000 164.75000 23.90800 128.31300
13 2 21 11 33 38877.70000 10.16100000 1487.00000 164.75000 23.90800 127.95100
13 2 21 11 34 38850.70000 10.16100000 1486.99000 164.04000 23.90800 127.80400
13 2 21 11 34 38850.00000 10.16100000 1487.00000 164.58000 23.90800 128.35300
13 2 21 11 34 38850.00000 10.16100000 1487.00000 164.79000 23.90800 128.38600
13 2 21 11 35 38849.90000 10.16100000 1487.84000 164.62000 23.80700 128.44300
13 2 21 11 35 38803.50000 10.16600000 1486.22000 164.52000 23.90800 128.38600
13 2 21 11 36 38835.20000 10.16600000 1487.52000 164.52000 23.90800 128.40800
13 2 21 11 36 38811.60000 10.16600000 1487.44000 164.18000 24.00000 128.40800
13 2 21 11 37 38811.10000 10.16700000 1487.00000 164.23000 23.99900 128.40800
13 2 21 11 37 38800.00000 10.21700000 1487.00000 164.60000 23.99900 128.00000
13 2 21 11 37 38800.00000 10.22300000 1487.00000 164.57000 23.99900 128.00000
13 2 21 11 38 38818.10000 10.22300000 1487.19000 164.54000 23.99900 128.00000
13 2 21 11 38 38837.60000 10.22300000 1487.65000 164.75000 24.00000 128.22800
13 2 21 11 39 38850.00000 10.22300000 1487.53000 164.75000 24.00000 127.93500
13 2 21 11 39 38824.90000 10.21100000 1486.17000 164.63000 24.10100 127.93500
13 2 21 11 40 38824.30000 10.21100000 1485.30000 164.63000 23.94000 127.59600
13 2 21 11 40 38808.00000 10.21200000 1485.61000 164.62000 23.94000 127.59600
13 2 21 11 40 38800.10000 10.21200000 1485.79000 164.35000 23.94000 127.59600
13 2 21 11 41 38811.80000 10.21200000 1486.04000 164.56000 23.94000 127.66600
13 2 21 11 41 38800.20000 10.18000000 1486.06000 164.26000 23.94000 127.57200
13 2 21 11 42 38784.40000 10.18000000 1485.00000 163.59000 23.90900 127.00000
13 2 21 11 42 38751.30000 10.18000000 1483.78000 163.44000 23.90900 127.00000
13 2 21 11 43 38745.20000 10.12800000 1482.47000 163.09000 23.90900 126.14000
13 2 21 11 43 38669.40000 10.12800000 1479.15000 162.27000 23.90900 125.63700
13 2 21 11 43 38691.00000 10.05400000 1479.53000 162.44000 23.90900 125.79600
13 2 21 11 44 38728.00000 10.14700000 1482.61000 163.18000 23.90900 126.30900
13 2 21 11 44 38707.00000 10.13400000 1480.92000 163.28000 23.90900 126.09900
13 2 21 11 45 38737.80000 10.13400000 1483.40000 163.51000 23.90900 126.41700
13 2 21 11 45 38700.10000 10.14400000 1482.02000 163.51000 23.90900 126.40000
13 2 21 11 46 38665.00000 10.14400000 1481.00000 162.62000 23.90900 126.40000
13 2 21 11 46 38556.50000 10.05600000 1477.91000 161.40000 23.90900 125.33600
13 2 21 11 46 38545.40000 10.04700000 1477.61000 161.74000 23.90900 125.29600
13 2 21 11 47 38573.10000 10.04700000 1478.26000 161.62000 23.90900 125.39300
13 2 21 11 47 38594.00000 10.03300000 1477.56000 161.52000 23.90900 125.39300
13 2 21 11 48 38589.90000 10.03300000 1476.76000 161.53000 23.90900 125.62600
13 2 21 11 48 38505.50000 10.03300000 1474.01000 160.74000 23.90900 124.73400
13 2 21 11 49 38466.00000 10.01700000 1472.27000 160.78000 23.90900 124.27400
13 2 21 11 49 38465.90000 9.97700000 1472.04000 160.69000 24.02500 124.27400
13 2 21 11 49 38480.00000 9.97700000 1472.53000 160.94000 23.82200 124.27400
13 2 21 11 50 38436.30000 9.97700000 1465.92000 160.48000 23.82200 123.99900
13 2 21 11 50 38455.10000 9.97700000 1467.77000 160.50000 23.82200 124.02200
13 2 21 11 51 38445.20000 9.96400000 1469.14000 160.58000 23.82200 124.18900
13 2 21 11 51 38412.60000 9.96500000 1465.57000 160.12000 23.82200 124.18900
13 2 21 11 52 38503.20000 9.99900000 1472.76000 161.23000 23.82200 124.34700
13 2 21 11 52 38451.70000 9.96500000 1468.56000 160.40000 23.82200 124.21700
13 2 21 11 52 38488.10000 10.00000000 1468.74000 160.78000 23.82200 124.19900
13 2 21 11 53 38465.60000 10.00000000 1467.76000 160.29000 23.80600 124.19900
13 2 21 11 53 38451.60000 10.00000000 1468.14000 160.17000 23.80600 124.20000
13 2 21 11 54 38453.60000 10.00000000 1467.12000 160.35000 23.80600 124.16600
13 2 21 11 54 38455.00000 10.00000000 1468.66000 160.77000 23.80600 124.16600
13 2 21 11 55 38510.00000 10.02500000 1472.89000 161.44000 23.80600 125.50000
13 2 21 11 55 38505.00000 10.02500000 1470.66000 161.29000 23.80600 125.44400
13 2 21 11 55 38491.20000 10.01900000 1470.23000 161.31000 23.90200 125.59300
13 2 21 11 56 38462.40000 10.01900000 1467.38000 160.84000 23.90200 125.59300
13 2 21 11 56 38462.80000 10.01600000 1467.89000 160.93000 23.90200 125.53600
13 2 21 11 57 38505.90000 10.01600000 1469.76000 161.44000 23.90200 125.53600
13 2 21 11 57 38562.80000 10.01600000 1471.78000 161.88000 23.90200 125.53600
13 2 21 11 58 38620.90000 10.05600000 1474.64000 162.34000 23.90200 126.80100
13 2 21 11 58 38590.10000 10.05600000 1474.89000 162.16000 23.90200 126.59900
13 2 21 11 58 38585.60000 10.05600000 1475.61000 162.50000 23.91600 126.91400
13 2 21 11 59 38640.50000 10.08800000 1477.46000 162.98000 23.90000 126.88100
13 2 21 11 59 38647.40000 10.08800000 1478.62000 163.01000 23.94500 127.10800
13 2 21 12 00 38569.40000 10.08800000 1472.33000 162.84000 23.94500 127.10800
13 2 21 12 00 38477.60000 10.08800000 1470.15000 161.75000 23.94500 126.33600
13 2 21 12 01 38434.70000 10.08800000 1468.13000 161.01000 23.81100 125.61000
13 2 21 12 01 38458.00000 10.08800000 1467.56000 161.65000 23.81100 125.84200
13 2 21 12 01 38420.10000 10.00900000 1465.83000 161.36000 24.15500 125.41400
13 2 21 12 02 38392.70000 9.97500000 1464.67000 161.00000 24.15500 124.91500
13 2 21 12 02 38436.70000 9.97500000 1466.44000 161.40000 23.81100 125.29600
13 2 21 12 03 38483.50000 10.00000000 1468.83000 161.73000 23.81100 125.29300
13 2 21 12 03 38453.70000 9.96700000 1468.54000 161.68000 23.81100 125.23100
13 2 21 12 04 38462.00000 9.96700000 1468.74000 161.59000 23.81100 125.23100
13 2 21 12 04 38484.40000 9.96700000 1468.83000 161.60000 23.81100 125.34300
13 2 21 12 04 38505.90000 9.99600000 1468.83000 161.68000 23.81100 125.34300
13 2 21 12 05 38552.70000 9.99600000 1470.00000 162.01000 23.97300 125.34300
13 2 21 12 05 38569.50000 10.04100000 1473.60000 162.20000 23.97300 125.34300
13 2 21 12 06 38630.10000 10.04100000 1476.05000 162.85000 23.97300 126.01300
13 2 21 12 06 38729.60000 10.06300000 1479.82000 163.38000 23.96500 126.38600
13 2 21 12 07 38739.90000 10.08800000 1479.83000 163.85000 23.96500 127.00000
13 2 21 12 07 38686.90000 10.08800000 1479.45000 163.77000 23.96500 126.68800
13 2 21 12 07 38679.50000 10.08800000 1479.38000 163.88000 23.96500 126.96100
13 2 21 12 08 38723.30000 10.08800000 1479.85000 164.17000 23.96500 127.60400
13 2 21 12 08 38729.80000 10.16600000 1482.94000 164.13000 23.96500 127.50800
13 2 21 12 09 38753.10000 10.18600000 1484.27000 164.38000 23.96500 128.10700
13 2 21 12 09 38783.00000 10.18600000 1484.59000 164.52000 24.00500 128.30300
13 2 21 12 09 38750.10000 10.18600000 1484.58000 164.34000 24.00500 128.18100
13 2 21 12 10 38770.00000 10.15000000 1484.59000 164.29000 24.00500 128.20100
13 2 21 12 10 38776.00000 10.18900000 1484.58000 164.44000 24.00500 128.20100
13 2 21 12 11 38770.10000 10.20000000 1484.18000 164.35000 24.00500 128.20100
13 2 21 12 11 38770.10000 10.20000000 1484.01000 164.48000 24.01800 128.47600
13 2 21 12 12 38766.20000 10.18900000 1482.00000 164.37000 24.01800 128.19000
13 2 21 12 12 38724.40000 10.18900000 1481.54000 164.19000 24.02900 128.19000
13 2 21 12 12 38719.90000 10.17800000 1480.86000 164.12000 24.02900 128.19000
