M=[
 9 1 21 19 17 33112.00000 6.47300000 997.90000 139.90000 15.82000 62.44000
 9 1 21 19 17 33110.40000 6.42300000 997.63000 139.82000 15.82000 62.44000
 9 1 21 19 18 33109.20000 6.42300000 998.00000 139.97000 15.82000 62.44000
 9 1 21 19 18 33105.40000 6.47800000 998.00000 140.01000 15.82000 62.44000
 9 1 21 19 19 33114.00000 6.47500000 999.00000 140.10000 15.82000 62.44000
 9 1 21 19 19 33124.10000 6.47500000 999.00000 140.06000 15.82000 62.44000
 9 1 21 19 19 33124.10000 6.47500000 999.77000 140.06000 15.82000 62.44000
 9 1 21 19 20 33131.00000 6.47500000 999.87000 140.05000 15.82000 62.12100
 9 1 21 19 20 33110.10000 6.45900000 999.82000 140.05000 15.82000 62.12100
 9 1 21 19 21 33149.90000 6.45900000 999.88000 140.02000 15.89800 62.12100
 9 1 21 19 21 33135.10000 6.45900000 999.77000 140.10000 15.89800 62.16200
 9 1 21 19 22 33149.90000 6.45900000 999.75000 140.09000 15.82100 62.44700
 9 1 21 19 22 33142.80000 6.45900000 999.99000 140.07000 15.82100 62.44700
 9 1 21 19 22 33142.80000 6.45900000 1000.00000 140.12000 15.82100 62.08000
 9 1 21 19 23 33125.20000 6.45900000 1000.00000 140.09000 15.87000 62.14100
 9 1 21 19 23 33124.10000 6.45900000 1000.00000 140.03000 15.87000 62.14100
 9 1 21 19 24 33124.10000 6.45900000 999.09000 140.00000 15.87000 62.14100
 9 1 21 19 24 33133.00000 6.45900000 999.01000 140.00000 15.87000 62.14100
 9 1 21 19 25 33129.40000 6.47000000 999.90000 140.00000 15.87000 62.09600
 9 1 21 19 25 33129.60000 6.47000000 999.26000 140.00000 15.87000 62.09600
 9 1 21 19 25 33142.30000 6.47000000 999.58000 140.04000 15.87000 62.05400
 9 1 21 19 26 33124.30000 6.47000000 999.64000 139.99000 15.87000 62.05400
 9 1 21 19 26 33137.40000 6.47000000 999.98000 140.08000 15.87000 62.05400
 9 1 21 19 27 33149.90000 6.47000000 1000.00000 139.97000 15.87000 62.05400
 9 1 21 19 27 33149.10000 6.47000000 999.99000 140.03000 15.87000 62.11100
 9 1 21 19 28 33148.10000 6.47000000 1000.00000 140.03000 15.87000 62.11100
 9 1 21 19 28 33148.20000 6.37100000 1000.49000 140.12000 15.87000 62.20000
 9 1 21 19 28 33148.10000 6.40000000 1000.49000 140.08000 15.87000 62.20000
 9 1 21 19 29 33149.80000 6.40000000 1001.49000 140.08000 15.87000 62.25800
 9 1 21 19 29 33101.50000 6.40000000 1000.49000 140.00000 15.87000 62.25800
 9 1 21 19 30 33071.90000 6.40000000 999.10000 139.58000 15.87000 62.25800
 9 1 21 19 30 33044.50000 6.41000000 997.71000 139.38000 15.80500 61.92400
 9 1 21 19 31 33044.50000 6.38800000 997.56000 139.44000 15.80500 61.92400
 9 1 21 19 31 33058.60000 6.39900000 999.18000 139.47000 15.80500 61.79600
 9 1 21 19 31 33070.00000 6.37100000 998.79000 139.45000 15.80500 61.76600
 9 1 21 19 32 33051.20000 6.35500000 997.69000 139.43000 15.80500 61.76600
 9 1 21 19 32 33050.00000 6.35500000 996.34000 139.43000 15.80500 61.58500
 9 1 21 19 33 33046.80000 6.35500000 997.79000 139.43000 15.80500 61.73800
 9 1 21 19 33 33063.80000 6.30900000 997.31000 139.43000 15.91000 61.73800
 9 1 21 19 34 33063.70000 6.30900000 997.80000 139.43000 15.91000 61.73800
 9 1 21 19 34 33101.40000 6.30900000 999.70000 139.43000 15.91000 61.78000
 9 1 21 19 34 33063.80000 6.30900000 998.82000 139.66000 15.91000 61.78000
 9 1 21 19 35 33061.00000 6.30900000 998.21000 139.67000 15.91000 61.78000
 9 1 21 19 35 33097.10000 6.32100000 998.21000 139.68000 15.91000 61.78000
 9 1 21 19 36 33080.60000 6.32100000 998.77000 139.75000 15.91000 61.78000
 9 1 21 19 36 33065.40000 6.32100000 998.36000 139.75000 15.92500 61.75100
 9 1 21 19 37 33060.10000 6.36300000 998.98000 139.75000 15.92500 61.73000
 9 1 21 19 37 33065.40000 6.39000000 999.29000 139.75000 15.97700 61.73000
 9 1 21 19 37 33054.70000 6.39000000 998.71000 139.75000 15.93000 61.73000
 9 1 21 19 38 33065.30000 6.39000000 998.62000 140.08000 15.93000 61.73000
 9 1 21 19 38 33065.40000 6.35200000 998.01000 140.08000 15.93000 61.75200
 9 1 21 19 39 33065.40000 6.33300000 998.00000 139.97000 15.93000 61.75200
 9 1 21 19 39 33063.40000 6.33300000 998.00000 139.97000 15.93000 61.92200
 9 1 21 19 40 33049.90000 6.33300000 998.25000 139.97000 15.93000 61.92200
 9 1 21 19 40 33065.30000 6.33300000 998.24000 139.93000 15.93000 61.92200
 9 1 21 19 40 33073.10000 6.33300000 998.24000 140.05000 15.93000 61.92200
 9 1 21 19 41 33071.30000 6.33300000 998.20000 140.05000 15.93000 61.92200
 9 1 21 19 41 33071.30000 6.33300000 998.24000 139.79000 15.93000 61.92200
 9 1 21 19 42 33071.20000 6.33300000 998.25000 139.79000 15.93000 61.92200
 9 1 21 19 42 33071.20000 6.33300000 999.00000 139.95000 15.93000 61.92200
 9 1 21 19 43 33071.30000 6.37400000 999.34000 139.95000 15.93000 61.99600
 9 1 21 19 43 33071.30000 6.37400000 999.65000 139.95000 15.93000 61.99600
 9 1 21 19 43 32978.90000 6.37400000 998.21000 139.88000 15.96100 61.99600
 9 1 21 19 44 32997.70000 6.37400000 996.79000 139.88000 15.96100 61.74700
 9 1 21 19 44 32997.80000 6.37400000 997.18000 139.55000 15.96100 61.74700
 9 1 21 19 45 32997.80000 6.39000000 996.37000 139.62000 15.96100 61.74700
 9 1 21 19 45 32997.80000 6.38800000 997.77000 139.61000 15.96100 61.63000
 9 1 21 19 46 32997.80000 6.38800000 997.10000 139.80000 15.96100 61.80000
 9 1 21 19 46 33000.00000 6.38800000 997.75000 139.93000 15.96100 61.75000
 9 1 21 19 46 33000.00000 6.36200000 997.41000 139.93000 15.96100 61.75000
 9 1 21 19 47 33040.20000 6.36200000 998.43000 139.94000 15.96100 61.75000
 9 1 21 19 47 33022.60000 6.36200000 997.71000 139.91000 15.96100 61.75000
 9 1 21 19 48 33018.00000 6.39000000 997.41000 139.91000 15.96100 61.75000
 9 1 21 19 48 33011.00000 6.39000000 997.42000 139.79000 15.96100 61.75000
 9 1 21 19 49 33012.50000 6.39000000 997.42000 139.88000 15.96100 61.71100
 9 1 21 19 49 33049.60000 6.41300000 997.65000 139.88000 15.96100 61.71100
 9 1 21 19 49 33058.00000 6.39900000 998.40000 139.90000 15.96100 62.09700
 9 1 21 19 50 33011.10000 6.41600000 997.43000 139.90000 15.96100 62.17700
 9 1 21 19 50 33011.20000 6.43200000 998.00000 139.90000 15.96100 62.17700
 9 1 21 19 51 33017.10000 6.46700000 998.16000 139.99000 15.96100 62.19000
 9 1 21 19 51 33019.20000 6.47300000 998.47000 139.99000 15.96100 62.19000
 9 1 21 19 52 33041.40000 6.47300000 998.89000 140.00000 15.96100 62.19000
 9 1 21 19 52 33011.10000 6.51000000 998.79000 140.09000 15.97700 62.19000
 9 1 21 19 52 33034.80000 6.49000000 999.00000 140.04000 15.97700 62.33000
 9 1 21 19 53 33028.80000 6.49000000 998.99000 140.09000 15.97700 62.33000
 9 1 21 19 53 33028.10000 6.44900000 999.64000 140.02000 15.96100 62.33000
 9 1 21 19 54 33013.30000 6.44600000 999.21000 139.80000 15.96100 62.33000
 9 1 21 19 54 33000.10000 6.42100000 998.32000 139.80000 15.96100 61.99800
 9 1 21 19 55 32957.10000 6.38000000 997.43000 139.80000 15.93000 61.99800
 9 1 21 19 55 32962.70000 6.39600000 997.40000 139.80000 15.93000 62.08000
 9 1 21 19 55 32971.40000 6.39600000 997.35000 139.70000 15.93000 62.08000
 9 1 21 19 56 32961.70000 6.39600000 997.01000 139.53000 15.93000 61.94100
 9 1 21 19 56 32970.20000 6.39600000 996.72000 139.53000 15.93000 62.03300
 9 1 21 19 57 32970.00000 6.36400000 996.01000 139.52000 15.93000 62.02100
 9 1 21 19 57 32960.20000 6.41000000 996.54000 139.53000 15.93000 62.02100
 9 1 21 19 58 32970.10000 6.41000000 996.62000 139.53000 15.93000 62.02100
 9 1 21 19 58 32958.30000 6.41000000 996.07000 139.53000 15.93000 62.02100
 9 1 21 19 58 32961.10000 6.41000000 997.04000 139.70000 15.93000 62.02100
 9 1 21 19 59 32961.20000 6.42400000 996.44000 139.68000 15.93000 62.10000
 9 1 21 19 59 32958.30000 6.42400000 996.55000 139.57000 15.93000 62.10000
 9 1 21 20 00 32993.30000 6.41000000 997.65000 139.83000 15.93000 62.10000
 9 1 21 20 00 32990.20000 6.42600000 998.15000 139.92000 15.93000 62.10000
 9 1 21 20 01 33000.00000 6.42600000 999.00000 139.92000 15.93000 62.10000
 9 1 21 20 01 33000.00000 6.41000000 998.64000 140.00000 15.93000 62.10000
 9 1 21 20 01 32999.90000 6.41000000 998.60000 139.99000 15.93000 62.10000
 9 1 21 20 02 33036.90000 6.41000000 999.20000 140.05000 15.93000 62.10000
