M=[
16 11 20 11 57 13767.50000 4.32800000 383.94000 57.03000 13.72600 53.62800
16 11 20 11 58 13759.00000 4.32800000 383.94000 57.01000 13.72600 53.62800
16 11 20 11 58 13755.00000 4.32800000 383.59000 56.96000 13.72600 53.62800
16 11 20 11 58 13750.20000 4.32800000 383.46000 56.88000 13.72600 53.62800
16 11 20 11 59 13750.10000 4.32800000 383.46000 56.90000 13.72600 53.62800
16 11 20 11 59 13739.00000 4.32800000 383.36000 56.92000 13.72600 53.62800
16 11 20 12 00 13745.30000 4.31700000 382.70000 56.80000 13.72600 53.46100
16 11 20 12 00 13764.70000 4.31700000 383.36000 56.96000 13.72600 53.51400
16 11 20 12 01 13761.60000 4.31700000 382.96000 57.01000 13.72600 53.51400
16 11 20 12 01 13768.50000 4.31700000 382.96000 56.94000 13.72600 53.47200
16 11 20 12 01 13765.80000 4.31700000 382.97000 56.94000 13.72600 53.47200
16 11 20 12 02 13771.60000 4.31700000 383.04000 57.07000 13.72600 53.51400
16 11 20 12 02 13774.00000 4.31700000 383.04000 57.02000 13.72600 53.51400
16 11 20 12 03 13759.30000 4.31300000 383.04000 57.00000 13.72600 53.51400
16 11 20 12 03 13769.90000 4.31300000 382.70000 57.00000 13.72600 53.51400
16 11 20 12 04 13760.00000 4.31300000 382.71000 56.98000 13.72600 53.51400
16 11 20 12 04 13760.00000 4.31300000 382.35000 56.98000 13.72600 53.51400
16 11 20 12 04 13760.00000 4.31300000 382.40000 56.90000 13.72600 53.51400
16 11 20 12 05 13742.90000 4.31300000 382.22000 56.82000 13.72600 53.51400
16 11 20 12 05 13747.80000 4.31300000 381.91000 56.80000 13.72600 53.51400
16 11 20 12 06 13755.20000 4.31300000 382.00000 56.82000 13.72600 53.51400
16 11 20 12 06 13759.60000 4.31300000 382.58000 56.86000 13.72600 53.51400
16 11 20 12 07 13757.70000 4.30800000 382.65000 56.81000 13.72600 53.51400
16 11 20 12 07 13760.20000 4.30800000 382.76000 56.81000 13.72600 53.51400
16 11 20 12 07 13757.80000 4.30800000 382.80000 56.84000 13.72600 53.51400
16 11 20 12 08 13762.00000 4.30800000 382.63000 56.61000 13.72600 53.51400
16 11 20 12 08 13761.80000 4.30800000 382.63000 56.62000 13.72600 53.56400
16 11 20 12 09 13759.70000 4.30800000 382.63000 56.52000 13.72600 53.56400
16 11 20 12 09 13756.90000 4.30800000 382.61000 56.52000 13.72600 53.56400
16 11 20 12 09 13757.00000 4.30800000 382.55000 56.52000 13.72600 53.56400
16 11 20 12 10 13757.00000 4.30800000 382.55000 56.52000 13.72600 53.56400
16 11 20 12 10 13757.00000 4.30800000 382.76000 56.59000 13.72600 53.56400
16 11 20 12 11 13765.00000 4.30800000 382.76000 56.66000 13.72600 53.56400
16 11 20 12 11 13774.00000 4.30800000 383.05000 56.67000 13.72600 53.56400
16 11 20 12 12 13774.00000 4.30800000 383.05000 56.67000 13.72600 53.56400
16 11 20 12 12 13774.00000 4.30800000 383.16000 56.67000 13.72600 53.56400
16 11 20 12 12 13774.10000 4.30800000 383.16000 56.67000 13.72600 53.56400
16 11 20 12 13 13774.00000 4.30800000 383.25000 56.75000 13.72600 53.56400
16 11 20 12 13 13771.80000 4.30800000 383.25000 56.75000 13.72600 53.56400
16 11 20 12 14 13760.00000 4.30800000 382.85000 56.75000 13.72600 53.56400
16 11 20 12 14 13760.00000 4.30800000 382.54000 56.62000 13.72600 53.56400
16 11 20 12 15 13760.00000 4.30800000 382.50000 56.62000 13.72600 53.56400
16 11 20 12 15 13760.00000 4.30800000 382.49000 56.76000 13.72600 53.56400
16 11 20 12 15 13760.00000 4.30800000 382.50000 56.76000 13.72600 53.56400
16 11 20 12 16 13762.30000 4.30800000 382.50000 56.76000 13.72600 53.56400
16 11 20 12 16 13764.40000 4.30800000 382.77000 56.86000 13.72600 53.83800
16 11 20 12 17 13768.80000 4.30800000 383.13000 56.86000 13.72600 53.91000
16 11 20 12 17 13768.00000 4.30800000 383.13000 56.87000 13.72600 54.00000
16 11 20 12 18 13768.00000 4.30800000 383.30000 56.87000 13.72600 53.80000
16 11 20 12 18 13760.30000 4.30800000 383.44000 56.85000 13.72600 53.80000
16 11 20 12 18 13760.20000 4.30800000 383.57000 56.84000 13.67100 53.80000
16 11 20 12 19 13760.20000 4.30800000 383.57000 56.83000 13.67100 53.80000
16 11 20 12 19 13760.30000 4.30800000 383.52000 56.85000 13.67100 53.80000
16 11 20 12 20 13762.00000 4.30800000 383.67000 56.91000 13.67100 53.80000
16 11 20 12 20 13773.50000 4.30800000 383.75000 56.91000 13.66100 53.80000
16 11 20 12 21 13770.30000 4.30800000 383.95000 56.91000 13.66100 53.80000
16 11 20 12 21 13776.90000 4.30800000 384.15000 56.95000 13.66100 53.80000
16 11 20 12 21 13777.50000 4.30800000 384.15000 56.95000 13.66100 53.80000
16 11 20 12 22 13772.80000 4.30800000 383.90000 56.98000 13.66100 53.80000
16 11 20 12 22 13781.80000 4.30800000 383.79000 56.98000 13.66100 53.99900
16 11 20 12 23 13784.60000 4.30800000 383.99000 56.98000 13.66100 53.99900
16 11 20 12 23 13790.70000 4.30800000 384.00000 57.00000 13.66100 53.99900
16 11 20 12 24 13789.40000 4.30800000 384.22000 57.07000 13.66100 53.99900
16 11 20 12 24 13784.40000 4.30800000 384.22000 57.00000 13.66100 53.99900
16 11 20 12 24 13786.60000 4.30800000 384.06000 57.06000 13.66100 54.00000
16 11 20 12 25 13787.40000 4.30800000 384.06000 57.08000 13.66100 54.00000
16 11 20 12 25 13788.50000 4.30800000 384.22000 57.08000 13.66100 54.00000
16 11 20 12 26 13788.60000 4.30800000 384.22000 57.09000 13.66100 54.00000
16 11 20 12 26 13788.40000 4.30800000 384.22000 57.09000 13.66100 54.08200
16 11 20 12 27 13784.50000 4.30800000 384.41000 57.08000 13.66100 54.08200
16 11 20 12 27 13798.20000 4.30800000 384.42000 57.10000 13.66100 54.08200
16 11 20 12 27 13797.10000 4.30800000 384.42000 57.15000 13.66100 54.17800
16 11 20 12 28 13796.10000 4.30800000 384.42000 57.15000 13.60200 54.07800
16 11 20 12 28 13795.00000 4.30800000 384.41000 57.15000 13.60200 54.07500
16 11 20 12 29 13794.00000 4.30800000 384.41000 57.15000 13.60200 54.23900
16 11 20 12 29 13796.00000 4.30800000 384.43000 57.14000 13.60200 54.26000
16 11 20 12 30 13796.10000 4.30800000 384.41000 57.14000 13.60200 54.26900
16 11 20 12 30 13796.10000 4.30800000 384.42000 57.16000 13.60200 54.26900
16 11 20 12 30 13796.90000 4.30800000 384.42000 57.16000 13.60200 54.35200
16 11 20 12 31 13797.00000 4.30800000 384.58000 57.16000 13.60200 54.35200
16 11 20 12 31 13797.70000 4.30800000 384.54000 57.20000 13.60200 54.35200
16 11 20 12 32 13797.70000 4.30800000 384.48000 57.24000 13.60200 54.33200
16 11 20 12 32 13798.30000 4.30800000 384.49000 57.20000 13.60200 54.33200
16 11 20 12 33 13786.30000 4.30800000 384.41000 57.11000 13.60200 54.33200
16 11 20 12 33 13787.70000 4.30800000 383.82000 57.14000 13.66900 54.26900
16 11 20 12 33 13787.80000 4.30800000 384.09000 57.14000 13.66900 54.26900
16 11 20 12 34 13790.10000 4.30800000 383.95000 57.13000 13.66900 54.24900
16 11 20 12 34 13790.00000 4.30800000 383.97000 57.12000 13.66900 54.24900
16 11 20 12 35 13790.00000 4.30800000 383.89000 57.11000 13.66900 54.24900
16 11 20 12 35 13794.30000 4.30800000 383.89000 57.11000 13.66900 54.24900
16 11 20 12 36 13792.30000 4.30800000 383.77000 57.18000 13.66900 54.24900
16 11 20 12 36 13782.20000 4.30800000 383.83000 57.18000 13.66900 54.24900
16 11 20 12 36 13773.10000 4.30800000 383.69000 57.12000 13.66900 54.24900
16 11 20 12 37 13773.10000 4.30800000 383.69000 57.11000 13.66900 54.24900
16 11 20 12 37 13773.00000 4.30800000 383.49000 57.11000 13.66900 54.24900
16 11 20 12 38 13768.10000 4.30800000 383.48000 57.03000 13.60900 54.24900
16 11 20 12 38 13769.70000 4.30800000 383.26000 57.01000 13.60900 54.24900
16 11 20 12 39 13770.60000 4.30800000 383.26000 56.98000 13.60900 54.24900
16 11 20 12 39 13770.20000 4.30800000 383.45000 56.98000 13.60900 54.25600
16 11 20 12 39 13772.00000 4.30800000 383.52000 57.04000 13.60900 54.25600
16 11 20 12 40 13767.70000 4.30800000 383.52000 57.02000 13.60900 54.25600
16 11 20 12 40 13769.10000 4.30800000 383.41000 57.01000 13.66600 54.25600
16 11 20 12 41 13761.90000 4.30800000 383.30000 57.01000 13.66900 54.21100
16 11 20 12 41 13763.10000 4.30800000 383.29000 56.99000 13.67600 54.21100
16 11 20 12 42 13760.00000 4.30800000 383.28000 56.94000 13.67600 54.30300
16 11 20 12 42 13760.10000 4.30800000 383.28000 56.98000 13.67600 54.30300
