M=[
15 2 21 13 22 39716.30000 13.28000000 1493.80000 175.36000 36.04600 131.35200
15 2 21 13 23 39716.30000 13.25200000 1494.14000 175.49000 36.01600 131.42600
15 2 21 13 23 39684.90000 13.18100000 1494.02000 175.62000 35.99600 131.42600
15 2 21 13 24 39689.60000 13.16200000 1493.06000 175.62000 35.50000 131.42600
15 2 21 13 24 39698.40000 13.24400000 1493.01000 175.62000 35.98800 131.42600
15 2 21 13 25 39695.70000 13.24400000 1493.01000 175.20000 35.98800 131.42600
15 2 21 13 25 39679.40000 13.24400000 1492.95000 175.00000 36.40300 131.42600
15 2 21 13 25 39683.40000 13.24400000 1492.39000 175.30000 36.40300 131.42600
15 2 21 13 26 39683.30000 13.24400000 1492.39000 175.30000 36.40300 131.42600
15 2 21 13 26 39683.40000 13.17300000 1492.36000 175.57000 36.40300 131.42600
15 2 21 13 27 39700.30000 13.09300000 1492.00000 175.18000 36.40300 131.42600
15 2 21 13 27 39699.20000 13.09300000 1491.47000 175.21000 36.40300 131.42600
15 2 21 13 28 39680.00000 13.08200000 1491.48000 175.10000 35.98900 131.42600
15 2 21 13 28 39693.00000 13.08200000 1491.45000 175.10000 35.98900 131.42600
15 2 21 13 28 39683.70000 13.07100000 1491.46000 175.23000 35.98900 131.42600
15 2 21 13 29 39680.10000 13.07100000 1491.50000 175.20000 35.98900 131.51300
15 2 21 13 29 39680.10000 13.07100000 1492.36000 175.01000 35.98900 131.51300
15 2 21 13 30 39680.10000 13.07100000 1491.88000 175.05000 36.13300 131.65500
15 2 21 13 30 39680.10000 13.05900000 1491.83000 174.94000 36.13300 131.70000
15 2 21 13 31 39642.30000 13.05900000 1490.93000 174.50000 36.09400 132.07800
15 2 21 13 31 39638.90000 13.00000000 1489.39000 174.61000 36.08400 131.37000
15 2 21 13 31 39611.50000 12.99900000 1488.85000 174.39000 36.08400 130.89300
15 2 21 13 32 39618.80000 12.99900000 1488.62000 174.22000 36.08400 130.53900
15 2 21 13 32 39634.50000 13.00000000 1488.63000 174.36000 36.08400 130.71500
15 2 21 13 33 39628.60000 13.04100000 1488.52000 174.36000 36.21600 130.71500
15 2 21 13 33 39620.20000 13.07600000 1487.16000 174.09000 36.21600 130.72100
15 2 21 13 34 39600.00000 13.07600000 1487.02000 173.59000 36.15600 130.72100
15 2 21 13 34 39583.10000 13.21000000 1485.59000 173.47000 36.15600 130.72100
15 2 21 13 34 39580.10000 13.21000000 1485.32000 173.52000 36.15600 130.13900
15 2 21 13 35 39609.90000 13.21000000 1487.00000 173.91000 36.15600 130.39700
15 2 21 13 35 39525.00000 13.21000000 1486.04000 173.91000 36.15600 130.33100
15 2 21 13 36 39528.20000 13.01100000 1485.85000 173.36000 36.15600 130.33100
15 2 21 13 36 39583.00000 13.18100000 1485.99000 173.70000 36.15600 130.28200
15 2 21 13 37 39578.90000 13.18100000 1486.05000 173.38000 36.15600 130.49000
15 2 21 13 37 39577.80000 12.97500000 1485.54000 173.23000 36.15600 130.49000
15 2 21 13 37 39578.10000 12.97500000 1485.63000 173.78000 36.15600 130.49000
15 2 21 13 38 39578.10000 13.11800000 1485.99000 173.45000 36.15600 130.49000
15 2 21 13 38 39583.90000 12.97700000 1488.00000 173.83000 35.90100 130.49000
15 2 21 13 39 39599.30000 12.97700000 1487.92000 173.85000 35.90100 130.49000
15 2 21 13 39 39578.10000 13.10700000 1487.24000 173.99000 35.56800 130.49000
15 2 21 13 40 39578.00000 12.97700000 1487.60000 173.97000 35.56800 130.49000
15 2 21 13 40 39587.00000 13.10400000 1488.00000 173.91000 35.56300 130.49000
15 2 21 13 40 39600.70000 13.10400000 1489.42000 174.32000 35.56300 130.59200
15 2 21 13 41 39604.40000 13.07700000 1489.86000 174.32000 35.56300 130.59200
15 2 21 13 41 39610.90000 13.07200000 1489.37000 174.38000 35.56200 130.59200
15 2 21 13 42 39611.00000 13.00200000 1489.30000 174.45000 36.01800 130.59200
15 2 21 13 42 39620.00000 13.00200000 1489.80000 174.53000 36.01800 131.29800
15 2 21 13 43 39620.00000 13.00200000 1489.65000 174.53000 36.01800 131.29800
15 2 21 13 43 39678.60000 13.00500000 1491.16000 174.53000 36.01800 131.29800
15 2 21 13 43 39692.90000 13.00500000 1492.26000 174.64000 35.56300 131.29800
15 2 21 13 44 39700.00000 13.07300000 1492.35000 174.98000 35.56300 131.29800
15 2 21 13 44 39700.00000 13.07300000 1492.35000 174.98000 35.56300 131.29800
15 2 21 13 45 39699.90000 13.07100000 1492.22000 174.98000 35.56300 131.29800
15 2 21 13 45 39647.90000 13.07000000 1492.31000 174.95000 35.97100 131.50000
15 2 21 13 46 39622.40000 13.07000000 1492.31000 174.56000 35.97100 131.50000
15 2 21 13 46 39637.70000 13.07000000 1492.11000 174.77000 35.92100 131.30400
15 2 21 13 46 39640.80000 13.07000000 1492.06000 174.55000 35.97100 131.47000
15 2 21 13 47 39598.30000 13.07000000 1491.00000 174.32000 35.97100 131.47000
15 2 21 13 47 39604.00000 13.07000000 1491.00000 174.15000 35.97100 131.47000
15 2 21 13 48 39586.60000 13.07000000 1491.00000 174.17000 35.97100 131.47000
15 2 21 13 48 39594.60000 13.04600000 1490.23000 174.27000 35.57100 131.10400
15 2 21 13 49 39600.00000 13.04600000 1490.39000 174.22000 35.56800 131.34100
15 2 21 13 49 39600.00000 13.04600000 1490.82000 174.44000 35.56800 131.34100
15 2 21 13 49 39624.40000 13.04600000 1491.66000 174.57000 35.56800 131.34100
15 2 21 13 50 39630.00000 13.04600000 1492.01000 174.28000 35.92500 131.34100
15 2 21 13 50 39630.10000 13.04600000 1491.99000 174.39000 35.92500 131.34100
15 2 21 13 51 39626.70000 13.04600000 1491.50000 174.47000 35.97100 131.48000
15 2 21 13 51 39608.10000 13.00300000 1491.34000 174.39000 35.32900 131.48000
15 2 21 13 52 39600.10000 13.00300000 1490.31000 174.39000 35.77500 131.26200
15 2 21 13 52 39609.90000 13.07100000 1490.00000 174.30000 35.77500 131.11500
15 2 21 13 52 39617.20000 13.07100000 1489.07000 174.30000 35.77500 131.11500
15 2 21 13 53 39619.10000 13.06500000 1489.53000 174.30000 35.99100 131.11500
15 2 21 13 53 39623.80000 13.06500000 1489.71000 174.56000 35.99100 131.09100
15 2 21 13 54 39634.00000 13.06500000 1490.23000 174.36000 35.95700 131.09100
15 2 21 13 54 39622.60000 13.06500000 1489.37000 174.51000 35.95700 131.09100
15 2 21 13 54 39609.60000 13.06500000 1488.79000 174.49000 35.98800 131.13800
15 2 21 13 55 39629.30000 13.04600000 1489.56000 174.55000 36.01400 131.13800
15 2 21 13 55 39623.50000 13.04600000 1489.42000 174.55000 36.01400 131.12100
15 2 21 13 56 39622.90000 13.04600000 1489.43000 174.53000 36.01400 130.80000
15 2 21 13 56 39577.20000 13.04600000 1489.32000 174.36000 36.01400 130.80000
15 2 21 13 57 39591.60000 13.04600000 1488.61000 174.25000 36.02100 131.03500
15 2 21 13 57 39591.60000 13.04600000 1488.96000 174.19000 36.03400 131.32700
15 2 21 13 57 39626.70000 13.04600000 1489.04000 174.23000 36.03400 131.32700
15 2 21 13 58 39614.30000 13.04600000 1489.12000 174.41000 36.05100 131.32700
15 2 21 13 58 39628.30000 13.04600000 1489.15000 174.39000 36.06900 131.32700
15 2 21 13 59 39629.90000 13.04600000 1489.52000 174.42000 36.06900 131.32700
15 2 21 13 59 39633.10000 13.04600000 1489.63000 174.45000 36.06900 131.32700
15 2 21 14 00 39633.20000 13.04600000 1489.97000 174.17000 36.06900 132.02300
15 2 21 14 00 39651.90000 13.04600000 1491.69000 174.55000 36.06900 132.61600
15 2 21 14 00 39652.00000 13.04600000 1493.00000 174.60000 35.78800 132.75000
15 2 21 14 01 39724.90000 13.04100000 1494.98000 174.88000 35.78800 132.90500
15 2 21 14 01 39734.80000 13.04400000 1496.19000 175.00000 36.10600 132.97400
15 2 21 14 02 39723.50000 13.04400000 1495.29000 174.94000 36.10600 133.46800
15 2 21 14 02 39699.50000 13.04400000 1494.16000 174.94000 36.10700 133.46800
15 2 21 14 03 39682.70000 13.04600000 1493.65000 174.85000 36.10700 133.46800
15 2 21 14 03 39720.00000 13.04600000 1494.97000 175.02000 36.10700 133.12000
15 2 21 14 03 39717.10000 13.04600000 1493.29000 174.91000 35.79100 133.12000
15 2 21 14 04 39655.80000 13.04600000 1493.62000 174.63000 35.79100 133.57000
15 2 21 14 04 39674.30000 13.04600000 1493.20000 174.68000 35.79100 133.83400
15 2 21 14 05 39698.10000 13.04600000 1492.56000 174.56000 35.79100 133.83400
15 2 21 14 05 39702.80000 13.04600000 1493.62000 174.73000 35.79100 134.89000
15 2 21 14 06 39713.00000 13.04600000 1493.62000 174.58000 35.79100 135.17100
