M=[
24 6 21 09 05 27932.20000 34.78500000 1633.58000 111.21000 15.22000 95.43700
24 6 21 09 05 27921.10000 34.78500000 1633.58000 111.21000 15.22000 95.25000
24 6 21 09 05 27924.10000 34.78500000 1633.69000 111.21000 15.22000 95.25000
24 6 21 09 06 27953.00000 35.00200000 1634.03000 111.25000 15.22000 95.25000
24 6 21 09 06 27941.80000 35.00200000 1633.76000 111.25000 15.22000 95.25000
24 6 21 09 07 27955.80000 35.00200000 1633.76000 111.25000 15.22000 95.25000
24 6 21 09 07 27981.10000 35.00200000 1634.58000 111.26000 15.22000 95.25000
24 6 21 09 08 27960.10000 35.00200000 1633.72000 111.26000 15.22000 95.25000
24 6 21 09 08 27960.10000 35.00200000 1633.51000 111.18000 15.22000 95.25000
24 6 21 09 08 27960.10000 35.00200000 1633.51000 111.18000 15.22000 95.25000
24 6 21 09 09 27960.10000 35.00200000 1633.51000 111.26000 15.22000 95.25000
24 6 21 09 09 27953.30000 35.00200000 1634.72000 111.24000 15.22000 95.25000
24 6 21 09 10 27942.30000 35.00200000 1634.15000 111.27000 15.22000 95.25000
24 6 21 09 10 27938.70000 34.99500000 1633.51000 111.27000 15.22000 95.25000
24 6 21 09 11 27922.60000 34.97200000 1633.51000 111.27000 15.22000 95.19400
24 6 21 09 11 27929.20000 34.97200000 1633.50000 111.27000 15.22000 95.19400
24 6 21 09 11 27929.00000 34.97200000 1631.48000 111.27000 15.22000 95.19400
24 6 21 09 12 27915.90000 34.97200000 1631.39000 111.27000 15.22000 95.19400
24 6 21 09 12 27919.80000 34.97200000 1631.39000 111.27000 15.22000 95.19400
24 6 21 09 13 27913.80000 34.97200000 1631.12000 111.08000 15.22000 95.00700
24 6 21 09 13 27902.90000 34.97200000 1631.18000 111.08000 15.22000 95.00700
24 6 21 09 14 27902.00000 34.97200000 1631.01000 111.08000 15.22000 95.00700
24 6 21 09 14 27900.10000 34.97200000 1631.58000 111.08000 15.22000 95.00700
24 6 21 09 14 27936.20000 34.97200000 1631.58000 111.08000 15.22000 95.00700
24 6 21 09 15 27915.60000 34.97200000 1631.19000 111.08000 15.22000 95.00700
24 6 21 09 15 27915.70000 34.97200000 1631.01000 111.08000 15.22000 95.00700
24 6 21 09 16 27915.70000 34.97200000 1631.08000 111.08000 15.22000 95.32200
24 6 21 09 16 27948.20000 34.97200000 1633.17000 111.08000 15.22000 95.32200
24 6 21 09 17 27938.50000 34.88200000 1633.17000 111.08000 15.22000 95.32200
24 6 21 09 17 27928.00000 34.88200000 1632.24000 111.49000 15.22000 95.32200
24 6 21 09 17 27944.10000 34.88200000 1631.53000 111.49000 15.22000 95.32200
24 6 21 09 18 27949.00000 34.88200000 1631.91000 111.49000 15.22000 95.32200
24 6 21 09 18 27962.30000 34.91400000 1631.70000 111.49000 15.22000 95.32200
24 6 21 09 19 27956.50000 34.91400000 1631.49000 111.49000 15.22000 95.32200
24 6 21 09 19 27951.80000 34.91400000 1631.43000 111.59000 15.22000 95.32200
24 6 21 09 20 27937.90000 34.96000000 1630.70000 111.59000 15.22000 95.32200
24 6 21 09 20 27938.00000 34.96000000 1630.00000 111.59000 15.22000 95.32200
24 6 21 09 21 27937.90000 34.96000000 1629.25000 111.59000 15.22000 95.32200
24 6 21 09 21 27900.10000 34.96000000 1628.24000 111.59000 15.22000 95.32200
24 6 21 09 21 27900.10000 34.96000000 1627.01000 111.59000 15.22000 95.32200
24 6 21 09 22 27900.00000 34.96000000 1627.02000 111.13000 15.22000 95.32200
24 6 21 09 22 27900.10000 34.96000000 1627.02000 111.13000 15.22000 95.32200
24 6 21 09 23 27886.20000 34.96000000 1627.63000 111.13000 15.22000 95.32200
24 6 21 09 23 27848.30000 34.96000000 1626.50000 111.13000 15.22600 94.65800
24 6 21 09 24 27850.00000 34.96000000 1626.24000 110.98000 15.22600 94.65800
24 6 21 09 24 27847.50000 34.78200000 1626.24000 110.96000 15.22600 94.65800
24 6 21 09 24 27862.40000 34.78200000 1626.24000 110.96000 15.22600 94.65800
24 6 21 09 25 27887.30000 34.78200000 1627.34000 110.96000 15.22600 94.65800
24 6 21 09 25 27887.50000 34.78200000 1627.13000 110.96000 15.22600 94.65800
24 6 21 09 26 27899.40000 34.78200000 1627.12000 110.96000 15.22600 94.65800
24 6 21 09 26 27910.50000 34.78200000 1627.25000 110.96000 15.22600 94.65800
24 6 21 09 27 27914.20000 34.78200000 1627.25000 110.96000 15.22600 94.65800
24 6 21 09 27 27914.10000 34.78200000 1626.74000 110.96000 15.22600 94.65800
24 6 21 09 27 27914.20000 34.78200000 1626.75000 110.87000 15.22600 94.65800
24 6 21 09 28 27914.10000 34.78200000 1626.75000 110.87000 15.22600 94.65800
24 6 21 09 28 27914.20000 34.78200000 1627.79000 110.87000 15.22600 94.65800
24 6 21 09 29 27914.20000 34.78200000 1629.64000 110.87000 15.22600 94.65800
24 6 21 09 29 27929.80000 34.78200000 1629.32000 111.01000 15.22600 94.65800
24 6 21 09 30 27937.80000 34.78200000 1630.54000 111.01000 15.22600 94.65800
24 6 21 09 30 27961.20000 34.78200000 1631.55000 111.04000 15.22600 94.65800
24 6 21 09 30 27968.00000 34.78200000 1631.80000 111.04000 15.22600 94.65800
24 6 21 09 31 27969.40000 34.78200000 1631.22000 111.00000 15.22600 94.65800
24 6 21 09 31 27960.00000 34.78200000 1631.23000 111.05000 15.22600 94.65800
24 6 21 09 32 27914.20000 34.78200000 1631.22000 111.05000 15.22600 94.65800
24 6 21 09 32 27914.20000 34.78200000 1628.31000 110.90000 15.22600 94.65800
24 6 21 09 33 27914.20000 34.78200000 1628.41000 110.90000 15.22600 94.30500
24 6 21 09 33 27916.10000 34.78200000 1628.41000 110.90000 15.22600 94.30500
24 6 21 09 33 27938.50000 34.78200000 1628.41000 110.90000 15.22600 94.30500
24 6 21 09 34 27965.20000 34.78200000 1631.21000 110.99000 15.22600 94.30500
24 6 21 09 34 27957.20000 34.91500000 1631.96000 110.99000 15.22600 94.30500
24 6 21 09 35 27960.30000 34.91500000 1631.96000 111.02000 15.22600 94.30500
24 6 21 09 35 27949.30000 34.87500000 1631.76000 110.96000 15.22600 94.30500
24 6 21 09 36 27943.90000 34.87500000 1631.16000 111.00000 15.22600 94.30500
24 6 21 09 36 27938.40000 34.87500000 1630.16000 111.00000 15.17200 94.30500
24 6 21 09 36 27948.30000 34.87500000 1629.97000 111.00000 15.17200 94.30500
24 6 21 09 37 27949.10000 34.87500000 1629.73000 111.00000 15.17200 94.30500
24 6 21 09 37 27947.10000 34.87500000 1629.94000 111.00000 15.17200 94.30500
24 6 21 09 38 27962.80000 34.87500000 1630.66000 111.13000 15.17200 94.30500
24 6 21 09 38 27968.60000 34.87500000 1630.66000 111.13000 15.17200 94.30500
24 6 21 09 39 28055.30000 34.87500000 1631.96000 111.13000 15.17200 94.30500
24 6 21 09 39 28108.50000 34.93800000 1637.82000 111.68000 15.17200 94.30500
24 6 21 09 39 28102.70000 34.93800000 1637.17000 111.68000 15.17200 94.30500
24 6 21 09 40 28067.60000 34.93800000 1637.12000 111.68000 15.17200 94.30500
24 6 21 09 40 28058.70000 34.93800000 1637.37000 111.68000 15.17200 94.30500
24 6 21 09 41 28029.90000 34.93800000 1636.08000 111.68000 15.17200 94.30500
24 6 21 09 41 28018.70000 34.93800000 1636.08000 111.68000 15.17200 94.30500
24 6 21 09 42 28018.70000 34.90000000 1634.21000 111.37000 15.17200 94.30500
24 6 21 09 42 28018.80000 34.90000000 1634.21000 111.32000 15.17200 94.30500
24 6 21 09 43 28018.70000 34.90000000 1633.03000 111.20000 15.17200 94.30500
24 6 21 09 43 28018.80000 34.90000000 1633.28000 111.20000 15.17200 94.30500
24 6 21 09 43 28018.70000 34.90000000 1634.16000 111.20000 15.17200 94.75800
24 6 21 09 44 28018.80000 34.90000000 1634.15000 111.20000 15.17200 94.75800
24 6 21 09 44 28018.70000 34.90000000 1632.05000 111.20000 15.17200 94.75800
24 6 21 09 45 27980.70000 34.90000000 1632.58000 111.20000 15.17200 94.75800
24 6 21 09 45 28005.10000 34.90000000 1632.00000 111.26000 15.17200 94.75800
24 6 21 09 46 28005.00000 34.90000000 1631.92000 111.26000 15.17200 94.75800
24 6 21 09 46 28005.00000 34.90000000 1632.16000 111.26000 15.17200 94.75800
24 6 21 09 46 28000.00000 34.90000000 1631.22000 111.26000 15.17200 94.75800
24 6 21 09 47 28000.10000 34.90600000 1630.94000 111.26000 15.17200 94.75800
24 6 21 09 47 28000.10000 34.90600000 1630.94000 111.28000 15.17200 94.78400
24 6 21 09 48 28000.00000 34.90600000 1631.47000 111.29000 15.20800 94.78400
24 6 21 09 48 27976.80000 34.90600000 1630.95000 111.29000 15.20800 94.78400
24 6 21 09 49 27977.70000 34.90600000 1630.95000 111.29000 15.20800 94.78400
