M=[
 7 11 20 06 51 13087.10000 4.55100000 386.10000 53.44000 12.35100 51.06400
 7 11 20 06 51 13089.10000 4.55100000 386.14000 53.51000 12.35100 51.06400
 7 11 20 06 51 13089.30000 4.55100000 386.10000 53.51000 12.35100 51.06400
 7 11 20 06 52 13093.90000 4.55100000 386.26000 53.51000 12.35100 51.06400
 7 11 20 06 52 13091.40000 4.55100000 386.17000 53.51000 12.35100 51.06400
 7 11 20 06 53 13097.00000 4.55100000 386.17000 53.59000 12.35100 51.06400
 7 11 20 06 53 13095.10000 4.55100000 386.24000 53.42000 12.35100 51.06400
 7 11 20 06 54 13101.40000 4.55100000 386.25000 53.42000 12.35100 51.06400
 7 11 20 06 54 13103.50000 4.55100000 386.22000 53.42000 12.35100 51.06400
 7 11 20 06 54 13105.90000 4.55100000 386.46000 53.53000 12.35100 51.06400
 7 11 20 06 55 13101.60000 4.55100000 385.91000 53.56000 12.35100 51.06400
 7 11 20 06 55 13094.30000 4.55100000 386.04000 53.56000 12.35100 51.06400
 7 11 20 06 56 13102.50000 4.55100000 386.13000 53.56000 12.35100 51.06400
 7 11 20 06 56 13106.50000 4.55100000 386.13000 53.56000 12.35100 51.06400
 7 11 20 06 57 13105.90000 4.55100000 386.43000 53.51000 12.40900 51.06400
 7 11 20 06 57 13103.30000 4.55100000 386.29000 53.51000 12.40900 51.06400
 7 11 20 06 57 13104.10000 4.55100000 386.30000 53.51000 12.26200 51.06400
 7 11 20 06 58 13103.70000 4.55100000 386.30000 53.51000 12.26200 51.06400
 7 11 20 06 58 13102.60000 4.55100000 386.30000 53.51000 12.26200 51.06400
 7 11 20 06 59 13102.80000 4.55100000 386.30000 53.51000 12.26200 51.06400
 7 11 20 06 59 13103.80000 4.55100000 386.46000 53.51000 12.26200 51.06400
 7 11 20 07 00 13106.80000 4.55100000 387.00000 53.53000 12.26200 51.06400
 7 11 20 07 00 13106.80000 4.55100000 387.00000 53.55000 12.26200 51.06400
 7 11 20 07 00 13108.00000 4.55100000 387.00000 53.55000 12.31900 51.06400
 7 11 20 07 01 13108.30000 4.55100000 387.01000 53.60000 12.31900 51.06400
 7 11 20 07 01 13109.40000 4.59200000 387.20000 53.60000 12.31900 51.44900
 7 11 20 07 02 13108.40000 4.59200000 387.24000 53.60000 12.31900 51.44900
 7 11 20 07 02 13109.60000 4.59200000 387.35000 53.60000 12.31900 51.44900
 7 11 20 07 03 13109.70000 4.59200000 387.35000 53.64000 12.31900 51.44900
 7 11 20 07 03 13108.30000 4.59200000 387.45000 53.64000 12.31900 51.44900
 7 11 20 07 03 13106.70000 4.59200000 387.59000 53.64000 12.31900 51.44900
 7 11 20 07 04 13100.80000 4.59200000 387.36000 53.64000 12.31900 51.44900
 7 11 20 07 04 13105.60000 4.59200000 387.36000 53.64000 12.31900 51.44900
 7 11 20 07 05 13105.70000 4.60000000 387.43000 53.64000 12.31900 51.44900
 7 11 20 07 05 13106.70000 4.60000000 387.25000 53.64000 12.31900 51.44900
 7 11 20 07 06 13101.20000 4.60000000 387.00000 53.64000 12.31900 51.44900
 7 11 20 07 06 13102.10000 4.60000000 387.00000 53.64000 12.31900 51.44900
 7 11 20 07 06 13099.20000 4.60000000 387.01000 53.65000 12.31900 51.44900
 7 11 20 07 07 13100.80000 4.60000000 387.00000 53.65000 12.31900 51.44900
 7 11 20 07 07 13100.80000 4.60000000 387.00000 53.60000 12.31900 51.44900
 7 11 20 07 08 13086.00000 4.60000000 386.22000 53.60000 12.31900 51.44900
 7 11 20 07 08 13085.70000 4.60000000 386.22000 53.60000 12.31900 51.44900
 7 11 20 07 09 13083.60000 4.60000000 385.85000 53.60000 12.31900 51.44900
 7 11 20 07 09 13079.00000 4.60000000 386.07000 53.46000 12.31900 51.44900
 7 11 20 07 09 13073.70000 4.60000000 385.57000 53.46000 12.31900 51.44900
 7 11 20 07 10 13071.80000 4.60000000 385.63000 53.46000 12.31900 51.44900
 7 11 20 07 10 13071.80000 4.60000000 385.50000 53.46000 12.31900 51.44900
 7 11 20 07 11 13068.10000 4.60000000 385.44000 53.42000 12.31900 51.44900
 7 11 20 07 11 13068.00000 4.60000000 385.15000 53.42000 12.31900 51.44900
 7 11 20 07 12 13068.00000 4.60000000 385.28000 53.42000 12.31900 51.44900
 7 11 20 07 12 13065.20000 4.60000000 385.28000 53.42000 12.31900 51.44900
 7 11 20 07 12 13063.00000 4.60000000 385.22000 53.42000 12.31900 51.44900
 7 11 20 07 13 13059.10000 4.60000000 385.40000 53.33000 12.31900 51.44900
 7 11 20 07 13 13059.00000 4.60000000 385.60000 53.37000 12.31900 51.06100
 7 11 20 07 14 13060.50000 4.60000000 385.53000 53.34000 12.31900 51.06100
 7 11 20 07 14 13066.80000 4.60000000 385.40000 53.34000 12.31900 51.06100
 7 11 20 07 15 13068.00000 4.60000000 385.43000 53.39000 12.31900 51.06100
 7 11 20 07 15 13061.80000 4.60000000 385.32000 53.39000 12.31900 51.06100
 7 11 20 07 15 13069.40000 4.60000000 385.65000 53.39000 12.31900 51.06100
 7 11 20 07 16 13074.90000 4.60000000 385.88000 53.39000 12.31900 51.06100
 7 11 20 07 16 13074.20000 4.60000000 385.92000 53.39000 12.31900 51.06100
 7 11 20 07 17 13072.10000 4.60000000 385.88000 53.39000 12.31900 51.06100
 7 11 20 07 17 13065.20000 4.60000000 385.92000 53.24000 12.31900 51.06100
 7 11 20 07 18 13065.00000 4.60000000 385.92000 53.24000 12.31900 51.06100
 7 11 20 07 18 13061.80000 4.60000000 385.94000 53.32000 12.31900 51.06100
 7 11 20 07 18 13063.40000 4.60000000 385.94000 53.32000 12.31900 51.06100
 7 11 20 07 19 13058.60000 4.60000000 386.33000 53.32000 12.31900 51.06100
 7 11 20 07 19 13056.20000 4.60000000 386.08000 53.32000 12.31900 51.06100
 7 11 20 07 20 13050.10000 4.60000000 386.00000 53.32000 12.31900 51.06100
 7 11 20 07 20 13051.30000 4.60000000 386.00000 53.32000 12.31900 51.06100
 7 11 20 07 21 13051.40000 4.60000000 386.00000 53.32000 12.31900 51.06100
 7 11 20 07 21 13051.30000 4.60000000 386.00000 53.42000 12.31900 51.06100
 7 11 20 07 21 13057.70000 4.60000000 386.33000 53.42000 12.31900 51.06100
 7 11 20 07 22 13056.70000 4.60000000 386.33000 53.42000 12.31900 51.06100
 7 11 20 07 22 13056.10000 4.60000000 386.33000 53.44000 12.31900 51.06100
 7 11 20 07 23 13059.00000 4.60000000 386.33000 53.44000 12.31900 51.06100
 7 11 20 07 23 13054.40000 4.60000000 386.31000 53.44000 12.31900 51.06100
 7 11 20 07 24 13054.40000 4.60000000 386.48000 53.44000 12.31900 51.06100
 7 11 20 07 24 13056.70000 4.60000000 386.47000 53.44000 12.31900 51.06100
 7 11 20 07 24 13054.00000 4.60000000 386.48000 53.42000 12.31900 51.06100
 7 11 20 07 25 13055.90000 4.60000000 386.65000 53.42000 12.31900 51.06100
 7 11 20 07 25 13055.50000 4.60000000 386.22000 53.42000 12.31900 51.06100
 7 11 20 07 26 13052.90000 4.60000000 386.23000 53.43000 12.31900 51.06100
 7 11 20 07 26 13050.10000 4.60000000 386.22000 53.43000 12.31900 51.06100
 7 11 20 07 27 13050.20000 4.60000000 386.23000 53.43000 12.31900 51.06100
 7 11 20 07 27 13051.40000 4.60000000 386.23000 53.43000 12.31900 51.06100
 7 11 20 07 27 13051.60000 4.60000000 386.22000 53.43000 12.31900 51.06100
 7 11 20 07 28 13050.00000 4.60000000 386.21000 53.43000 12.31900 51.06100
 7 11 20 07 28 13050.00000 4.60000000 386.22000 53.43000 12.31900 51.06100
 7 11 20 07 29 13050.00000 4.60000000 386.04000 53.43000 12.31900 51.06100
 7 11 20 07 29 13050.10000 4.60000000 386.01000 53.43000 12.31900 51.06100
 7 11 20 07 30 13050.00000 4.60000000 386.01000 53.43000 12.31900 51.06100
 7 11 20 07 30 13050.00000 4.60000000 386.01000 53.43000 12.31900 51.06100
 7 11 20 07 30 13050.00000 4.60000000 386.01000 53.43000 12.31900 51.06100
 7 11 20 07 31 13050.10000 4.57100000 385.70000 53.43000 12.31900 51.06100
 7 11 20 07 31 13046.30000 4.57100000 385.64000 53.43000 12.46700 51.06100
 7 11 20 07 32 13045.00000 4.58700000 385.52000 53.43000 12.46700 51.06100
 7 11 20 07 32 13045.00000 4.58700000 385.34000 53.43000 12.46700 51.06100
 7 11 20 07 33 13045.00000 4.58700000 385.20000 53.43000 12.46700 51.06100
 7 11 20 07 33 13040.00000 4.58700000 385.21000 53.16000 12.46700 51.06100
 7 11 20 07 33 13035.40000 4.58700000 385.33000 53.16000 12.46700 51.06100
 7 11 20 07 34 13040.70000 4.58700000 385.26000 53.16000 12.46700 51.06100
 7 11 20 07 34 13043.70000 4.58700000 385.26000 53.16000 12.46700 51.06100
 7 11 20 07 35 13045.10000 4.58700000 385.32000 53.31000 12.46700 51.06100
 7 11 20 07 35 13045.00000 4.58700000 385.55000 53.31000 12.39300 51.06100
 7 11 20 07 35 13045.10000 4.58700000 385.59000 53.30000 12.39300 51.12000
