M=[
10 6 21 14 39 30597.80000 48.68500000 2068.90000 137.04000 22.10500 114.00000
10 6 21 14 40 30602.00000 48.68500000 2068.56000 137.04000 22.10500 114.00900
10 6 21 14 40 30649.60000 48.68500000 2072.73000 137.28000 22.10500 114.00900
10 6 21 14 41 30673.00000 48.68500000 2071.53000 137.28000 22.10500 114.00900
10 6 21 14 41 30630.50000 48.68500000 2071.54000 137.26000 22.10500 114.00900
10 6 21 14 42 30638.10000 48.68500000 2070.20000 137.21000 22.10500 114.00900
10 6 21 14 42 30624.80000 48.68500000 2070.20000 137.14000 22.10500 114.00900
10 6 21 14 43 30624.90000 48.68500000 2069.17000 137.14000 22.10500 114.00900
10 6 21 14 43 30594.00000 48.68500000 2068.42000 136.92000 22.10500 113.81100
10 6 21 14 44 30610.60000 48.68500000 2068.70000 136.91000 22.10500 113.81100
10 6 21 14 44 30571.20000 48.68500000 2068.43000 136.84000 22.10500 113.81100
10 6 21 14 45 30621.50000 48.68500000 2068.43000 136.90000 22.10500 113.81100
10 6 21 14 45 30568.70000 48.68500000 2068.44000 136.90000 22.10500 113.81100
10 6 21 14 46 30548.80000 48.68500000 2068.10000 136.90000 22.10500 113.81100
10 6 21 14 46 30550.60000 48.68500000 2068.10000 136.82000 22.10500 113.71100
10 6 21 14 47 30550.00000 48.68500000 2068.11000 136.82000 22.10500 113.71100
10 6 21 14 47 30536.90000 48.68500000 2066.27000 136.82000 22.10500 113.71100
10 6 21 14 48 30559.10000 48.68500000 2068.10000 136.75000 22.10500 113.71100
10 6 21 14 48 30461.40000 48.68500000 2064.96000 136.53000 22.10500 113.71100
10 6 21 14 49 30344.90000 48.39000000 2062.63000 136.17000 21.97900 113.01000
10 6 21 14 49 30323.60000 48.39200000 2063.35000 136.14000 21.97900 113.01000
10 6 21 14 49 30343.40000 48.39200000 2062.59000 136.33000 21.95800 113.01000
10 6 21 14 50 30252.90000 48.39200000 2062.16000 136.17000 21.93700 113.01000
10 6 21 14 50 30291.50000 48.39200000 2062.04000 136.42000 21.93700 113.01000
10 6 21 14 51 30396.10000 48.46700000 2066.98000 136.60000 21.93700 113.01000
10 6 21 14 52 30396.30000 48.46700000 2070.22000 136.84000 21.93700 113.01000
10 6 21 14 52 30396.30000 48.46700000 2070.22000 136.84000 21.93700 113.01000
10 6 21 14 53 30413.00000 48.46700000 2072.98000 137.13000 22.30400 113.01000
10 6 21 14 53 30445.60000 48.46700000 2072.99000 137.13000 22.00700 113.01000
10 6 21 14 54 30500.00000 48.76300000 2075.82000 137.41000 22.01100 113.01000
10 6 21 14 54 30492.50000 48.70100000 2075.82000 137.26000 22.01100 113.01000
10 6 21 14 55 30586.40000 48.80300000 2079.54000 137.64000 22.01100 113.01000
10 6 21 14 55 30541.40000 48.80300000 2078.96000 137.64000 22.01100 113.01000
10 6 21 14 56 30532.60000 48.80300000 2076.40000 137.51000 22.01100 113.01000
10 6 21 14 56 30475.00000 48.74900000 2075.00000 137.35000 22.01100 113.01000
10 6 21 14 57 30425.20000 48.74900000 2072.59000 137.16000 22.04500 113.01000
10 6 21 14 57 30410.80000 48.51500000 2072.91000 137.16000 22.04500 113.01000
10 6 21 14 58 30395.90000 48.51500000 2072.81000 137.16000 22.04500 113.01000
10 6 21 14 58 30373.20000 48.49400000 2070.09000 137.17000 22.04500 113.01000
10 6 21 14 59 30392.80000 48.49400000 2069.99000 137.13000 22.04500 113.01000
10 6 21 14 59 30400.80000 48.51700000 2070.00000 137.13000 22.04500 113.01000
10 6 21 15 00 30403.30000 48.51700000 2072.07000 137.38000 22.04500 114.01800
10 6 21 15 00 30363.80000 48.51700000 2067.70000 137.13000 22.04500 114.01800
10 6 21 15 01 30378.00000 48.51700000 2067.06000 137.11000 22.04500 114.01800
10 6 21 15 01 30409.50000 48.51700000 2072.08000 137.11000 22.04500 114.01800
10 6 21 15 02 30423.70000 48.60000000 2073.59000 137.11000 22.04500 114.01800
10 6 21 15 02 30419.90000 48.60000000 2073.37000 137.11000 22.04500 114.33400
10 6 21 15 03 30428.60000 48.60000000 2072.76000 137.11000 22.04500 114.33400
10 6 21 15 03 30465.80000 48.60000000 2074.08000 137.11000 22.04500 114.33400
10 6 21 15 04 30463.30000 48.60000000 2076.08000 137.82000 22.04500 114.47000
10 6 21 15 04 30457.80000 48.60000000 2075.00000 137.82000 22.04500 114.47000
10 6 21 15 05 30400.00000 48.60000000 2072.77000 137.82000 22.04500 114.47000
10 6 21 15 05 30442.70000 48.60000000 2073.82000 137.71000 22.04500 114.47000
10 6 21 15 06 30494.00000 48.60000000 2074.36000 137.77000 22.04500 114.47000
10 6 21 15 06 30501.00000 48.60000000 2074.69000 137.84000 22.04500 114.47000
10 6 21 15 07 30495.00000 48.60000000 2075.40000 137.79000 22.04500 114.47000
10 6 21 15 07 30488.40000 48.60000000 2075.15000 137.79000 22.04500 114.47000
10 6 21 15 08 30484.50000 48.60000000 2075.82000 137.79000 22.04500 114.47000
10 6 21 15 08 30495.60000 48.60000000 2075.76000 137.83000 22.04500 114.47000
10 6 21 15 09 30514.40000 48.60000000 2075.23000 137.90000 22.04500 114.47000
10 6 21 15 09 30549.60000 48.60000000 2075.48000 137.90000 22.04500 114.47000
10 6 21 15 10 30549.60000 48.60000000 2076.00000 137.99000 22.04500 114.47000
10 6 21 15 10 30549.80000 48.60000000 2076.00000 137.93000 22.04500 114.72500
10 6 21 15 11 30577.80000 48.60000000 2076.06000 138.01000 22.04500 114.72500
10 6 21 15 12 30581.70000 48.91500000 2075.68000 137.90000 22.04500 114.72500
10 6 21 15 12 30555.20000 48.91500000 2075.35000 137.90000 22.04500 114.72500
10 6 21 15 13 30547.50000 48.91500000 2075.92000 137.90000 22.04500 114.72500
10 6 21 15 13 30509.30000 48.91500000 2075.69000 137.90000 22.04500 114.72500
10 6 21 15 14 30493.20000 48.91500000 2075.01000 137.50000 22.04500 114.65700
10 6 21 15 14 30509.30000 48.91500000 2075.18000 137.59000 21.99600 114.65700
10 6 21 15 15 30482.80000 48.91500000 2071.09000 137.33000 21.99600 114.65700
10 6 21 15 15 30471.20000 48.91500000 2071.09000 137.33000 21.99600 114.65700
10 6 21 15 16 30486.00000 48.91500000 2073.69000 137.33000 21.99600 114.65700
10 6 21 15 16 30553.10000 48.91500000 2074.49000 137.33000 21.99500 114.65700
10 6 21 15 16 30530.80000 48.91500000 2075.80000 137.33000 21.99500 114.65700
10 6 21 15 17 30544.50000 48.91500000 2074.64000 137.33000 21.99500 114.65700
10 6 21 15 17 30520.30000 48.91500000 2074.32000 137.73000 21.99500 114.65700
10 6 21 15 18 30509.50000 48.91500000 2073.96000 137.73000 21.99500 114.65700
10 6 21 15 18 30492.80000 48.91500000 2073.96000 137.73000 21.99500 114.65700
10 6 21 15 19 30515.30000 48.91500000 2074.29000 137.73000 21.99500 114.65700
10 6 21 15 19 30526.70000 48.91500000 2073.97000 137.73000 21.99500 114.65700
10 6 21 15 20 30538.40000 48.91500000 2074.75000 137.73000 21.99500 114.65700
10 6 21 15 21 30540.10000 48.91500000 2073.97000 137.73000 21.99500 114.65700
10 6 21 15 21 30555.00000 48.91500000 2076.06000 137.73000 21.99500 114.65700
10 6 21 15 21 30540.10000 48.91500000 2076.06000 137.73000 21.99500 114.65700
10 6 21 15 22 30518.20000 48.91500000 2072.71000 137.57000 21.99500 114.65700
10 6 21 15 23 30515.80000 48.91500000 2073.30000 137.57000 21.99500 114.65700
10 6 21 15 23 30489.20000 48.91500000 2072.86000 137.57000 21.99500 114.65700
10 6 21 15 24 30435.50000 48.91500000 2071.34000 137.32000 21.99500 114.18000
10 6 21 15 24 30432.70000 48.91500000 2070.00000 137.23000 21.99500 114.18000
10 6 21 15 25 30494.90000 48.63700000 2071.44000 137.23000 21.99500 114.18000
10 6 21 15 25 30515.20000 48.64600000 2073.18000 137.23000 21.99500 114.18000
10 6 21 15 26 30515.80000 48.64600000 2074.67000 137.50000 21.99500 114.18000
10 6 21 15 26 30529.10000 48.64600000 2074.49000 137.61000 21.99500 114.18000
10 6 21 15 27 30513.40000 48.64600000 2074.49000 137.61000 21.99500 114.18000
10 6 21 15 27 30530.00000 48.64600000 2075.91000 137.61000 21.99500 114.18000
10 6 21 15 28 30510.00000 48.64600000 2074.71000 137.47000 21.99500 114.18000
10 6 21 15 28 30515.30000 48.64600000 2074.16000 137.47000 21.99500 114.18000
10 6 21 15 29 30475.70000 48.64600000 2074.16000 137.41000 21.91500 114.18000
10 6 21 15 29 30485.30000 48.64600000 2071.83000 137.34000 21.91500 114.18000
10 6 21 15 30 30471.40000 48.64600000 2073.29000 137.34000 21.91500 114.30100
10 6 21 15 30 30435.70000 48.64600000 2070.00000 137.34000 21.89400 114.30100
