M=[
 9 7 20 13 15 8315.20000 5.96800000 217.09000 40.29000 17.53000 51.39100
 9 7 20 13 15 8315.20000 5.96800000 217.09000 40.29000 17.53000 51.39100
 9 7 20 13 16 8311.00000 5.96800000 217.09000 40.29000 17.38100 51.27100
 9 7 20 13 17 8311.10000 5.96800000 217.09000 40.30000 17.84700 51.27100
 9 7 20 13 17 8311.00000 5.96800000 217.36000 40.27000 17.53000 51.25200
 9 7 20 13 17 8311.10000 5.96800000 217.44000 40.27000 17.52900 51.25200
 9 7 20 13 18 8311.10000 5.96800000 217.43000 40.27000 17.53000 51.25200
 9 7 20 13 18 8311.10000 5.96800000 217.61000 40.14000 17.53000 51.25200
 9 7 20 13 19 8311.10000 5.96800000 217.49000 40.32000 17.53000 51.25200
 9 7 20 13 19 8310.90000 5.96800000 217.46000 40.18000 17.44600 51.25200
 9 7 20 13 20 8311.10000 5.96800000 216.19000 40.32000 17.46000 51.25200
 9 7 20 13 20 8311.00000 5.96800000 217.26000 40.32000 17.42200 51.25200
 9 7 20 13 21 8311.10000 5.96800000 217.25000 40.32000 17.42200 50.99900
 9 7 20 13 22 8278.00000 5.96800000 217.26000 40.17000 17.42200 51.51000
 9 7 20 13 22 8318.00000 5.96800000 217.30000 40.32000 17.84700 51.32000
 9 7 20 13 22 8311.10000 5.96800000 217.27000 40.27000 17.42200 51.32000
 9 7 20 13 23 8311.10000 5.95400000 217.26000 40.32000 17.42200 51.51000
 9 7 20 13 23 8311.00000 5.96800000 217.22000 40.19000 17.42200 51.20000
 9 7 20 13 24 8311.00000 5.96800000 217.21000 40.19000 17.42200 51.16100
 9 7 20 13 24 8311.00000 5.96800000 217.16000 40.32000 17.44600 51.16100
 9 7 20 13 25 8311.10000 5.96800000 216.92000 40.19000 17.42200 51.11900
 9 7 20 13 25 8318.10000 5.96800000 216.92000 40.19000 17.44600 51.11900
 9 7 20 13 26 8311.10000 5.96800000 216.97000 40.19000 17.44600 51.11300
 9 7 20 13 26 8311.10000 5.96800000 217.08000 40.19000 17.42200 51.11300
 9 7 20 13 27 8311.00000 5.96800000 217.10000 40.14000 17.42200 51.11300
 9 7 20 13 27 8311.10000 5.96800000 217.10000 40.14000 17.35600 51.11300
 9 7 20 13 28 8311.10000 5.96800000 217.13000 40.14000 17.44600 51.11300
 9 7 20 13 28 8311.10000 5.96800000 217.13000 40.14000 17.42200 51.11300
 9 7 20 13 29 8311.10000 5.96800000 217.18000 40.14000 17.42200 51.11300
 9 7 20 13 29 8311.10000 5.96800000 217.20000 40.12000 17.42200 51.11300
 9 7 20 13 30 8311.00000 5.96800000 217.02000 40.12000 17.42200 51.11300
 9 7 20 13 30 8311.10000 5.96800000 216.93000 40.20000 17.42200 51.11300
 9 7 20 13 31 8311.10000 5.96800000 216.99000 40.12000 17.42200 51.11300
 9 7 20 13 31 8311.10000 5.97400000 217.19000 40.12000 17.42200 51.11300
 9 7 20 13 32 8311.10000 5.97400000 217.49000 40.12000 17.42200 51.11300
 9 7 20 13 32 8311.00000 5.96800000 217.24000 40.20000 17.42200 51.11300
 9 7 20 13 33 8315.80000 5.96800000 217.24000 40.20000 17.20400 51.11300
 9 7 20 13 34 8316.20000 5.96800000 217.37000 40.15000 17.42200 50.99900
 9 7 20 13 33 8317.90000 5.96800000 217.37000 40.20000 17.42200 51.11300
 9 7 20 13 34 8315.80000 5.96800000 217.38000 40.20000 17.42200 51.11300
 9 7 20 13 34 8317.90000 5.96800000 217.38000 40.20000 17.42200 51.11300
 9 7 20 13 35 8317.90000 5.96800000 217.38000 40.20000 17.42200 51.21300
 9 7 20 13 35 8317.80000 5.96800000 217.38000 40.20000 17.44600 51.11300
 9 7 20 13 36 8318.00000 5.96800000 217.38000 40.20000 17.42200 51.11300
 9 7 20 13 36 8317.90000 5.96800000 217.09000 40.15000 17.42200 51.11300
 9 7 20 13 37 8317.00000 5.89000000 217.34000 40.15000 17.42200 51.11300
 9 7 20 13 37 8317.00000 5.96800000 217.19000 40.15000 17.42200 51.11300
 9 7 20 13 38 8315.80000 5.95400000 216.19000 40.15000 17.42200 51.11300
 9 7 20 13 39 8315.80000 5.91600000 217.08000 40.15000 17.42200 51.11300
 9 7 20 13 39 8315.80000 5.91600000 217.08000 40.15000 17.42200 51.11300
 9 7 20 13 39 8315.80000 5.91600000 217.11000 40.15000 17.41100 51.11300
 9 7 20 13 40 8315.80000 5.91600000 217.11000 40.15000 17.41100 51.11300
 9 7 20 13 41 8315.80000 5.91600000 217.11000 40.05000 17.46700 51.11300
 9 7 20 13 41 8315.80000 5.91600000 217.13000 40.05000 17.41100 51.11300
 9 7 20 13 41 8314.10000 5.89000000 217.11000 40.05000 17.41100 51.11300
 9 7 20 13 42 8310.90000 5.91600000 217.08000 40.05000 17.53000 50.99900
 9 7 20 13 42 8312.20000 5.91600000 217.00000 40.05000 17.84700 51.11300
 9 7 20 13 44 8312.30000 5.91600000 217.09000 40.05000 17.41100 51.11300
 9 7 20 13 44 8312.30000 5.91600000 217.00000 40.05000 17.41100 51.11300
 9 7 20 13 44 8312.20000 5.91600000 217.08000 40.05000 17.41100 51.11300
 9 7 20 13 44 8310.90000 5.91600000 217.06000 40.03000 17.41100 50.97400
 9 7 20 13 46 8311.50000 5.89400000 216.67000 40.02000 17.41100 50.99900
 9 7 20 13 46 8311.00000 5.89400000 217.11000 40.02000 17.41100 50.94100
 9 7 20 13 46 8310.00000 5.89400000 216.82000 39.98000 17.38100 50.94100
 9 7 20 13 47 8310.10000 5.91600000 217.09000 39.98000 17.41100 50.94100
 9 7 20 13 47 8310.10000 5.89400000 216.19000 39.98000 17.42500 50.90400
 9 7 20 13 48 8310.10000 5.89400000 216.88000 39.98000 17.42500 50.90400
 9 7 20 13 48 8307.10000 5.89000000 216.88000 39.98000 17.42500 50.90400
 9 7 20 13 49 8307.00000 5.89400000 217.49000 39.98000 17.45600 50.90400
 9 7 20 13 49 8301.50000 5.89400000 216.75000 39.97000 17.41100 50.89900
 9 7 20 13 50 8300.70000 5.89400000 216.75000 39.97000 17.42500 51.11300
 9 7 20 13 50 8300.70000 5.89400000 216.67000 39.98000 17.42500 50.89900
 9 7 20 13 51 8300.10000 5.89400000 217.11000 40.15000 17.42500 50.80600
 9 7 20 13 51 8300.00000 5.89400000 216.77000 40.04000 17.41100 50.80600
 9 7 20 13 52 8300.00000 5.89400000 216.77000 40.05000 17.42500 50.80600
 9 7 20 13 52 8272.30000 5.89600000 216.95000 40.04000 17.42500 50.80600
 9 7 20 13 53 8300.10000 5.97400000 216.95000 40.04000 17.41100 50.87600
 9 7 20 13 53 8310.10000 5.97400000 216.97000 40.18000 17.42500 50.87500
 9 7 20 13 54 8304.40000 5.89600000 216.96000 40.02000 17.46000 51.11300
 9 7 20 13 54 8304.40000 5.89600000 216.96000 40.18000 17.42500 50.87500
 9 7 20 13 55 8304.40000 5.89600000 216.96000 40.02000 17.42500 50.87500
 9 7 20 13 55 8304.70000 5.89600000 216.19000 40.03000 17.42500 50.87500
 9 7 20 13 56 8296.10000 5.89600000 217.11000 40.03000 17.41100 50.87500
 9 7 20 13 56 8305.70000 5.89600000 217.11000 40.03000 17.42500 51.11300
 9 7 20 13 57 8305.70000 5.97400000 217.10000 40.03000 17.42500 50.87500
 9 7 20 13 58 8305.70000 5.92500000 217.11000 40.04000 17.42500 50.87500
 9 7 20 13 58 8305.90000 5.92500000 217.23000 40.04000 17.42500 50.87500
 9 7 20 13 59 8310.60000 5.92500000 217.11000 40.15000 17.42500 50.87500
 9 7 20 13 59 8311.10000 5.92500000 217.11000 40.02000 17.42500 50.87500
 9 7 20 13 59 8311.20000 5.92500000 217.14000 40.02000 17.41100 50.87500
 9 7 20 14 00 8311.10000 5.92500000 217.18000 40.15000 17.42500 51.53100
 9 7 20 14 00 8311.10000 5.92500000 217.16000 40.05000 17.42500 50.87500
 9 7 20 14 01 8311.20000 5.92500000 217.16000 40.05000 17.46700 51.16100
 9 7 20 14 01 8311.70000 5.92500000 217.16000 40.05000 17.42500 50.87500
 9 7 20 14 02 8311.20000 5.97400000 216.95000 40.15000 17.42500 50.87500
 9 7 20 14 02 8311.20000 5.92500000 217.00000 39.99000 17.42500 50.87500
 9 7 20 14 03 8311.10000 5.92500000 217.00000 40.01000 17.84700 50.87500
 9 7 20 14 03 8311.20000 5.92500000 216.82000 40.01000 17.42500 50.87500
 9 7 20 14 04 8311.10000 5.92500000 216.81000 40.01000 17.42500 50.87500
 9 7 20 14 05 8311.20000 5.91500000 216.89000 40.15000 17.42500 50.87500
 9 7 20 14 05 8311.10000 5.91500000 217.02000 40.05000 17.42500 50.87500
 9 7 20 14 05 8311.10000 5.91500000 216.90000 40.00000 17.42500 50.87500
 9 7 20 14 06 8311.00000 5.91500000 216.94000 40.00000 17.42500 50.87500
 9 7 20 14 06 8307.80000 5.91500000 216.94000 40.00000 17.42500 51.51000
 9 7 20 14 07 8309.80000 5.91500000 216.88000 40.15000 17.42500 50.99900
 9 7 20 14 08 8308.90000 5.91500000 216.87000 40.01000 17.42500 50.87500
 9 7 20 14 07 8278.00000 5.91500000 216.75000 39.97000 17.84700 50.80600
 9 7 20 14 08 8317.90000 5.91500000 216.71000 39.98000 17.42500 50.87500
 9 7 20 14 09 8306.10000 5.91500000 217.09000 39.98000 17.42500 50.87500
