M=[
31 7 20 07 11 9366.90000 6.17800000 283.73000 47.90000 17.24300 60.23100
31 7 20 07 11 9366.80000 6.17800000 283.84000 47.90000 17.24300 60.23100
31 7 20 07 12 9367.60000 6.17800000 283.83000 47.90000 17.24300 60.23100
31 7 20 07 12 9368.30000 6.17800000 283.86000 47.88000 17.24300 60.23100
31 7 20 07 12 9367.80000 6.17800000 283.77000 47.88000 17.24300 60.23100
31 7 20 07 13 9367.70000 6.17800000 283.82000 47.88000 17.24300 60.23100
31 7 20 07 13 9368.20000 6.17800000 283.75000 47.84000 17.24300 60.23100
31 7 20 07 14 9367.20000 6.17800000 283.75000 47.83000 17.24300 60.23100
31 7 20 07 14 9367.10000 6.17800000 283.51000 47.83000 17.24300 60.23100
31 7 20 07 15 9367.00000 6.17800000 283.51000 47.81000 17.24300 60.23100
31 7 20 07 15 9367.00000 6.17800000 283.10000 47.81000 17.24200 60.23100
31 7 20 07 16 9367.00000 6.17800000 283.02000 47.81000 17.24200 60.23100
31 7 20 07 16 9367.00000 6.17800000 283.17000 47.81000 17.24200 60.23100
31 7 20 07 17 9367.50000 6.17800000 283.48000 47.81000 17.24200 60.23100
31 7 20 07 17 9368.10000 6.17800000 283.48000 47.81000 17.24200 60.23100
31 7 20 07 18 9368.00000 6.17800000 283.58000 47.81000 17.24200 60.23100
31 7 20 07 18 9368.20000 6.17800000 283.93000 47.81000 17.24200 60.23100
31 7 20 07 19 9369.10000 6.17800000 283.92000 47.81000 17.24200 60.23100
31 7 20 07 19 9373.10000 6.17800000 284.06000 47.81000 17.24200 60.23100
31 7 20 07 20 9371.50000 6.17800000 283.99000 47.81000 17.24200 60.23100
31 7 20 07 20 9373.20000 6.17800000 284.19000 47.81000 17.24200 60.23100
31 7 20 07 21 9374.20000 6.17800000 284.29000 47.81000 17.24200 60.23100
31 7 20 07 21 9376.90000 6.17800000 284.29000 47.81000 17.24200 60.23100
31 7 20 07 21 9377.70000 6.17800000 284.29000 47.81000 17.24200 60.23100
31 7 20 07 22 9377.80000 6.17800000 284.45000 47.81000 17.24200 60.23100
31 7 20 07 22 9379.40000 6.17800000 284.48000 47.81000 17.24200 60.23100
31 7 20 07 23 9380.50000 6.17800000 284.58000 47.93000 17.24200 60.23100
31 7 20 07 23 9382.10000 6.17800000 284.49000 47.93000 17.24200 60.23100
31 7 20 07 24 9382.00000 6.17800000 284.48000 47.93000 17.24200 60.23100
31 7 20 07 24 9383.60000 6.17800000 284.52000 47.93000 17.24200 60.23100
31 7 20 07 25 9382.10000 6.17800000 284.51000 47.93000 17.24200 60.23100
31 7 20 07 25 9382.10000 6.17800000 284.51000 47.93000 17.24200 60.23100
31 7 20 07 26 9382.10000 6.15600000 284.51000 47.93000 17.24200 60.23100
31 7 20 07 26 9382.00000 6.15600000 284.52000 47.93000 17.24200 60.23100
31 7 20 07 27 9382.00000 6.15600000 284.51000 47.93000 17.24200 60.23100
31 7 20 07 27 9382.00000 6.15600000 284.51000 47.93000 17.24200 60.23100
31 7 20 07 28 9382.10000 6.15600000 284.61000 47.93000 17.24200 60.23100
31 7 20 07 28 9382.10000 6.15600000 284.70000 47.93000 17.24200 60.23100
31 7 20 07 29 9382.10000 6.15600000 284.73000 47.93000 17.24000 60.23100
31 7 20 07 29 9382.10000 6.15600000 284.72000 47.93000 17.24000 60.23100
31 7 20 07 30 9382.10000 6.15600000 284.68000 47.93000 17.24000 60.23100
31 7 20 07 30 9382.00000 6.15600000 284.63000 47.93000 17.24000 60.23100
31 7 20 07 30 9383.90000 6.15600000 284.63000 47.93000 17.24000 60.23100
31 7 20 07 31 9378.80000 6.15600000 284.80000 47.92000 17.24000 60.23100
31 7 20 07 31 9378.20000 6.15600000 284.82000 47.92000 17.24000 60.23100
31 7 20 07 32 9378.00000 6.15600000 284.62000 47.92000 17.24000 60.23100
31 7 20 07 32 9378.60000 6.15200000 284.63000 47.92000 17.24000 60.23100
31 7 20 07 33 9380.00000 6.15200000 284.61000 47.92000 17.24000 60.23100
31 7 20 07 33 9380.10000 6.15200000 284.52000 47.92000 17.24000 60.23100
31 7 20 07 34 9381.40000 6.15200000 284.52000 47.92000 17.24000 60.23100
31 7 20 07 34 9380.70000 6.15200000 284.53000 47.92000 17.24000 60.23100
31 7 20 07 35 9380.20000 6.15200000 284.39000 47.92000 17.24000 60.23100
31 7 20 07 35 9380.20000 6.15200000 284.39000 47.92000 17.24000 60.23100
31 7 20 07 36 9380.20000 6.15200000 284.39000 47.92000 17.24000 60.23100
31 7 20 07 36 9380.10000 6.15200000 284.40000 47.92000 17.24000 60.23100
31 7 20 07 36 9380.20000 6.15200000 283.93000 47.85000 17.24000 60.23100
31 7 20 07 37 9378.20000 6.15200000 284.00000 47.85000 17.24000 60.23100
31 7 20 07 37 9380.00000 6.15200000 284.00000 47.85000 17.24000 60.23100
31 7 20 07 38 9378.50000 6.15200000 284.14000 47.85000 17.24000 60.23100
31 7 20 07 38 9380.00000 6.15200000 284.11000 47.85000 17.24000 60.23100
31 7 20 07 39 9379.90000 6.15200000 284.20000 47.85000 17.24000 60.23100
31 7 20 07 39 9379.90000 6.15200000 284.15000 47.85000 17.24000 60.23100
31 7 20 07 40 9380.90000 6.15200000 284.17000 47.85000 17.24000 60.23100
31 7 20 07 40 9382.00000 6.15200000 284.13000 47.85000 17.24000 60.23100
31 7 20 07 41 9381.50000 6.15200000 284.19000 47.85000 17.24000 60.23100
31 7 20 07 41 9383.80000 6.15200000 284.59000 47.85000 17.24000 60.23100
31 7 20 07 42 9383.70000 6.15200000 284.63000 47.85000 17.24000 60.23100
31 7 20 07 42 9383.80000 6.15200000 284.70000 47.85000 17.24000 60.23100
31 7 20 07 43 9383.90000 6.15200000 284.80000 47.85000 17.20500 60.17000
31 7 20 07 43 9384.00000 6.15200000 284.80000 47.85000 17.20500 60.17000
31 7 20 07 44 9394.70000 6.15200000 284.88000 47.85000 17.21100 60.17000
31 7 20 07 44 9398.00000 6.15200000 284.92000 47.85000 17.21100 60.17000
31 7 20 07 45 9398.00000 6.15400000 284.82000 47.85000 17.21100 60.17000
31 7 20 07 45 9397.90000 6.15400000 284.61000 47.85000 17.21100 60.17000
31 7 20 07 46 9397.00000 6.15400000 284.63000 47.85000 17.21100 60.32900
31 7 20 07 46 9397.90000 6.15400000 284.47000 47.85000 17.27500 60.32900
31 7 20 07 46 9397.90000 6.15400000 284.47000 47.85000 17.27500 60.32900
31 7 20 07 47 9399.60000 6.15500000 284.30000 47.88000 17.27500 60.32900
31 7 20 07 47 9397.10000 6.15500000 284.17000 47.88000 17.27500 60.32900
31 7 20 07 48 9398.40000 6.15500000 284.16000 47.88000 17.20600 60.32900
31 7 20 07 48 9399.90000 6.15500000 284.21000 47.86000 17.20600 60.32900
31 7 20 07 49 9400.00000 6.15500000 284.40000 47.86000 17.20600 60.32900
31 7 20 07 49 9399.90000 6.15500000 284.49000 47.86000 17.20600 60.32900
31 7 20 07 50 9399.90000 6.15500000 284.18000 47.82000 17.20600 60.32900
31 7 20 07 50 9399.90000 6.15500000 284.32000 47.82000 17.20600 60.32900
31 7 20 07 51 9399.90000 6.15500000 284.32000 47.83000 17.20600 60.32900
31 7 20 07 51 9400.00000 6.15500000 284.16000 47.83000 17.20600 60.32900
31 7 20 07 52 9400.00000 6.15500000 284.15000 47.83000 17.20600 60.32900
31 7 20 07 52 9399.80000 6.15500000 284.16000 47.83000 17.20600 60.32900
31 7 20 07 53 9399.70000 6.15500000 284.14000 47.83000 17.20600 60.32900
31 7 20 07 53 9398.90000 6.15500000 284.15000 47.83000 17.20600 60.32900
31 7 20 07 53 9398.90000 6.15500000 284.15000 47.80000 17.20600 60.32900
31 7 20 07 54 9398.90000 6.15500000 284.14000 47.80000 17.20600 60.32900
31 7 20 07 54 9399.30000 6.15500000 284.15000 47.76000 17.20600 60.32900
31 7 20 07 55 9398.80000 6.15500000 284.14000 47.76000 17.20600 60.32900
31 7 20 07 55 9397.10000 6.15500000 283.98000 47.76000 17.20600 60.32900
31 7 20 07 56 9397.10000 6.15500000 283.98000 47.76000 17.20600 60.32900
31 7 20 07 56 9397.20000 6.15500000 283.98000 47.76000 17.20600 60.32900
31 7 20 07 57 9397.20000 6.15500000 283.98000 47.76000 17.20600 60.24300
31 7 20 07 57 9397.20000 6.15500000 283.98000 47.76000 17.20600 60.24300
31 7 20 07 58 9397.10000 6.15500000 284.69000 47.76000 17.20600 60.30000
31 7 20 07 58 9397.20000 6.15500000 284.73000 47.76000 17.20700 60.30000
31 7 20 07 59 9397.20000 6.15500000 284.72000 47.76000 17.20700 60.30000
31 7 20 07 59 9400.00000 6.15500000 284.70000 47.76000 17.20700 60.30000
31 7 20 08 00 9399.90000 6.15500000 284.72000 47.89000 17.20700 60.30000
31 7 20 08 00 9400.00000 6.15500000 284.72000 47.89000 17.20700 60.24000
31 7 20 08 01 9399.90000 6.15500000 284.71000 47.89000 17.20700 60.24000
31 7 20 08 01 9399.90000 6.15500000 284.73000 47.88000 17.20700 60.24000
31 7 20 08 02 9400.00000 6.15500000 284.71000 47.88000 17.20700 60.24000
