M=[
21 7 20 08 41 8160.70000 5.37100000 211.45000 38.10000 18.61600 52.67600
21 7 20 08 42 8160.70000 5.37100000 211.54000 38.08000 18.61600 52.67600
21 7 20 08 42 8161.20000 5.37100000 211.41000 38.08000 18.61600 52.67600
21 7 20 08 42 8161.00000 5.37100000 211.41000 38.08000 18.61600 52.67600
21 7 20 08 43 8160.90000 5.37100000 211.40000 38.08000 18.61600 52.67600
21 7 20 08 43 8160.20000 5.37100000 211.42000 38.08000 18.61600 52.67600
21 7 20 08 44 8160.20000 5.37100000 211.43000 38.13000 18.61600 52.67600
21 7 20 08 44 8160.30000 5.37100000 211.41000 38.13000 18.61600 52.67600
21 7 20 08 45 8160.30000 5.37100000 211.40000 38.13000 18.61600 52.67600
21 7 20 08 45 8160.20000 5.37100000 211.41000 38.13000 18.61600 52.67600
21 7 20 08 46 8157.90000 5.37100000 211.41000 38.13000 18.61600 52.67600
21 7 20 08 46 8157.70000 5.37100000 211.43000 38.13000 18.61600 52.67600
21 7 20 08 47 8157.10000 5.37100000 211.43000 38.13000 18.61600 52.67600
21 7 20 08 47 8157.80000 5.37100000 211.45000 38.13000 18.61600 52.67600
21 7 20 08 47 8160.90000 5.37100000 211.44000 38.10000 18.61600 52.67600
21 7 20 08 48 8159.00000 5.37100000 211.57000 38.10000 18.61600 52.67600
21 7 20 08 48 8156.30000 5.37100000 211.57000 38.10000 18.61600 52.67600
21 7 20 08 49 8158.80000 5.37100000 211.57000 38.10000 18.61600 52.62400
21 7 20 08 49 8158.50000 5.37100000 211.59000 38.10000 18.72300 52.62400
21 7 20 08 50 8157.30000 5.37100000 211.59000 38.10000 18.72300 52.62400
21 7 20 08 50 8156.60000 5.37100000 211.59000 38.11000 18.72300 52.62400
21 7 20 08 51 8157.40000 5.37100000 211.64000 38.11000 18.72300 52.62400
21 7 20 08 51 8158.40000 5.37100000 211.64000 38.11000 18.72300 52.62400
21 7 20 08 51 8158.20000 5.37100000 211.65000 38.11000 18.72300 52.62400
21 7 20 08 52 8155.70000 5.37100000 211.65000 38.08000 18.72300 52.62400
21 7 20 08 52 8155.10000 5.37100000 211.64000 38.08000 18.72300 52.61000
21 7 20 08 53 8153.60000 5.37100000 211.65000 38.10000 18.72300 52.61000
21 7 20 08 53 8153.60000 5.37100000 211.65000 38.10000 18.72300 52.61000
21 7 20 08 54 8153.70000 5.37100000 211.56000 38.10000 18.72300 52.61000
21 7 20 08 54 8153.80000 5.36900000 211.47000 38.10000 18.70700 52.61000
21 7 20 08 55 8153.00000 5.36900000 211.47000 38.05000 18.70700 52.61000
21 7 20 08 55 8152.90000 5.36900000 211.47000 38.05000 18.70700 52.61000
21 7 20 08 56 8148.20000 5.36900000 211.40000 38.05000 18.70700 52.61000
21 7 20 08 56 8150.00000 5.36900000 211.39000 38.05000 18.70700 52.61000
21 7 20 08 56 8149.60000 5.36900000 211.39000 38.05000 18.70700 52.61000
21 7 20 08 57 8150.00000 5.36900000 211.32000 38.05000 18.70700 52.61000
21 7 20 08 57 8150.00000 5.36900000 211.33000 38.05000 18.70700 52.61000
21 7 20 08 58 8149.90000 5.36900000 211.33000 38.05000 18.70700 52.61000
21 7 20 08 58 8150.00000 5.36900000 211.54000 38.05000 18.70700 52.61000
21 7 20 08 59 8149.90000 5.36900000 211.55000 38.05000 18.70700 52.61000
21 7 20 08 59 8149.90000 5.36900000 211.50000 38.05000 18.70700 52.61000
21 7 20 09 00 8152.90000 5.36900000 211.51000 38.05000 18.70700 52.61000
21 7 20 09 00 8153.00000 5.37300000 211.79000 38.05000 18.70700 52.61000
21 7 20 09 01 8158.80000 5.37900000 212.00000 38.09000 18.70700 52.60000
21 7 20 09 01 8158.90000 5.37900000 212.00000 38.09000 18.70700 52.60000
21 7 20 09 02 8158.90000 5.37900000 212.10000 38.09000 18.70700 52.61000
21 7 20 09 02 8161.60000 5.38100000 212.19000 38.09000 18.70700 52.61000
21 7 20 09 03 8161.20000 5.38100000 212.18000 38.09000 18.70700 52.61000
21 7 20 09 03 8161.70000 5.38700000 212.14000 38.09000 18.65000 52.61000
21 7 20 09 04 8162.50000 5.38700000 212.16000 38.09000 18.65000 52.61000
21 7 20 09 04 8164.90000 5.38700000 212.16000 38.09000 18.70400 52.76000
21 7 20 09 04 8165.20000 5.38700000 212.13000 38.12000 18.70400 52.76000
21 7 20 09 05 8167.10000 5.38700000 212.11000 38.12000 18.70400 52.76000
21 7 20 09 05 8167.10000 5.38700000 212.11000 38.12000 18.70400 52.76000
21 7 20 09 06 8167.10000 5.38700000 212.15000 38.12000 18.70400 52.76000
21 7 20 09 06 8167.10000 5.38700000 212.15000 38.12000 18.70400 52.76000
21 7 20 09 07 8167.00000 5.38700000 212.16000 38.12000 18.70400 52.76000
21 7 20 09 07 8167.10000 5.38700000 212.16000 38.12000 18.70400 52.76000
21 7 20 09 08 8167.10000 5.38700000 212.15000 38.12000 18.70400 52.76000
21 7 20 09 08 8167.00000 5.38700000 212.13000 38.12000 18.70400 52.76000
21 7 20 09 08 8165.00000 5.38700000 212.13000 38.12000 18.57100 52.76000
21 7 20 09 09 8165.10000 5.38700000 212.03000 38.12000 18.57100 52.76000
21 7 20 09 09 8165.10000 5.38700000 212.00000 38.13000 18.57100 52.76000
21 7 20 09 10 8164.10000 5.38700000 212.08000 38.18000 18.57100 52.76000
21 7 20 09 10 8164.30000 5.38700000 212.14000 38.23000 18.57100 52.78000
21 7 20 09 11 8164.70000 5.38700000 212.15000 38.23000 18.57100 52.78000
21 7 20 09 11 8164.20000 5.38700000 212.15000 38.24000 18.57100 52.78000
21 7 20 09 12 8164.90000 5.38700000 212.15000 38.18000 18.57100 52.78000
21 7 20 09 12 8164.80000 5.38700000 212.16000 38.18000 18.57100 52.78000
21 7 20 09 13 8164.90000 5.38700000 212.15000 38.18000 18.57100 52.78000
21 7 20 09 13 8165.00000 5.38700000 212.16000 38.18000 18.46100 52.78000
21 7 20 09 13 8162.80000 5.38700000 212.16000 38.18000 18.46100 52.78000
21 7 20 09 14 8161.80000 5.38700000 212.15000 38.24000 18.46100 52.78000
21 7 20 09 14 8162.00000 5.38700000 212.09000 38.24000 18.46100 52.78000
21 7 20 09 15 8161.90000 5.38700000 212.12000 38.24000 18.46100 52.69100
21 7 20 09 15 8161.80000 5.38700000 212.00000 38.24000 18.46100 52.69100
21 7 20 09 16 8162.00000 5.38700000 212.01000 38.24000 18.46100 52.69100
21 7 20 09 16 8162.00000 5.38700000 212.01000 38.30000 18.46100 52.69100
21 7 20 09 17 8162.00000 5.38700000 212.04000 38.33000 18.53100 52.69100
21 7 20 09 17 8162.00000 5.38700000 212.04000 38.35000 18.53100 52.69100
21 7 20 09 18 8162.00000 5.38700000 212.04000 38.32000 18.53100 52.78000
21 7 20 09 18 8162.00000 5.38700000 212.11000 38.33000 18.53100 52.83000
21 7 20 09 18 8162.00000 5.38700000 212.11000 38.33000 18.53100 52.83600
21 7 20 09 19 8162.50000 5.38700000 212.10000 38.37000 18.53100 52.89600
21 7 20 09 19 8162.60000 5.38700000 212.11000 38.37000 18.53100 52.88800
21 7 20 09 20 8162.60000 5.38700000 212.08000 38.36000 18.53100 52.88800
21 7 20 09 20 8162.60000 5.38700000 212.10000 38.36000 18.53100 52.88800
21 7 20 09 21 8162.60000 5.38600000 212.11000 38.36000 18.53100 52.88800
21 7 20 09 21 8162.60000 5.38600000 212.11000 38.36000 18.53100 52.89700
21 7 20 09 22 8162.60000 5.38600000 212.08000 38.36000 18.53100 52.90300
21 7 20 09 22 8162.60000 5.38600000 212.11000 38.34000 18.53100 52.90300
21 7 20 09 22 8162.60000 5.38600000 212.03000 38.34000 18.53100 52.92100
21 7 20 09 23 8162.60000 5.38600000 212.03000 38.34000 18.53100 52.92100
21 7 20 09 23 8162.50000 5.38600000 212.03000 38.34000 18.53100 52.92100
21 7 20 09 24 8163.40000 5.38600000 212.03000 38.30000 18.53100 52.92100
21 7 20 09 24 8163.20000 5.38600000 212.03000 38.30000 18.53100 52.92100
21 7 20 09 25 8163.50000 5.38600000 212.02000 38.30000 18.53100 52.92100
21 7 20 09 25 8163.50000 5.38600000 212.01000 38.30000 18.53100 52.92100
21 7 20 09 26 8163.40000 5.38600000 212.02000 38.28000 18.53100 52.92100
21 7 20 09 26 8164.80000 5.38600000 212.02000 38.28000 18.53100 52.92100
21 7 20 09 27 8164.90000 5.38600000 212.01000 38.28000 18.53100 52.92100
21 7 20 09 27 8164.90000 5.38600000 212.02000 38.28000 18.53100 52.92100
21 7 20 09 27 8165.00000 5.38600000 212.03000 38.28000 18.53100 52.92100
21 7 20 09 28 8166.50000 5.38600000 212.04000 38.28000 18.53100 52.92100
21 7 20 09 28 8166.70000 5.38600000 212.05000 38.29000 18.53100 52.92100
21 7 20 09 29 8167.90000 5.38600000 212.03000 38.28000 18.53100 52.92100
21 7 20 09 29 8167.90000 5.38600000 212.02000 38.28000 18.53100 52.92100
21 7 20 09 30 8169.00000 5.38600000 212.02000 38.28000 18.53100 52.92100
21 7 20 09 30 8168.90000 5.38600000 212.02000 38.29000 18.53100 52.92100
