M=[
15 11 20 00 19 13597.60000 4.27700000 391.23000 54.38000 13.74800 54.14500
15 11 20 00 19 13596.50000 4.27700000 391.23000 54.38000 13.74800 54.14500
15 11 20 00 20 13596.40000 4.27700000 391.23000 54.38000 13.74800 54.14500
15 11 20 00 20 13596.40000 4.27700000 391.04000 54.32000 13.74800 54.14500
15 11 20 00 21 13596.40000 4.27700000 391.04000 54.27000 13.74800 54.14500
15 11 20 00 21 13596.10000 4.27700000 391.04000 54.27000 13.74800 54.14500
15 11 20 00 21 13596.10000 4.27700000 391.04000 54.26000 13.74800 54.14500
15 11 20 00 22 13598.40000 4.27700000 391.33000 54.26000 13.74800 54.14500
15 11 20 00 22 13600.10000 4.27700000 391.33000 54.26000 13.74800 54.14500
15 11 20 00 23 13599.30000 4.27700000 391.33000 54.26000 13.74800 54.14500
15 11 20 00 23 13599.20000 4.27700000 391.33000 54.26000 13.74800 54.14500
15 11 20 00 24 13604.50000 4.27700000 391.49000 54.26000 13.74800 54.14500
15 11 20 00 24 13605.60000 4.27700000 391.49000 54.26000 13.74800 54.14500
15 11 20 00 24 13607.30000 4.27700000 391.49000 54.26000 13.74800 54.14500
15 11 20 00 25 13607.00000 4.27700000 391.49000 54.26000 13.74800 54.14500
15 11 20 00 25 13606.20000 4.27700000 391.48000 54.26000 13.74800 54.14500
15 11 20 00 26 13598.40000 4.27700000 391.26000 54.26000 13.74800 54.14500
15 11 20 00 26 13598.40000 4.27700000 391.26000 54.26000 13.74800 54.14500
15 11 20 00 27 13592.30000 4.27700000 391.35000 54.26000 13.74800 54.14500
15 11 20 00 27 13592.30000 4.27700000 391.35000 54.26000 13.74800 54.14500
15 11 20 00 27 13592.30000 4.27700000 391.35000 54.26000 13.74800 54.14500
15 11 20 00 28 13592.30000 4.27700000 391.35000 54.26000 13.74800 54.14500
15 11 20 00 28 13595.00000 4.27700000 391.34000 54.26000 13.74800 54.14500
15 11 20 00 29 13596.10000 4.27700000 391.34000 54.26000 13.53000 54.14500
15 11 20 00 29 13598.00000 4.27700000 391.34000 54.25000 13.53000 54.14500
15 11 20 00 30 13600.00000 4.27700000 391.34000 54.25000 13.53000 54.14500
15 11 20 00 30 13601.60000 4.27700000 391.34000 54.34000 13.53000 54.14500
15 11 20 00 30 13597.20000 4.27700000 391.34000 54.34000 13.53000 54.14500
15 11 20 00 31 13599.10000 4.27700000 391.35000 54.34000 13.53000 54.14500
15 11 20 00 31 13597.20000 4.27700000 391.35000 54.34000 13.53000 54.14500
15 11 20 00 32 13597.20000 4.27700000 391.35000 54.27000 13.53000 54.14500
15 11 20 00 32 13597.20000 4.27700000 391.35000 54.21000 13.53000 54.14500
15 11 20 00 33 13584.70000 4.27700000 391.26000 54.15000 13.53000 54.14500
15 11 20 00 33 13572.50000 4.27700000 391.26000 54.15000 13.53000 54.14500
15 11 20 00 33 13575.40000 4.27700000 390.75000 54.10000 13.53000 54.14500
15 11 20 00 34 13578.00000 4.27700000 390.76000 54.10000 13.53000 54.14500
15 11 20 00 34 13578.50000 4.27700000 390.76000 54.10000 13.53000 54.14500
15 11 20 00 35 13578.00000 4.27700000 390.76000 54.10000 13.53000 54.14500
15 11 20 00 35 13578.00000 4.27700000 390.76000 54.10000 13.53000 54.14500
15 11 20 00 36 13577.90000 4.27700000 390.76000 54.10000 13.53000 54.14500
15 11 20 00 36 13575.60000 4.27700000 390.76000 54.10000 13.53000 54.14500
15 11 20 00 36 13576.50000 4.27700000 390.75000 54.06000 13.53000 54.14500
15 11 20 00 37 13576.50000 4.27700000 390.75000 54.06000 13.53000 54.14500
15 11 20 00 37 13576.50000 4.27700000 390.75000 54.06000 13.53000 54.14500
15 11 20 00 38 13577.80000 4.27700000 390.75000 54.06000 13.53000 54.14500
15 11 20 00 38 13577.80000 4.27700000 390.76000 54.06000 13.53000 54.14500
15 11 20 00 39 13576.30000 4.27700000 390.76000 54.06000 13.53000 54.14500
15 11 20 00 39 13576.30000 4.27700000 390.76000 54.06000 13.53000 54.14500
15 11 20 00 39 13576.30000 4.27700000 390.76000 54.06000 13.53000 54.14500
15 11 20 00 40 13572.60000 4.27700000 390.76000 54.06000 13.53000 54.14500
15 11 20 00 40 13572.90000 4.27700000 390.76000 54.06000 13.53000 54.14500
15 11 20 00 41 13572.90000 4.27700000 390.76000 54.06000 13.53000 54.14500
15 11 20 00 41 13572.90000 4.27700000 390.76000 54.06000 13.53000 54.14500
15 11 20 00 42 13574.40000 4.27700000 390.94000 54.06000 13.53000 54.14500
15 11 20 00 42 13580.80000 4.27700000 390.94000 54.06000 13.53000 54.14500
15 11 20 00 42 13580.80000 4.27700000 390.84000 54.06000 13.53000 54.14500
15 11 20 00 43 13576.40000 4.27700000 390.84000 54.05000 13.53000 54.14500
15 11 20 00 43 13576.40000 4.27700000 390.84000 54.05000 13.53000 54.14500
15 11 20 00 44 13572.20000 4.27700000 390.84000 54.05000 13.53000 54.14500
15 11 20 00 44 13572.10000 4.27700000 390.84000 54.05000 13.53000 54.14500
15 11 20 00 45 13573.90000 4.27700000 390.84000 54.05000 13.53000 54.14500
15 11 20 00 45 13575.90000 4.27700000 390.84000 54.05000 13.53000 54.14500
15 11 20 00 45 13575.90000 4.27700000 390.84000 54.05000 13.53000 54.14500
15 11 20 00 46 13574.10000 4.27700000 390.84000 54.05000 13.53000 54.14500
15 11 20 00 46 13574.10000 4.27700000 390.84000 54.05000 13.53000 54.14500
15 11 20 00 47 13577.10000 4.27700000 390.84000 54.05000 13.53000 54.20000
15 11 20 00 47 13577.10000 4.27700000 390.84000 54.05000 13.53000 54.20000
15 11 20 00 48 13577.40000 4.27700000 390.84000 54.05000 13.53000 54.20000
15 11 20 00 48 13581.80000 4.27700000 390.94000 54.05000 13.53000 54.20000
15 11 20 00 48 13581.80000 4.27700000 390.94000 54.05000 13.53000 54.20000
15 11 20 00 49 13582.10000 4.27700000 390.94000 54.05000 13.53000 54.20000
15 11 20 00 49 13582.10000 4.27700000 390.97000 54.05000 13.53000 54.20000
15 11 20 00 50 13584.90000 4.27700000 390.96000 54.05000 13.53000 54.20000
15 11 20 00 50 13584.90000 4.27700000 390.96000 54.05000 13.63700 54.20000
15 11 20 00 51 13584.90000 4.27700000 390.96000 54.05000 13.63700 54.20000
15 11 20 00 51 13583.80000 4.27700000 390.96000 54.05000 13.63700 54.20000
15 11 20 00 51 13585.90000 4.27700000 390.96000 54.05000 13.63700 54.20000
15 11 20 00 52 13588.00000 4.27700000 390.96000 54.05000 13.63700 54.20000
15 11 20 00 52 13588.00000 4.27700000 390.96000 54.15000 13.63700 54.20000
15 11 20 00 53 13591.50000 4.27700000 390.96000 54.15000 13.63700 54.20000
15 11 20 00 53 13592.10000 4.27700000 390.96000 54.15000 13.63700 54.20000
15 11 20 00 54 13589.70000 4.27700000 390.96000 54.15000 13.63700 54.20000
15 11 20 00 54 13589.70000 4.27700000 390.96000 54.15000 13.54900 54.20000
15 11 20 00 54 13589.70000 4.27700000 390.96000 54.15000 13.54900 54.20000
15 11 20 00 55 13589.70000 4.27700000 390.96000 54.15000 13.54900 54.20000
15 11 20 00 55 13589.50000 4.27700000 390.96000 54.15000 13.54900 54.20000
15 11 20 00 56 13590.30000 4.27700000 390.96000 54.15000 13.54900 54.20000
15 11 20 00 56 13590.30000 4.27700000 390.97000 54.15000 13.54900 54.20000
15 11 20 00 57 13590.30000 4.27700000 390.97000 54.15000 13.54900 54.20000
15 11 20 00 57 13590.30000 4.27700000 390.97000 54.15000 13.54900 54.20000
15 11 20 00 57 13589.10000 4.27700000 391.00000 54.15000 13.54900 54.20000
15 11 20 00 58 13589.10000 4.27700000 390.96000 54.15000 13.54900 54.20000
15 11 20 00 58 13589.00000 4.27700000 390.96000 54.15000 13.54900 54.20000
15 11 20 00 59 13580.10000 4.27700000 390.96000 54.09000 13.54900 54.20000
15 11 20 00 59 13576.40000 4.27700000 390.96000 54.09000 13.54900 54.20000
15 11 20 01 00 13576.40000 4.27700000 390.96000 54.01000 13.54900 54.20000
15 11 20 01 00 13581.10000 4.27700000 390.97000 54.01000 13.54900 54.20000
15 11 20 01 00 13581.10000 4.27700000 390.97000 54.01000 13.54900 54.20000
15 11 20 01 01 13581.10000 4.27700000 390.97000 54.01000 13.54900 54.20000
15 11 20 01 01 13592.20000 4.27700000 390.97000 54.01000 13.54900 54.20000
15 11 20 01 02 13592.10000 4.27700000 391.38000 54.01000 13.65100 54.27000
15 11 20 01 02 13596.10000 4.27700000 391.38000 54.01000 13.65100 54.27000
15 11 20 01 03 13597.00000 4.27700000 391.38000 54.01000 13.65100 54.27000
15 11 20 01 03 13597.00000 4.27700000 391.38000 54.01000 13.65100 54.27000
15 11 20 01 03 13597.00000 4.27700000 391.38000 54.01000 13.65100 54.27000
15 11 20 01 04 13597.10000 4.27700000 391.38000 54.10000 13.65100 54.27000
