M=[
14 6 21 05 22 32506.40000 47.96400000 2061.55000 139.78000 21.41200 108.07600
14 6 21 05 22 32500.40000 47.96400000 2061.14000 139.67000 21.41200 108.07600
14 6 21 05 22 32534.20000 47.96400000 2061.14000 139.67000 21.41200 108.07600
14 6 21 05 23 32518.10000 47.96400000 2061.53000 139.67000 21.41200 108.07600
14 6 21 05 23 32530.80000 47.96400000 2062.14000 139.75000 21.41200 108.07600
14 6 21 05 24 32533.50000 47.96400000 2062.55000 139.74000 21.41200 108.07600
14 6 21 05 24 32561.40000 47.96400000 2062.55000 139.79000 21.41200 108.07600
14 6 21 05 25 32561.40000 47.96400000 2063.06000 139.79000 21.41200 108.07600
14 6 21 05 25 32542.80000 47.96400000 2061.95000 139.79000 21.41200 108.07600
14 6 21 05 25 32538.10000 47.96400000 2061.96000 139.79000 21.41200 108.07600
14 6 21 05 26 32531.90000 47.96400000 2061.96000 139.74000 21.39900 108.07600
14 6 21 05 26 32532.60000 47.96400000 2061.95000 139.74000 21.39900 108.07600
14 6 21 05 27 32541.30000 47.96400000 2061.96000 139.74000 21.39900 108.07600
14 6 21 05 27 32551.60000 47.96400000 2063.35000 139.81000 21.39900 108.07600
14 6 21 05 28 32551.70000 47.96400000 2063.14000 139.84000 21.39900 108.07600
14 6 21 05 28 32562.60000 47.96400000 2063.14000 139.84000 21.39900 108.07600
14 6 21 05 28 32566.60000 47.96400000 2063.84000 139.84000 21.39900 108.07600
14 6 21 05 29 32600.70000 47.96400000 2063.84000 139.84000 21.39900 108.07600
14 6 21 05 29 32604.60000 47.96400000 2065.10000 139.84000 21.39900 108.07600
14 6 21 05 30 32626.90000 47.93600000 2066.62000 140.00000 21.39900 108.07600
14 6 21 05 30 32654.20000 47.93600000 2065.79000 139.99000 21.39900 108.07600
14 6 21 05 31 32647.10000 47.93600000 2067.11000 140.11000 21.39900 108.07600
14 6 21 05 31 32647.90000 47.93600000 2065.79000 140.11000 21.39900 108.07600
14 6 21 05 32 32655.70000 47.93600000 2065.79000 140.00000 21.39900 108.07600
14 6 21 05 32 32665.70000 47.93600000 2066.91000 140.09000 21.39900 108.07600
14 6 21 05 32 32712.40000 47.93600000 2067.00000 140.24000 21.39900 108.07600
14 6 21 05 33 32698.40000 47.93600000 2067.00000 140.39000 21.39900 108.07600
14 6 21 05 33 32703.40000 47.93600000 2067.00000 140.39000 21.39900 108.07600
14 6 21 05 34 32697.30000 47.93600000 2068.91000 140.12000 21.39900 108.07600
14 6 21 05 34 32665.50000 47.93600000 2068.91000 140.12000 21.39900 108.07600
14 6 21 05 35 32689.80000 47.93600000 2070.83000 140.12000 21.39900 108.07600
14 6 21 05 35 32671.30000 47.93600000 2070.83000 140.12000 21.39900 108.07600
14 6 21 05 35 32663.60000 47.93600000 2072.58000 140.12000 21.39900 108.07600
14 6 21 05 36 32625.70000 47.93600000 2072.59000 140.12000 21.39900 108.91700
14 6 21 05 36 32612.40000 47.93600000 2072.59000 140.11000 21.39900 108.91700
14 6 21 05 37 32635.40000 47.93600000 2072.48000 140.11000 21.39900 108.91700
14 6 21 05 37 32632.20000 47.93600000 2072.48000 140.12000 21.39900 108.91700
14 6 21 05 38 32635.40000 47.93600000 2072.69000 140.12000 21.39900 108.91700
14 6 21 05 38 32647.60000 47.93600000 2072.96000 140.20000 21.39900 108.91700
14 6 21 05 38 32669.10000 47.93600000 2074.94000 140.19000 21.39900 108.91700
14 6 21 05 39 32653.70000 47.93600000 2075.05000 140.29000 21.39900 108.91700
14 6 21 05 39 32644.40000 47.93600000 2074.98000 140.29000 21.39900 108.91700
14 6 21 05 40 32648.40000 47.93600000 2076.80000 140.32000 21.39900 108.91700
14 6 21 05 40 32645.70000 47.93600000 2076.29000 140.32000 21.39900 108.91700
14 6 21 05 41 32638.80000 47.93600000 2076.29000 140.32000 21.39900 108.91700
14 6 21 05 41 32643.80000 47.93600000 2076.28000 140.27000 21.39900 108.91700
14 6 21 05 41 32639.00000 47.93600000 2076.28000 140.23000 21.39900 108.91700
14 6 21 05 42 32639.00000 47.93600000 2076.02000 140.23000 21.39900 108.91700
14 6 21 05 42 32638.90000 47.93600000 2075.39000 140.23000 21.39900 108.91700
14 6 21 05 43 32639.00000 47.93600000 2075.02000 140.23000 21.39900 108.91700
14 6 21 05 43 32639.00000 47.93600000 2075.02000 140.24000 21.39900 108.91700
14 6 21 05 44 32640.00000 47.93600000 2075.37000 140.24000 21.39900 108.91700
14 6 21 05 44 32641.20000 47.93600000 2075.02000 140.24000 21.39900 108.91700
14 6 21 05 44 32634.10000 47.93600000 2075.02000 140.26000 21.39900 108.91700
14 6 21 05 45 32639.40000 47.93600000 2075.01000 140.34000 21.39900 108.91700
14 6 21 05 45 32653.70000 47.93600000 2073.34000 140.32000 21.39900 108.91700
14 6 21 05 46 32651.50000 47.93600000 2073.34000 140.32000 21.39900 108.91700
14 6 21 05 46 32658.50000 47.93600000 2072.47000 140.32000 21.39900 108.91700
14 6 21 05 47 32658.90000 47.93600000 2071.51000 140.32000 21.39900 108.91700
14 6 21 05 47 32656.80000 48.12600000 2071.01000 140.32000 21.39900 108.91700
14 6 21 05 47 32646.50000 48.12600000 2071.01000 140.32000 21.39900 108.91700
14 6 21 05 48 32649.50000 48.12600000 2070.64000 140.32000 21.39900 108.91700
14 6 21 05 48 32694.80000 48.12600000 2070.87000 140.32000 21.39900 108.91700
14 6 21 05 49 32710.90000 48.12600000 2070.87000 140.32000 21.39900 108.91700
14 6 21 05 49 32733.70000 48.12600000 2073.81000 140.46000 21.39900 108.91700
14 6 21 05 50 32713.80000 48.15400000 2073.81000 140.46000 21.39900 109.01200
14 6 21 05 50 32678.30000 48.15400000 2072.94000 140.27000 21.39900 109.01200
14 6 21 05 50 32678.30000 48.15400000 2070.37000 140.27000 21.39900 109.01200
14 6 21 05 51 32678.40000 48.15400000 2070.23000 140.27000 21.39900 109.01200
14 6 21 05 51 32668.70000 48.15400000 2069.17000 140.27000 21.39900 109.01200
14 6 21 05 52 32672.70000 48.15400000 2068.80000 140.31000 21.39900 109.01200
14 6 21 05 52 32690.70000 48.15400000 2069.12000 140.31000 21.39900 109.01200
14 6 21 05 53 32669.10000 48.15400000 2067.96000 140.23000 21.39900 109.01200
14 6 21 05 53 32677.70000 48.15400000 2067.96000 140.26000 21.39900 109.01200
14 6 21 05 53 32671.30000 48.15400000 2067.96000 140.26000 21.39900 109.01200
14 6 21 05 54 32681.10000 48.15400000 2069.13000 140.26000 21.39900 109.01200
14 6 21 05 54 32675.20000 48.15400000 2069.54000 140.26000 21.39900 108.84400
14 6 21 05 55 32675.10000 48.15400000 2069.26000 140.26000 21.39900 108.84400
14 6 21 05 55 32650.00000 48.15400000 2068.75000 140.26000 21.39900 108.84400
14 6 21 05 56 32630.10000 48.19600000 2067.95000 140.26000 21.39900 108.76100
14 6 21 05 56 32642.50000 48.14900000 2067.79000 140.18000 21.39900 108.76100
14 6 21 05 56 32615.80000 48.14900000 2067.67000 140.18000 21.39900 108.76100
14 6 21 05 57 32626.30000 48.14900000 2067.80000 140.18000 21.39900 108.76100
14 6 21 05 57 32609.00000 48.14900000 2067.57000 140.18000 21.39900 108.76100
14 6 21 05 58 32608.20000 48.14900000 2067.57000 140.18000 21.39900 108.76100
14 6 21 05 58 32607.00000 48.14900000 2067.56000 140.18000 21.39900 108.76100
14 6 21 05 59 32613.20000 48.14900000 2066.59000 140.18000 21.39900 108.76100
14 6 21 05 59 32593.50000 48.14900000 2066.59000 140.18000 21.39900 108.76100
14 6 21 05 59 32606.20000 48.14900000 2066.59000 140.18000 21.39900 108.76100
14 6 21 06 00 32579.10000 48.14900000 2065.00000 140.18000 21.39900 108.76100
14 6 21 06 00 32593.70000 48.14900000 2065.25000 140.18000 21.39900 108.76100
14 6 21 06 01 32593.60000 48.14900000 2065.49000 140.04000 21.39900 108.76100
14 6 21 06 01 32593.60000 48.14900000 2064.83000 140.04000 21.39900 108.76100
14 6 21 06 02 32592.30000 48.14900000 2065.26000 140.04000 21.39900 108.76100
14 6 21 06 02 32593.60000 48.14900000 2065.26000 140.03000 21.39900 108.76100
14 6 21 06 02 32593.60000 48.14900000 2065.26000 140.03000 21.39900 108.76100
14 6 21 06 03 32600.00000 48.14900000 2065.26000 140.03000 21.39900 108.76100
14 6 21 06 03 32632.30000 48.14900000 2065.26000 140.03000 21.39900 108.76100
14 6 21 06 04 32646.70000 48.08500000 2067.84000 140.10000 21.39900 109.06100
14 6 21 06 04 32645.00000 48.08500000 2067.84000 140.10000 21.39900 109.06100
14 6 21 06 05 32629.80000 48.08500000 2068.01000 140.18000 21.39900 109.06100
14 6 21 06 05 32632.70000 48.08500000 2068.60000 140.18000 21.39900 109.06100
