M=[
 5 8 21 22 44 34524.40000 44.31100000 2382.32000 121.82000 22.64900 100.22800
 5 8 21 22 44 34536.20000 44.27300000 2382.32000 121.82000 22.64900 100.22800
 5 8 21 22 44 34533.10000 44.27300000 2380.84000 121.65000 22.64900 100.22800
 5 8 21 22 45 34533.90000 44.27300000 2382.13000 121.65000 22.64900 100.22800
 5 8 21 22 45 34532.90000 44.27300000 2382.13000 121.65000 22.64900 100.22800
 5 8 21 22 46 34537.00000 44.27300000 2381.84000 121.71000 22.64900 100.22800
 5 8 21 22 46 34556.10000 44.27300000 2383.45000 121.71000 22.64900 100.22800
 5 8 21 22 47 34556.10000 44.27300000 2383.37000 121.71000 22.64900 100.22800
 5 8 21 22 47 34559.90000 44.27300000 2383.45000 121.75000 22.67300 100.22800
 5 8 21 22 47 34559.90000 44.27300000 2383.44000 121.75000 22.67800 100.22800
 5 8 21 22 48 34618.40000 44.27300000 2384.00000 121.75000 22.67800 100.16200
 5 8 21 22 48 34614.30000 44.27300000 2383.99000 121.75000 22.67800 100.16200
 5 8 21 22 49 34618.20000 44.27300000 2384.24000 121.75000 22.67800 100.16200
 5 8 21 22 49 34626.80000 44.27300000 2384.24000 121.81000 22.67800 100.16200
 5 8 21 22 50 34653.50000 44.27300000 2383.86000 121.81000 22.67800 100.16200
 5 8 21 22 50 34641.00000 44.27300000 2383.86000 121.81000 22.67800 100.16200
 5 8 21 22 50 34599.20000 44.27300000 2382.01000 121.73000 22.67800 100.16200
 5 8 21 22 51 34599.20000 44.27300000 2379.09000 121.73000 22.67800 100.16200
 5 8 21 22 51 34606.60000 44.27300000 2379.09000 121.73000 22.67800 100.45000
 5 8 21 22 52 34583.90000 44.27300000 2379.09000 121.73000 22.67800 100.45000
 5 8 21 22 52 34570.70000 44.27300000 2375.25000 121.73000 22.67800 100.45000
 5 8 21 22 53 34565.20000 44.27300000 2375.35000 121.73000 22.67800 100.45000
 5 8 21 22 53 34565.10000 44.27300000 2375.72000 121.73000 22.67800 100.45000
 5 8 21 22 54 34536.30000 44.27300000 2371.14000 121.73000 22.67800 100.45000
 5 8 21 22 54 34528.00000 44.27300000 2372.49000 121.73000 22.67800 100.45000
 5 8 21 22 54 34513.60000 44.27300000 2372.51000 121.73000 22.67800 100.45000
 5 8 21 22 55 34517.60000 44.27300000 2372.51000 121.73000 22.67800 100.45000
 5 8 21 22 55 34507.50000 44.27300000 2371.40000 121.48000 22.67800 100.45000
 5 8 21 22 56 34527.50000 44.27300000 2371.84000 121.49000 22.67800 100.45000
 5 8 21 22 56 34527.60000 44.27300000 2371.63000 121.49000 22.67800 100.45000
 5 8 21 22 57 34527.60000 44.27300000 2373.23000 121.49000 22.67800 100.45000
 5 8 21 22 57 34556.20000 44.27300000 2373.42000 121.54000 22.67800 100.45000
 5 8 21 22 57 34556.80000 44.27300000 2373.42000 121.54000 22.67800 100.45000
 5 8 21 22 58 34580.30000 44.27300000 2373.42000 121.54000 22.67800 100.39600
 5 8 21 22 58 34584.70000 44.27300000 2374.27000 121.54000 22.67800 100.39600
 5 8 21 22 59 34584.90000 44.27300000 2373.74000 121.54000 22.67800 100.39600
 5 8 21 22 59 34567.10000 44.27300000 2372.43000 121.54000 22.67800 100.39600
 5 8 21 23 00 34567.20000 44.27300000 2372.02000 121.54000 22.67800 100.39600
 5 8 21 23 00 34567.20000 44.27300000 2372.02000 121.59000 22.67800 100.39600
 5 8 21 23 00 34581.50000 44.27300000 2374.36000 121.59000 22.67800 100.39600
 5 8 21 23 01 34591.20000 44.27300000 2374.99000 121.59000 22.67800 100.39600
 5 8 21 23 01 34622.70000 44.27300000 2376.98000 121.59000 22.67800 100.39600
 5 8 21 23 02 34622.80000 44.27300000 2381.70000 121.59000 22.67800 100.50700
 5 8 21 23 02 34616.60000 44.34300000 2381.70000 121.59000 22.67800 100.50700
 5 8 21 23 03 34616.60000 44.34300000 2378.73000 121.59000 22.67800 100.50700
 5 8 21 23 03 34616.60000 44.34300000 2378.71000 121.59000 22.67800 100.50700
 5 8 21 23 04 34626.00000 44.34300000 2378.91000 121.59000 22.67800 100.50700
 5 8 21 23 04 34635.30000 44.34300000 2378.91000 121.67000 22.67800 100.50700
 5 8 21 23 04 34629.50000 44.34300000 2378.91000 121.74000 22.67800 100.50700
 5 8 21 23 05 34656.20000 44.34300000 2379.06000 121.77000 22.67800 100.50700
 5 8 21 23 05 34648.80000 44.34300000 2380.35000 121.77000 22.67800 100.50700
 5 8 21 23 06 34650.30000 44.34300000 2380.04000 121.77000 22.67800 100.50700
 5 8 21 23 06 34648.90000 44.34300000 2380.03000 121.77000 22.67800 100.50700
 5 8 21 23 07 34586.60000 44.34300000 2378.01000 121.77000 22.67800 100.50700
 5 8 21 23 07 34583.80000 44.34300000 2378.00000 121.77000 22.67800 100.50700
 5 8 21 23 07 34601.60000 44.34300000 2376.99000 121.77000 22.67800 100.50700
 5 8 21 23 08 34601.60000 44.34300000 2376.31000 121.77000 22.67800 100.50700
 5 8 21 23 08 34601.60000 44.34300000 2376.31000 121.77000 22.67800 100.50700
 5 8 21 23 09 34626.60000 44.34300000 2376.31000 121.77000 22.67800 100.50700
 5 8 21 23 09 34628.30000 44.34300000 2378.96000 121.77000 22.67800 100.50700
 5 8 21 23 10 34625.70000 44.34300000 2380.00000 121.64000 22.67800 100.50700
 5 8 21 23 10 34646.90000 44.34300000 2380.01000 121.64000 22.67800 100.50700
 5 8 21 23 10 34635.50000 44.33900000 2380.05000 121.64000 22.67800 100.50700
 5 8 21 23 11 34635.50000 44.34000000 2380.20000 121.63000 22.67800 100.50700
 5 8 21 23 11 34633.90000 44.34000000 2380.19000 121.63000 22.66400 100.50700
 5 8 21 23 12 34633.00000 44.37800000 2381.21000 121.63000 22.66400 100.50700
 5 8 21 23 12 34635.40000 44.37800000 2383.18000 121.67000 22.66400 100.50700
 5 8 21 23 13 34635.30000 44.37800000 2383.47000 121.71000 22.66400 100.50700
 5 8 21 23 13 34633.00000 44.37800000 2383.91000 121.71000 22.66400 100.50700
 5 8 21 23 13 34636.80000 44.37800000 2383.92000 121.71000 22.66400 100.50700
 5 8 21 23 14 34633.10000 44.37800000 2383.47000 121.71000 22.66400 100.50700
 5 8 21 23 14 34633.10000 44.37800000 2383.47000 121.69000 22.66400 100.50700
 5 8 21 23 15 34619.80000 44.37800000 2383.34000 121.69000 22.66400 100.50700
 5 8 21 23 15 34618.20000 44.58900000 2383.34000 121.69000 22.66400 100.50700
 5 8 21 23 16 34618.10000 44.58900000 2383.53000 121.69000 22.66400 100.50700
 5 8 21 23 16 34618.10000 44.58900000 2384.16000 121.69000 22.66400 100.50700
 5 8 21 23 16 34622.50000 44.58900000 2384.16000 121.69000 22.66400 100.50700
 5 8 21 23 17 34622.40000 44.58900000 2384.15000 121.69000 22.66400 100.50700
 5 8 21 23 17 34622.50000 44.58900000 2384.15000 121.69000 22.66400 100.50700
 5 8 21 23 18 34637.90000 44.58900000 2384.15000 121.69000 22.66400 100.50700
 5 8 21 23 18 34638.30000 44.58900000 2384.15000 121.69000 22.66400 100.50700
 5 8 21 23 19 34638.10000 44.58900000 2385.00000 121.69000 22.66400 100.50700
 5 8 21 23 19 34638.10000 44.58900000 2385.00000 121.69000 22.66400 100.50700
 5 8 21 23 20 34638.10000 44.58900000 2385.00000 121.69000 22.66400 100.50700
 5 8 21 23 20 34641.50000 44.58900000 2384.98000 121.69000 22.66400 100.50700
 5 8 21 23 20 34641.50000 44.58900000 2384.98000 121.69000 22.66400 100.50700
 5 8 21 23 21 34650.30000 44.40500000 2385.00000 121.69000 22.66400 100.50700
 5 8 21 23 21 34660.50000 44.40500000 2385.99000 121.64000 22.66400 100.50700
 5 8 21 23 22 34689.00000 44.40500000 2386.00000 121.64000 22.66400 100.50700
 5 8 21 23 22 34682.90000 44.45100000 2386.00000 121.64000 22.66400 100.50700
 5 8 21 23 23 34689.00000 44.45100000 2386.25000 121.64000 22.66400 100.50700
 5 8 21 23 23 34689.00000 44.45100000 2386.33000 121.64000 22.66400 100.50700
 5 8 21 23 23 34689.00000 44.45100000 2390.24000 121.64000 22.66400 100.50700
 5 8 21 23 24 34720.10000 44.45100000 2391.50000 121.64000 22.66400 100.50700
 5 8 21 23 24 34716.10000 44.45100000 2389.07000 121.64000 22.66400 100.50700
 5 8 21 23 25 34723.80000 44.45100000 2389.07000 121.64000 22.66400 100.50700
 5 8 21 23 25 34651.90000 44.45100000 2389.07000 121.64000 22.66400 100.50700
 5 8 21 23 26 34661.30000 44.45100000 2385.99000 121.64000 22.66400 100.50700
 5 8 21 23 26 34659.50000 44.45100000 2385.99000 121.64000 22.66400 100.50700
 5 8 21 23 26 34616.80000 44.45100000 2385.00000 121.64000 22.66400 100.50700
 5 8 21 23 27 34608.50000 44.45100000 2382.49000 121.64000 22.66400 100.50700
 5 8 21 23 27 34625.60000 44.45100000 2382.49000 121.64000 22.66400 100.50700
