M=[
16 4 21 02 34 52927.00000 25.98500000 2098.48000 245.89000 42.32500 213.99400
16 4 21 02 34 52927.00000 25.98500000 2098.96000 245.86000 42.32500 213.99400
16 4 21 02 35 52927.00000 25.98500000 2098.96000 246.04000 42.32500 213.99400
16 4 21 02 35 52906.80000 25.98500000 2098.26000 245.66000 42.45800 213.99400
16 4 21 02 36 52881.30000 25.87900000 2097.30000 245.54000 42.45800 213.99400
16 4 21 02 36 52869.00000 25.56400000 2095.91000 245.54000 42.45800 213.99400
16 4 21 02 37 52847.70000 25.56400000 2095.00000 245.35000 42.45800 213.99400
16 4 21 02 37 52847.50000 25.66800000 2095.00000 245.19000 42.45800 213.99400
16 4 21 02 38 52851.50000 25.66800000 2095.34000 244.46000 42.45800 213.99400
16 4 21 02 38 52847.50000 25.73900000 2095.34000 244.28000 42.45800 213.99400
16 4 21 02 38 52820.60000 25.73900000 2095.34000 244.28000 42.45800 213.99400
16 4 21 02 39 52824.00000 25.73900000 2095.00000 244.57000 42.45800 213.99400
16 4 21 02 39 52813.70000 25.73900000 2092.80000 244.29000 42.45800 213.99400
16 4 21 02 40 52805.20000 25.73900000 2092.80000 244.29000 42.45800 213.99400
16 4 21 02 40 52793.80000 25.73900000 2092.76000 244.29000 42.45800 213.99400
16 4 21 02 41 52807.80000 25.63100000 2092.49000 243.40000 42.45800 213.99400
16 4 21 02 41 52788.70000 25.48300000 2092.20000 243.40000 42.45800 213.99400
16 4 21 02 41 52774.90000 25.44900000 2090.65000 243.40000 42.45800 213.99400
16 4 21 02 42 52774.80000 25.44900000 2090.51000 242.92000 42.45800 213.99400
16 4 21 02 42 52774.40000 25.48500000 2090.51000 242.83000 42.45800 213.99400
16 4 21 02 43 52751.70000 25.48500000 2089.85000 242.53000 42.45800 213.99400
16 4 21 02 43 52759.00000 25.48500000 2090.44000 242.53000 42.45800 213.99400
16 4 21 02 44 52786.70000 25.54100000 2090.21000 242.53000 42.45800 213.99400
16 4 21 02 44 52831.00000 25.54100000 2092.82000 244.19000 42.45800 214.28600
16 4 21 02 44 52810.50000 25.54100000 2093.72000 244.19000 42.45800 214.61600
16 4 21 02 45 52817.60000 25.54100000 2093.72000 244.76000 42.45800 214.61600
16 4 21 02 45 52815.90000 25.54100000 2093.72000 245.09000 42.45800 214.61600
16 4 21 02 46 52821.20000 25.54000000 2093.72000 245.63000 42.45800 214.83300
16 4 21 02 46 52789.40000 25.54000000 2093.72000 245.44000 42.45800 214.83300
16 4 21 02 47 52795.20000 25.54000000 2094.50000 245.62000 42.45800 214.83300
16 4 21 02 47 52825.40000 25.54000000 2095.14000 246.04000 42.45800 214.83300
16 4 21 02 47 52825.50000 25.82800000 2095.13000 245.80000 42.45800 214.83300
16 4 21 02 48 52836.60000 26.00700000 2095.14000 246.44000 42.45800 214.83300
16 4 21 02 48 52854.10000 26.00700000 2097.96000 246.53000 42.45800 215.19100
16 4 21 02 49 52818.10000 26.00700000 2095.92000 246.09000 42.45800 215.22100
16 4 21 02 49 52789.60000 26.00700000 2094.80000 245.85000 42.45800 215.22100
16 4 21 02 50 52789.60000 25.96500000 2093.20000 245.58000 42.45800 214.78300
16 4 21 02 50 52761.90000 25.96300000 2093.20000 244.94000 42.45800 214.97400
16 4 21 02 50 52765.60000 25.96300000 2092.56000 244.94000 42.45800 214.97400
16 4 21 02 51 52743.60000 25.96300000 2092.56000 244.44000 42.45800 214.21600
16 4 21 02 51 52726.10000 25.76700000 2089.95000 244.25000 42.45800 214.21600
16 4 21 02 52 52718.40000 25.89500000 2090.11000 244.09000 42.45800 214.21600
16 4 21 02 52 52736.70000 25.93300000 2090.13000 244.21000 42.39900 214.21600
16 4 21 02 53 52720.40000 25.93300000 2090.08000 243.98000 42.39900 214.21600
16 4 21 02 53 52702.40000 25.93300000 2089.21000 243.88000 42.39900 214.21600
16 4 21 02 53 52718.00000 25.93300000 2089.99000 243.99000 42.39900 214.21600
16 4 21 02 54 52751.20000 26.08600000 2090.26000 245.02000 42.39900 214.03100
16 4 21 02 54 52761.90000 26.03700000 2090.43000 245.24000 42.39900 214.03100
16 4 21 02 55 52752.50000 26.26100000 2090.37000 245.14000 42.39900 214.03100
16 4 21 02 55 52764.80000 26.19600000 2091.11000 245.32000 42.39900 214.03100
16 4 21 02 56 52747.40000 26.19600000 2091.92000 245.32000 42.39900 214.03100
16 4 21 02 56 52741.10000 26.32300000 2091.58000 245.28000 42.39900 214.03100
16 4 21 02 56 52733.00000 26.33800000 2091.49000 245.28000 42.39900 214.03100
16 4 21 02 57 52721.00000 26.35500000 2090.65000 245.83000 42.39900 214.03100
16 4 21 02 57 52695.20000 26.32100000 2088.43000 245.83000 42.39900 214.03100
16 4 21 02 58 52675.10000 26.61500000 2087.32000 244.42000 42.39900 214.03100
16 4 21 02 58 52673.50000 26.61100000 2085.00000 243.93000 42.13200 214.03100
16 4 21 02 59 52673.60000 26.79300000 2083.87000 244.05000 42.13200 214.03100
16 4 21 02 59 52641.70000 26.81700000 2084.31000 244.05000 42.13200 214.03100
16 4 21 02 59 52673.50000 26.86000000 2085.70000 244.23000 42.13200 214.03100
16 4 21 03 00 52729.00000 26.92900000 2087.96000 244.81000 42.13200 214.18700
16 4 21 03 00 52747.80000 26.62700000 2087.96000 244.81000 42.13200 214.02900
16 4 21 03 01 52755.60000 26.40000000 2090.07000 245.38000 42.13200 214.02900
16 4 21 03 01 52739.20000 26.29400000 2088.27000 244.98000 42.13200 214.02900
16 4 21 03 02 52711.20000 26.36200000 2089.15000 244.98000 42.13200 214.02900
16 4 21 03 02 52697.30000 26.61000000 2087.73000 244.44000 42.13200 214.02900
16 4 21 03 02 52686.40000 26.79100000 2085.71000 244.44000 42.13200 214.02900
16 4 21 03 03 52694.10000 26.98100000 2085.88000 244.04000 42.13200 214.14500
16 4 21 03 03 52693.00000 26.95600000 2086.43000 244.97000 42.13200 214.14500
16 4 21 03 04 52727.40000 26.95600000 2088.97000 244.97000 42.13200 214.14500
16 4 21 03 04 52707.60000 26.95600000 2088.31000 244.97000 42.13200 214.14500
16 4 21 03 05 52724.50000 26.99800000 2087.09000 244.97000 42.13200 214.14500
16 4 21 03 05 52698.60000 26.99800000 2084.38000 244.69000 42.13200 214.14500
16 4 21 03 05 52676.00000 27.30000000 2083.09000 243.59000 42.13200 214.14500
16 4 21 03 06 52652.10000 27.29300000 2081.71000 243.60000 42.13200 214.14500
16 4 21 03 06 52661.20000 27.19600000 2081.55000 243.60000 42.13200 214.14500
16 4 21 03 07 52672.00000 27.49900000 2081.37000 243.59000 42.13200 214.14500
16 4 21 03 07 52688.50000 27.50000000 2083.93000 243.59000 42.13200 214.14500
16 4 21 03 08 52688.30000 27.50000000 2083.23000 243.59000 42.13200 214.14500
16 4 21 03 08 52697.80000 27.65900000 2084.53000 243.79000 42.13200 214.14500
16 4 21 03 08 52711.60000 27.76100000 2085.63000 243.65000 42.13200 215.73700
16 4 21 03 09 52758.70000 27.79700000 2088.39000 243.53000 42.13200 215.73700
16 4 21 03 09 52783.50000 27.83300000 2088.99000 243.53000 42.13200 215.73700
16 4 21 03 10 52803.70000 27.96500000 2092.62000 244.93000 42.13200 216.29700
16 4 21 03 10 52809.80000 27.69900000 2091.89000 244.83000 42.13200 216.29700
16 4 21 03 11 52808.30000 27.69900000 2091.46000 245.11000 42.13200 216.21200
16 4 21 03 11 52803.80000 27.49900000 2091.46000 244.98000 42.13200 216.32900
16 4 21 03 11 52809.30000 27.57000000 2092.38000 245.12000 42.13200 217.08000
16 4 21 03 12 52747.80000 27.75500000 2092.37000 244.22000 42.13200 217.60000
16 4 21 03 12 52748.20000 27.49100000 2089.34000 244.32000 42.13200 217.71400
16 4 21 03 13 52796.20000 27.48700000 2090.98000 244.32000 42.13200 218.06100
16 4 21 03 13 52762.00000 27.48000000 2091.19000 245.15000 42.13200 217.83300
16 4 21 03 14 52751.30000 27.64400000 2090.42000 245.47000 42.13200 218.52700
16 4 21 03 14 52770.60000 27.60100000 2091.06000 245.87000 42.13200 218.23600
16 4 21 03 14 52771.10000 27.73800000 2091.10000 246.16000 42.13200 218.03200
16 4 21 03 15 52750.00000 27.70300000 2089.17000 246.16000 42.13200 217.79800
16 4 21 03 15 52713.60000 27.60100000 2087.73000 245.52000 42.13200 217.79800
16 4 21 03 16 52724.00000 27.48100000 2086.94000 245.98000 42.13200 217.49900
16 4 21 03 16 52733.30000 27.50600000 2087.73000 245.98000 42.13200 217.27400
16 4 21 03 17 52735.10000 27.28100000 2089.77000 246.28000 42.13200 217.27400
16 4 21 03 17 52717.70000 27.28100000 2088.90000 246.00000 42.13200 217.27400
16 4 21 03 17 52746.60000 27.32600000 2088.90000 246.30000 42.13200 217.27400
