M=[
10 7 20 17 39 8165.60000 5.65000000 211.83000 39.07000 16.95000 49.98600
10 7 20 17 39 8165.60000 5.65500000 213.01000 39.00000 17.15800 49.01300
10 7 20 17 40 8165.90000 5.65500000 213.01000 39.07000 16.88900 48.96400
10 7 20 17 40 8165.90000 5.90200000 211.84000 39.07000 17.15800 48.96400
10 7 20 17 41 8165.80000 5.68000000 211.83000 39.07000 16.92700 49.98600
10 7 20 17 41 8181.50000 5.65500000 211.80000 39.00000 17.15800 48.96400
10 7 20 17 41 8179.40000 5.65500000 211.80000 39.00000 17.26300 49.18400
10 7 20 17 42 8179.40000 5.62800000 213.01000 38.94000 16.92700 49.98600
10 7 20 17 42 8167.20000 5.90200000 213.19000 38.97000 16.95900 48.60900
10 7 20 17 43 8167.20000 5.65500000 213.01000 39.06000 17.15800 49.98600
10 7 20 17 44 8181.00000 5.65500000 211.64000 39.00000 16.92700 48.96400
10 7 20 17 44 8181.00000 5.90200000 212.01000 39.30000 16.92700 49.98600
10 7 20 17 44 8169.30000 5.90200000 212.01000 39.00000 16.92700 48.96400
10 7 20 17 45 8181.00000 5.65500000 211.94000 39.06000 16.92700 48.96400
10 7 20 17 45 8181.00000 5.65500000 212.03000 39.06000 16.92700 48.96400
10 7 20 17 46 8170.00000 5.80700000 212.03000 38.97000 16.92700 49.98600
10 7 20 17 46 8170.00000 5.65500000 213.01000 39.06000 16.92700 49.18400
10 7 20 17 47 8181.00000 5.71000000 212.06000 38.94000 16.92700 48.96400
10 7 20 17 47 8169.90000 5.90200000 212.69000 39.00000 16.92700 49.98600
10 7 20 17 48 8181.00000 5.65500000 212.69000 39.12000 17.15800 49.98600
10 7 20 17 48 8174.30000 5.62800000 213.01000 39.12000 16.92700 48.96400
10 7 20 17 49 8181.00000 5.90200000 213.19000 39.12000 16.92700 49.01300
10 7 20 17 49 8179.40000 5.65500000 212.69000 39.00000 16.92700 49.98600
10 7 20 17 50 8181.00000 5.65500000 212.22000 39.12000 16.80800 49.98600
10 7 20 17 51 8179.40000 5.90200000 212.22000 38.97000 17.15800 49.98600
10 7 20 17 51 8175.80000 5.71000000 212.39000 39.12000 16.96700 49.18400
10 7 20 17 51 8174.80000 5.65500000 213.01000 38.94000 17.26300 48.96400
10 7 20 17 52 8179.40000 5.90200000 212.20000 39.00000 17.15800 48.96400
10 7 20 17 52 8174.10000 5.68000000 212.19000 39.11000 16.96700 48.96400
10 7 20 17 53 8181.00000 5.65500000 212.22000 39.11000 16.96700 48.96400
10 7 20 17 53 8174.10000 5.90200000 212.19000 39.00000 16.96100 48.96400
10 7 20 17 53 8174.10000 5.90200000 212.19000 39.10000 17.15800 49.18400
10 7 20 17 54 8173.80000 5.65000000 213.01000 38.97000 16.96100 48.96400
10 7 20 17 54 8172.00000 5.65500000 212.19000 39.00000 16.96100 49.04800
10 7 20 17 55 8171.60000 5.65500000 213.19000 39.00000 17.23000 49.04800
10 7 20 17 56 8181.00000 5.65500000 212.14000 39.25000 17.15800 49.04800
10 7 20 17 56 8181.00000 5.65500000 212.22000 39.10000 16.98900 49.04800
10 7 20 17 57 8172.50000 5.65500000 212.15000 39.10000 16.83200 49.04800
10 7 20 17 57 8172.10000 5.59500000 213.01000 38.97000 17.15800 49.04800
10 7 20 17 57 8181.50000 5.80700000 212.20000 39.10000 16.98900 49.98600
10 7 20 17 58 8179.40000 5.68000000 212.20000 39.10000 16.98900 49.20200
10 7 20 17 58 8179.40000 5.65500000 212.16000 38.94000 17.15800 49.20200
10 7 20 17 59 8181.00000 5.87700000 213.01000 39.36000 16.98900 49.18400
10 7 20 17 59 8181.00000 5.65000000 214.26000 39.10000 16.98900 49.20200
10 7 20 18 00 8170.80000 5.65500000 211.64000 39.08000 16.99500 49.26100
10 7 20 18 00 8181.00000 5.80700000 213.01000 39.10000 16.99500 49.26100
10 7 20 18 00 8168.70000 5.65500000 213.01000 38.97000 16.99500 49.98600
10 7 20 18 01 8169.20000 5.68000000 212.00000 39.10000 17.15800 48.74000
10 7 20 18 02 8168.70000 5.65500000 212.00000 39.10000 16.99500 49.26100
10 7 20 18 02 8167.50000 5.65500000 212.00000 38.98000 16.99500 49.98600
10 7 20 18 03 8181.00000 5.65500000 212.69000 39.10000 16.99500 49.98600
10 7 20 18 03 8169.80000 5.90200000 211.83000 38.94000 17.15800 49.98600
10 7 20 18 03 8169.00000 5.65500000 211.83000 39.00000 17.15800 49.26100
10 7 20 18 04 8181.00000 5.90200000 211.64000 39.10000 16.99500 49.26100
10 7 20 18 04 8181.00000 5.65000000 213.19000 38.97000 16.99500 49.98600
10 7 20 18 05 8181.00000 5.90200000 214.27000 39.10000 16.99500 49.26100
10 7 20 18 05 8168.00000 5.68000000 213.19000 39.36000 17.15800 49.26100
10 7 20 18 06 8166.00000 5.90200000 211.64000 39.01000 17.15800 49.26100
10 7 20 18 06 8181.00000 5.65500000 211.77000 39.01000 16.99500 49.26100
10 7 20 18 06 8179.40000 5.65500000 212.69000 38.94000 16.99500 49.26100
10 7 20 18 07 8179.40000 5.65500000 211.77000 38.97000 16.99500 49.98600
10 7 20 18 08 8168.90000 5.63000000 214.26000 39.01000 17.15800 49.26100
10 7 20 18 08 8168.90000 5.65500000 211.83000 39.01000 16.99500 49.98600
10 7 20 18 09 8168.10000 5.90200000 211.64000 39.01000 17.15800 49.26100
10 7 20 18 09 8169.60000 5.65500000 211.83000 38.97000 16.99500 48.60900
10 7 20 18 09 8169.70000 5.68000000 211.82000 39.01000 17.15800 49.26100
10 7 20 18 10 8169.70000 5.65000000 213.01000 39.00000 16.99500 48.60900
10 7 20 18 10 8179.40000 5.65500000 213.01000 38.97000 17.26300 49.26100
10 7 20 18 11 8169.80000 5.65500000 211.84000 38.98000 16.99500 49.26100
10 7 20 18 12 8169.80000 5.90200000 213.01000 39.01000 17.15800 49.09500
10 7 20 18 12 8169.70000 5.90200000 211.85000 39.01000 16.99500 49.26100
10 7 20 18 12 8170.80000 5.65500000 211.89000 39.01000 16.99500 49.26100
10 7 20 18 12 8172.60000 5.90200000 213.01000 39.01000 17.15800 49.26100
10 7 20 18 13 8173.60000 5.63000000 214.26000 39.01000 17.15800 49.26100
10 7 20 18 13 8173.60000 5.65500000 212.03000 39.08000 17.26300 49.26100
10 7 20 18 14 8173.60000 5.65500000 212.10000 39.01000 16.99500 49.26100
10 7 20 18 14 8173.40000 5.65500000 212.06000 39.01000 16.99500 49.98600
10 7 20 18 15 8181.00000 5.80700000 213.01000 39.00000 16.99500 49.98600
10 7 20 18 15 8175.90000 5.65500000 212.13000 39.00000 16.99500 49.01300
10 7 20 18 16 8176.10000 5.80700000 212.14000 38.94000 17.15800 48.60900
10 7 20 18 17 8181.00000 5.80700000 212.17000 39.16000 16.99500 49.26100
10 7 20 18 17 8176.00000 5.65500000 214.26000 38.94000 16.99500 49.98600
10 7 20 18 17 8179.40000 5.65500000 212.17000 39.13000 17.26300 49.26100
10 7 20 18 18 8174.90000 5.59500000 213.01000 39.13000 17.15800 49.26100
10 7 20 18 19 8179.40000 5.65500000 212.02000 39.13000 16.99500 49.26100
10 7 20 18 18 8179.40000 5.90200000 211.97000 39.13000 17.15800 49.98600
10 7 20 18 19 8179.40000 5.65500000 213.01000 39.00000 16.99500 49.98600
10 7 20 18 19 8174.30000 5.65500000 212.01000 39.36000 17.23000 49.26100
10 7 20 18 20 8174.10000 5.65500000 213.01000 38.97000 17.10200 49.98600
10 7 20 18 20 8174.10000 5.65500000 212.02000 39.13000 16.99500 49.98600
10 7 20 18 21 8181.00000 5.63900000 211.86000 39.09000 16.99500 49.26100
10 7 20 18 21 8171.10000 5.90200000 211.82000 39.00000 16.99500 49.98600
10 7 20 18 22 8171.10000 5.90200000 213.01000 39.25000 16.99500 48.60900
10 7 20 18 22 8181.00000 5.90200000 214.27000 39.09000 17.35800 49.18400
10 7 20 18 23 8181.00000 5.63600000 211.82000 39.30000 17.35800 48.60900
10 7 20 18 23 8171.20000 5.80700000 211.76000 39.09000 16.95900 49.21900
10 7 20 18 24 8171.20000 5.63600000 211.76000 39.09000 17.15800 49.21900
10 7 20 18 24 8169.90000 5.63600000 211.76000 39.09000 16.99500 49.01300
10 7 20 18 25 8169.00000 5.63600000 211.77000 39.09000 16.83200 49.18400
10 7 20 18 25 8169.00000 5.63600000 211.77000 39.09000 16.99500 49.18400
10 7 20 18 25 8168.90000 5.62800000 211.77000 39.06000 16.99500 49.21900
10 7 20 18 27 8181.00000 5.90200000 211.77000 39.00000 16.99500 49.21900
10 7 20 18 27 8179.40000 5.90200000 211.76000 39.08000 16.99500 49.21900
10 7 20 18 27 8179.40000 5.62800000 211.68000 39.06000 17.15800 49.21900
10 7 20 18 28 8168.60000 5.71000000 211.68000 39.06000 16.99500 49.98600
10 7 20 18 28 8168.00000 5.62800000 211.68000 39.06000 16.99500 49.21900
10 7 20 18 28 8168.10000 5.90200000 211.67000 39.08000 16.99500 49.98600
10 7 20 18 29 8181.00000 5.90200000 213.19000 39.00000 16.99500 49.98600
10 7 20 18 29 8181.00000 5.62800000 212.69000 39.00000 17.15800 49.18400
