M=[
 5 10 20 12 02 9070.50000 4.88500000 297.89000 39.20000 11.96100 52.85900
 5 10 20 12 02 9074.70000 4.88500000 297.90000 39.20000 11.96100 52.86700
 5 10 20 12 03 9074.40000 4.88800000 297.89000 39.19000 11.96100 52.86600
 5 10 20 12 03 9072.80000 4.88800000 297.90000 39.19000 11.96100 52.86600
 5 10 20 12 04 9069.60000 4.88800000 297.90000 39.20000 11.96100 52.86600
 5 10 20 12 04 9069.40000 4.88800000 297.89000 39.20000 11.96100 52.86600
 5 10 20 12 04 9069.50000 4.88800000 297.89000 39.20000 11.96100 52.86600
 5 10 20 12 05 9069.50000 4.88800000 297.89000 39.20000 11.96100 52.86600
 5 10 20 12 05 9069.50000 4.88800000 297.90000 39.20000 11.96100 52.86600
 5 10 20 12 06 9069.50000 4.88800000 297.90000 39.20000 11.96100 52.86600
 5 10 20 12 06 9069.60000 4.88800000 298.12000 39.20000 11.96100 52.86600
 5 10 20 12 07 9077.60000 4.88800000 298.11000 39.20000 11.96100 52.86600
 5 10 20 12 07 9078.10000 4.88800000 298.11000 39.20000 11.96100 52.86600
 5 10 20 12 07 9080.00000 4.88800000 298.11000 39.20000 11.96100 52.86600
 5 10 20 12 08 9082.00000 4.88800000 298.42000 39.20000 11.96100 52.86600
 5 10 20 12 08 9077.00000 4.89600000 298.42000 39.20000 11.96100 52.86600
 5 10 20 12 09 9077.10000 4.89600000 298.39000 39.20000 11.96100 52.86600
 5 10 20 12 09 9077.10000 4.89600000 298.39000 39.20000 11.96100 52.86600
 5 10 20 12 10 9077.10000 4.89600000 298.39000 39.20000 11.96100 52.86600
 5 10 20 12 10 9077.10000 4.89600000 298.38000 39.20000 11.96100 52.86600
 5 10 20 12 10 9077.10000 4.89600000 298.38000 39.20000 11.96100 52.86600
 5 10 20 12 11 9077.10000 4.89600000 298.38000 39.20000 11.96100 53.04900
 5 10 20 12 11 9078.50000 4.89600000 298.38000 39.20000 11.96100 53.00900
 5 10 20 12 12 9078.80000 4.89600000 298.38000 39.20000 11.96100 53.00900
 5 10 20 12 12 9079.10000 4.89600000 298.38000 39.20000 11.96100 53.00900
 5 10 20 12 13 9079.10000 4.89600000 298.38000 39.31000 11.96100 53.00900
 5 10 20 12 13 9080.10000 4.89000000 298.39000 39.31000 11.96100 53.00900
 5 10 20 12 13 9080.90000 4.89000000 298.39000 39.31000 11.96100 53.00900
 5 10 20 12 14 9081.60000 4.89000000 298.39000 39.31000 11.96100 53.00900
 5 10 20 12 14 9081.70000 4.89000000 298.39000 39.31000 11.96100 53.00900
 5 10 20 12 15 9081.70000 4.89000000 298.38000 39.30000 11.96100 53.00900
 5 10 20 12 15 9080.90000 4.89000000 298.39000 39.30000 11.96100 53.00900
 5 10 20 12 16 9080.10000 4.89000000 298.39000 39.30000 11.96100 53.00900
 5 10 20 12 16 9080.00000 4.89000000 298.38000 39.31000 11.96100 53.00900
 5 10 20 12 16 9080.10000 4.89000000 298.38000 39.31000 11.96100 53.00900
 5 10 20 12 17 9081.00000 4.89000000 298.38000 39.30000 11.96100 53.00900
 5 10 20 12 17 9082.10000 4.89000000 298.39000 39.30000 11.96100 53.00900
 5 10 20 12 18 9082.40000 4.89000000 298.39000 39.30000 11.96100 53.00900
 5 10 20 12 18 9082.50000 4.89000000 298.61000 39.30000 11.96100 53.00900
 5 10 20 12 19 9082.50000 4.89000000 298.61000 39.30000 11.96100 53.00900
 5 10 20 12 19 9082.40000 4.89000000 299.01000 39.30000 11.96100 53.00900
 5 10 20 12 19 9082.50000 4.89000000 299.01000 39.30000 11.96100 53.00900
 5 10 20 12 20 9083.70000 4.89000000 299.01000 39.30000 11.96100 53.00900
 5 10 20 12 20 9083.60000 4.89000000 299.01000 39.30000 11.96100 53.00900
 5 10 20 12 21 9083.70000 4.89000000 299.01000 39.30000 11.96100 53.00900
 5 10 20 12 21 9083.70000 4.89000000 299.26000 39.30000 11.96100 53.00900
 5 10 20 12 22 9083.70000 4.89000000 299.26000 39.37000 11.96100 53.16500
 5 10 20 12 22 9083.70000 4.89000000 299.26000 39.37000 11.96100 53.16500
 5 10 20 12 22 9083.60000 4.89000000 299.25000 39.37000 11.96100 53.16500
 5 10 20 12 23 9083.70000 4.89000000 299.25000 39.35000 11.96100 53.16500
 5 10 20 12 23 9083.70000 4.89000000 299.25000 39.35000 11.96100 53.16500
 5 10 20 12 24 9083.70000 4.89000000 299.23000 39.37000 11.96100 53.16000
 5 10 20 12 24 9083.70000 4.89000000 299.22000 39.37000 11.96100 53.16000
 5 10 20 12 25 9083.70000 4.89000000 299.22000 39.37000 11.96100 53.16000
 5 10 20 12 25 9083.70000 4.89000000 299.22000 39.37000 11.96100 53.16000
 5 10 20 12 25 9083.70000 4.89000000 299.22000 39.37000 11.96100 53.16000
 5 10 20 12 26 9083.70000 4.89000000 299.22000 39.37000 11.96100 53.16000
 5 10 20 12 26 9083.70000 4.89000000 299.22000 39.37000 11.96100 53.16000
 5 10 20 12 27 9083.70000 4.89000000 299.20000 39.37000 11.96100 53.16000
 5 10 20 12 27 9085.30000 4.89000000 299.20000 39.37000 11.96100 53.16000
 5 10 20 12 28 9086.50000 4.89000000 299.20000 39.36000 11.96100 53.16000
 5 10 20 12 28 9087.80000 4.90500000 299.20000 39.36000 11.96100 53.16000
 5 10 20 12 28 9087.80000 4.89800000 299.20000 39.36000 11.96100 53.16000
 5 10 20 12 29 9087.70000 4.89800000 299.21000 39.36000 11.96100 53.03700
 5 10 20 12 29 9088.80000 4.89800000 299.21000 39.38000 11.96100 53.03700
 5 10 20 12 30 9088.90000 4.89200000 299.21000 39.38000 11.96100 53.03700
 5 10 20 12 30 9084.90000 4.89200000 299.21000 39.36000 11.96100 53.03700
 5 10 20 12 31 9087.30000 4.89200000 299.21000 39.36000 11.96100 53.03700
 5 10 20 12 31 9088.20000 4.89200000 299.19000 39.36000 11.96100 53.03700
 5 10 20 12 31 9085.70000 4.89200000 299.18000 39.36000 11.96100 53.03700
 5 10 20 12 32 9085.20000 4.89200000 299.18000 39.36000 11.96100 53.03700
 5 10 20 12 32 9086.20000 4.89200000 299.18000 39.36000 11.96100 53.03700
 5 10 20 12 33 9085.70000 4.89200000 299.13000 39.36000 11.96100 53.03700
 5 10 20 12 33 9085.80000 4.89200000 299.14000 39.36000 11.96100 53.03700
 5 10 20 12 34 9086.20000 4.89200000 299.13000 39.36000 11.96100 53.11600
 5 10 20 12 34 9089.70000 4.89200000 299.13000 39.36000 11.96100 53.11600
 5 10 20 12 34 9086.40000 4.89200000 299.14000 39.36000 11.96100 53.11600
 5 10 20 12 35 9085.70000 4.89200000 299.14000 39.36000 11.96100 53.11600
 5 10 20 12 35 9085.70000 4.89200000 299.14000 39.36000 11.96100 53.11600
 5 10 20 12 36 9087.70000 4.89200000 299.11000 39.36000 11.96100 53.11600
 5 10 20 12 36 9087.70000 4.89200000 299.11000 39.36000 11.96100 53.11600
 5 10 20 12 37 9089.90000 4.89200000 299.11000 39.36000 11.96100 53.11600
 5 10 20 12 37 9089.80000 4.89200000 299.11000 39.36000 11.96100 53.11600
 5 10 20 12 37 9089.30000 4.89200000 299.11000 39.36000 11.96100 53.11600
 5 10 20 12 38 9088.10000 4.89200000 299.11000 39.36000 11.96100 53.11600
 5 10 20 12 38 9090.00000 4.89200000 299.11000 39.36000 11.96100 53.11600
 5 10 20 12 39 9090.00000 4.89200000 299.11000 39.37000 11.96100 53.11600
 5 10 20 12 39 9089.90000 4.89200000 299.11000 39.34000 11.96100 53.11600
 5 10 20 12 40 9090.00000 4.89900000 299.11000 39.34000 11.96100 53.11600
 5 10 20 12 40 9089.90000 4.89900000 299.12000 39.34000 11.96100 53.11600
 5 10 20 12 40 9090.00000 4.89900000 299.11000 39.34000 11.96100 53.11600
 5 10 20 12 41 9089.90000 4.89900000 299.07000 39.34000 11.96100 53.11600
 5 10 20 12 41 9090.00000 4.89900000 299.07000 39.34000 11.96100 53.11600
 5 10 20 12 42 9090.00000 4.89900000 299.07000 39.34000 11.96100 53.11600
 5 10 20 12 42 9089.70000 4.89900000 298.96000 39.34000 11.96100 53.11600
 5 10 20 12 42 9089.90000 4.89900000 298.96000 39.34000 11.96100 53.11600
 5 10 20 12 43 9090.00000 4.89900000 298.95000 39.34000 11.96100 53.11600
 5 10 20 12 43 9089.90000 4.89900000 298.96000 39.34000 11.96100 53.11600
 5 10 20 12 44 9090.00000 4.89900000 298.96000 39.34000 11.96100 53.11600
 5 10 20 12 44 9090.00000 4.89900000 298.96000 39.34000 11.96100 53.11600
 5 10 20 12 45 9090.00000 4.89200000 298.96000 39.34000 11.96100 53.11600
 5 10 20 12 45 9089.90000 4.89300000 298.96000 39.34000 11.96100 53.11600
 5 10 20 12 45 9090.00000 4.89300000 298.96000 39.34000 11.96100 53.11900
 5 10 20 12 46 9090.00000 4.88500000 298.95000 39.34000 11.96100 53.11900
 5 10 20 12 46 9090.00000 4.89000000 298.96000 39.34000 11.96100 53.11900
 5 10 20 12 47 9085.20000 4.89000000 298.87000 39.34000 11.96100 53.11900
 5 10 20 12 47 9084.40000 4.89000000 298.87000 39.34000 11.96100 53.11900
 5 10 20 12 48 9084.40000 4.89000000 298.87000 39.34000 11.96100 53.11900
