M=[
20 4 21 06 39 45266.20000 26.10500000 1738.92000 203.48000 31.97100 180.21400
20 4 21 06 39 45264.00000 26.00300000 1737.02000 203.17000 31.97100 180.21400
20 4 21 06 40 45240.10000 25.90900000 1737.55000 203.55000 31.97100 179.85500
20 4 21 06 40 45196.70000 25.90900000 1734.93000 203.21000 31.97100 179.85500
20 4 21 06 41 45196.80000 25.84000000 1734.63000 203.24000 31.97100 179.85500
20 4 21 06 41 45196.70000 25.84000000 1733.67000 203.24000 31.45600 180.03000
20 4 21 06 42 45186.50000 25.84000000 1735.46000 203.15000 31.45600 178.75100
20 4 21 06 42 45175.90000 25.83900000 1733.37000 202.50000 31.45600 178.75100
20 4 21 06 42 45105.10000 25.83900000 1732.41000 202.17000 31.45600 178.96200
20 4 21 06 43 45088.40000 25.83900000 1729.04000 201.93000 31.45600 178.75100
20 4 21 06 43 45025.80000 25.71600000 1730.64000 201.58000 31.45600 178.45000
20 4 21 06 44 44999.90000 25.71600000 1731.03000 201.52000 31.45600 178.45000
20 4 21 06 44 44930.70000 25.71600000 1730.15000 201.90000 31.45600 178.45000
20 4 21 06 45 45017.90000 25.71600000 1729.50000 202.17000 31.45600 178.97200
20 4 21 06 45 44995.80000 25.71600000 1729.27000 202.36000 31.68700 178.25400
20 4 21 06 45 45068.80000 25.71600000 1732.79000 202.42000 31.68700 180.17300
20 4 21 06 46 45000.00000 25.88400000 1732.01000 202.49000 31.68700 179.72500
20 4 21 06 46 44991.90000 25.84600000 1728.59000 201.59000 31.68700 179.72500
20 4 21 06 47 44921.30000 25.77300000 1727.00000 200.59000 31.68700 178.49700
20 4 21 06 47 44873.70000 25.77300000 1723.99000 200.29000 31.77000 177.46000
20 4 21 06 48 44814.30000 25.71700000 1723.40000 199.93000 31.77000 177.23200
20 4 21 06 48 44815.30000 25.71700000 1722.73000 199.95000 31.77000 177.85700
20 4 21 06 48 44761.90000 25.61800000 1720.58000 200.07000 31.77000 177.85700
20 4 21 06 49 44811.60000 25.56800000 1722.32000 199.53000 31.77000 176.84000
20 4 21 06 49 44838.30000 25.65600000 1722.04000 199.69000 31.77000 178.22600
20 4 21 06 50 44777.00000 25.54900000 1722.03000 198.98000 31.72800 178.22600
20 4 21 06 50 44830.00000 25.63000000 1725.80000 199.64000 31.72900 178.22600
20 4 21 06 51 44874.40000 25.63000000 1726.10000 199.37000 31.86000 178.22600
20 4 21 06 51 44924.80000 25.61600000 1727.50000 199.94000 31.86000 178.22600
20 4 21 06 51 44837.30000 25.61600000 1724.17000 199.25000 31.86000 178.22600
20 4 21 06 52 44814.20000 25.61600000 1722.18000 198.90000 31.67300 178.55900
20 4 21 06 52 44730.90000 25.61600000 1718.72000 198.31000 31.67300 178.00000
20 4 21 06 53 44729.70000 25.47600000 1721.12000 198.53000 31.67300 178.00000
20 4 21 06 53 44697.80000 25.47600000 1718.34000 197.89000 31.67300 177.27400
20 4 21 06 54 44657.50000 25.43500000 1716.97000 197.50000 31.67300 177.10700
20 4 21 06 54 44653.40000 25.37100000 1716.27000 197.59000 31.67300 176.81100
20 4 21 06 54 44732.70000 25.54200000 1720.46000 198.15000 31.67300 177.78500
20 4 21 06 55 44769.50000 25.54200000 1722.94000 198.47000 31.67300 177.78500
20 4 21 06 55 44750.30000 25.54200000 1722.50000 198.60000 31.67300 177.78500
20 4 21 06 56 44655.90000 25.48000000 1717.91000 197.61000 31.67300 177.78500
20 4 21 06 56 44632.30000 25.48000000 1715.26000 197.02000 31.24400 176.38000
20 4 21 06 57 44558.70000 25.32000000 1714.17000 196.73000 31.24400 176.38000
20 4 21 06 57 44561.00000 25.36500000 1717.02000 196.66000 31.24400 176.22700
20 4 21 06 57 44569.10000 25.35300000 1715.98000 196.42000 31.24400 176.34900
20 4 21 06 58 44531.00000 25.32600000 1715.49000 196.33000 31.24400 175.49200
20 4 21 06 58 44604.50000 25.35300000 1720.29000 196.76000 31.24400 176.92800
20 4 21 06 59 44652.00000 25.35300000 1720.80000 196.57000 31.23700 177.48400
20 4 21 06 59 44629.10000 25.35300000 1721.40000 197.25000 31.23700 177.62400
20 4 21 07 00 44727.00000 25.56000000 1725.20000 197.60000 31.23700 177.62400
20 4 21 07 00 44630.70000 25.56000000 1721.40000 197.06000 31.51400 178.63700
20 4 21 07 00 44675.90000 25.56000000 1723.21000 197.30000 31.51400 178.63700
20 4 21 07 01 44787.70000 25.51500000 1726.30000 197.47000 31.51400 178.63700
20 4 21 07 01 44831.80000 25.55800000 1728.71000 198.29000 31.51400 178.63700
20 4 21 07 02 44830.00000 25.66700000 1727.23000 198.31000 31.20600 180.40000
20 4 21 07 02 44740.80000 25.57500000 1724.34000 197.67000 31.20600 179.60000
20 4 21 07 03 44808.60000 25.57500000 1726.48000 198.44000 31.20600 178.91400
20 4 21 07 03 44750.10000 25.57500000 1723.08000 198.27000 31.20600 178.91400
20 4 21 07 03 44815.30000 25.57500000 1724.64000 198.51000 31.20600 178.91400
20 4 21 07 04 44789.00000 25.57500000 1723.24000 198.28000 31.20600 179.28300
20 4 21 07 04 44745.70000 25.57500000 1722.67000 198.00000 31.20600 179.28300
20 4 21 07 05 44701.90000 25.57500000 1720.11000 197.66000 31.20000 179.28300
20 4 21 07 05 44634.60000 25.57500000 1716.33000 196.82000 31.20000 177.72200
20 4 21 07 06 44573.70000 25.49000000 1711.63000 196.32000 31.52100 177.23000
20 4 21 07 06 44531.00000 25.40000000 1710.95000 195.09000 31.52100 177.43100
20 4 21 07 06 44531.00000 25.36600000 1711.23000 195.44000 31.52100 177.08600
20 4 21 07 07 44573.30000 25.36600000 1711.92000 195.19000 31.52100 177.08600
20 4 21 07 07 44590.10000 25.45700000 1712.93000 195.11000 31.52100 177.08600
20 4 21 07 08 44682.20000 25.52400000 1717.54000 196.87000 31.52100 179.57900
20 4 21 07 08 44700.50000 25.52400000 1716.44000 196.58000 31.52100 178.97000
20 4 21 07 09 44655.50000 25.52400000 1714.04000 196.56000 31.52100 177.94800
20 4 21 07 09 44678.60000 25.52400000 1716.00000 197.24000 31.52100 177.94800
20 4 21 07 09 44689.10000 25.52400000 1716.70000 196.95000 31.52100 177.94800
20 4 21 07 10 44757.90000 25.70500000 1719.84000 197.73000 31.52100 178.97300
20 4 21 07 10 44789.00000 25.66600000 1723.23000 198.22000 31.52100 178.97300
20 4 21 07 11 44891.60000 25.89900000 1728.39000 199.34000 31.28000 180.16900
20 4 21 07 11 44875.10000 25.83300000 1726.39000 199.38000 31.57100 180.53200
20 4 21 07 12 44935.70000 25.83300000 1728.71000 199.72000 31.57100 180.29000
20 4 21 07 12 44950.00000 25.83300000 1730.10000 199.85000 31.57100 181.55900
20 4 21 07 12 44964.30000 25.99500000 1732.16000 200.13000 31.57100 181.55900
20 4 21 07 13 44964.30000 25.99500000 1731.97000 200.15000 31.76400 181.55900
20 4 21 07 13 44950.10000 25.95900000 1731.45000 200.00000 31.76400 181.55900
20 4 21 07 14 44999.90000 25.95900000 1732.92000 200.21000 31.76400 182.04400
20 4 21 07 14 45025.90000 25.95900000 1733.00000 200.51000 31.76300 181.95700
20 4 21 07 15 45053.00000 25.95900000 1733.83000 200.73000 31.76300 181.95700
20 4 21 07 15 45012.40000 25.99600000 1732.56000 200.21000 31.76300 181.95700
20 4 21 07 15 45019.50000 25.94400000 1733.35000 200.21000 31.76300 181.95700
20 4 21 07 16 45000.10000 25.94400000 1731.99000 200.33000 31.76300 181.95700
20 4 21 07 16 44930.90000 25.89000000 1730.47000 200.07000 31.46500 181.95700
20 4 21 07 17 44928.40000 25.89000000 1729.06000 199.08000 31.46500 181.95700
20 4 21 07 17 44931.80000 25.89000000 1728.25000 199.70000 31.46500 181.34000
20 4 21 07 18 44903.90000 25.89000000 1727.63000 199.44000 31.46500 180.48300
20 4 21 07 18 44931.90000 25.89000000 1729.69000 199.79000 31.46500 180.48300
20 4 21 07 18 44924.30000 25.89000000 1726.09000 199.49000 31.46500 180.48300
20 4 21 07 19 44900.20000 25.89000000 1726.57000 199.49000 31.46500 180.48300
20 4 21 07 19 44964.70000 25.90100000 1727.94000 199.66000 31.46500 180.56700
20 4 21 07 20 44993.20000 25.95400000 1733.24000 200.06000 31.46500 181.61500
20 4 21 07 20 44984.60000 25.95400000 1732.39000 200.25000 31.46500 181.61500
20 4 21 07 21 44984.60000 25.95400000 1732.00000 200.25000 31.46500 181.61500
20 4 21 07 21 44983.30000 25.95400000 1732.42000 200.36000 31.46500 181.61500
20 4 21 07 21 44980.10000 25.95400000 1731.48000 200.50000 31.46500 181.61500
20 4 21 07 22 44939.30000 25.95400000 1730.45000 200.44000 31.46500 181.61500
20 4 21 07 22 44913.60000 25.95000000 1729.77000 200.26000 31.46500 181.61500
