M=[
26 10 20 20 52 11043.30000 4.74300000 333.50000 47.99000 11.10000 51.00000
26 10 20 20 53 11042.40000 4.74300000 333.55000 47.99000 11.10000 51.00000
26 10 20 20 53 11041.40000 4.74300000 333.55000 47.99000 11.10000 51.00000
26 10 20 20 53 11038.70000 4.74300000 333.29000 47.99000 11.10000 51.00000
26 10 20 20 54 11038.80000 4.74300000 333.25000 47.99000 11.10000 51.00000
26 10 20 20 54 11038.80000 4.74300000 333.12000 47.99000 11.10000 51.00000
26 10 20 20 55 11037.70000 4.74300000 333.05000 47.98000 11.10000 51.00000
26 10 20 20 55 11037.70000 4.74300000 333.00000 47.98000 11.10000 51.00000
26 10 20 20 56 11037.80000 4.74300000 333.00000 47.98000 11.10000 51.00000
26 10 20 20 56 11037.80000 4.74300000 333.00000 47.98000 11.10000 51.00000
26 10 20 20 56 11038.60000 4.74300000 333.28000 47.98000 11.10000 51.00000
26 10 20 20 57 11038.60000 4.74300000 333.27000 47.98000 11.10000 51.00000
26 10 20 20 57 11038.60000 4.74300000 333.27000 47.98000 11.10000 51.00000
26 10 20 20 58 11038.60000 4.74300000 332.99000 47.98000 11.10000 51.00000
26 10 20 20 58 11038.60000 4.74300000 333.03000 47.98000 11.10000 51.00000
26 10 20 20 59 11036.00000 4.74300000 333.01000 47.98000 11.10000 51.00000
26 10 20 20 59 11035.90000 4.74300000 332.83000 47.98000 11.10000 51.00000
26 10 20 20 59 11035.90000 4.74300000 332.76000 47.98000 11.10000 51.00000
26 10 20 21 00 11036.40000 4.74300000 333.26000 47.98000 11.10000 51.00000
26 10 20 21 00 11038.30000 4.74300000 333.26000 47.98000 11.10000 51.00000
26 10 20 21 01 11034.50000 4.74300000 332.70000 47.98000 11.10000 51.00000
26 10 20 21 01 11036.70000 4.74300000 332.89000 47.99000 11.10000 51.00000
26 10 20 21 02 11038.50000 4.74300000 332.89000 47.99000 11.10000 51.00000
26 10 20 21 02 11038.60000 4.74300000 332.85000 47.99000 11.10000 51.00000
26 10 20 21 02 11038.60000 4.74300000 332.85000 47.93000 11.10000 51.00000
26 10 20 21 03 11038.60000 4.74300000 332.85000 47.93000 11.10000 51.00000
26 10 20 21 03 11038.50000 4.74300000 332.85000 47.93000 11.10000 51.00000
26 10 20 21 04 11038.60000 4.74300000 332.86000 47.93000 11.10000 51.00000
26 10 20 21 04 11038.60000 4.74300000 333.10000 47.93000 11.10000 51.00000
26 10 20 21 05 11039.00000 4.74300000 333.10000 47.93000 11.10000 51.09300
26 10 20 21 05 11054.10000 4.74300000 333.64000 47.98000 11.10100 51.09300
26 10 20 21 05 11054.90000 4.74300000 333.68000 47.98000 11.10000 51.09300
26 10 20 21 06 11054.90000 4.74300000 333.73000 47.98000 11.10000 51.09300
26 10 20 21 06 11055.00000 4.74300000 333.73000 47.98000 11.10000 51.09300
26 10 20 21 07 11055.00000 4.74300000 333.56000 47.98000 11.10000 51.09300
26 10 20 21 07 11055.00000 4.74300000 333.75000 47.98000 11.10000 51.09300
26 10 20 21 08 11054.90000 4.74300000 333.75000 47.98000 11.10000 51.09300
26 10 20 21 08 11055.00000 4.74300000 333.75000 47.98000 11.10000 51.09300
26 10 20 21 08 11055.00000 4.74300000 333.75000 47.98000 11.10000 51.09300
26 10 20 21 09 11055.00000 4.74300000 333.79000 47.98000 11.10000 51.09300
26 10 20 21 09 11055.00000 4.74300000 333.72000 47.98000 11.10000 51.09300
26 10 20 21 10 11061.00000 4.74300000 333.72000 47.98000 11.10000 51.09300
26 10 20 21 10 11061.00000 4.74300000 333.58000 47.98000 11.10000 51.09300
26 10 20 21 11 11060.80000 4.74300000 333.58000 48.00000 11.10000 51.09300
26 10 20 21 11 11060.90000 4.74300000 333.67000 48.00000 11.10000 51.09300
26 10 20 21 11 11061.00000 4.74300000 333.65000 48.00000 11.10000 51.09300
26 10 20 21 12 11061.00000 4.74300000 333.73000 48.00000 11.10000 51.09300
26 10 20 21 12 11060.70000 4.74300000 333.72000 48.00000 11.10000 51.09300
26 10 20 21 13 11060.70000 4.74300000 333.70000 48.02000 11.10000 51.09300
26 10 20 21 13 11056.80000 4.74300000 333.49000 48.02000 11.10000 51.09300
26 10 20 21 14 11056.80000 4.74300000 333.45000 48.02000 11.10000 51.09300
26 10 20 21 14 11053.90000 4.74300000 333.45000 48.08000 11.10000 51.09300
26 10 20 21 14 11053.90000 4.74300000 333.46000 48.08000 11.10000 51.09300
26 10 20 21 15 11050.40000 4.74300000 333.45000 48.08000 11.10000 51.09300
26 10 20 21 15 11051.50000 4.74300000 333.38000 48.08000 11.10000 51.09300
26 10 20 21 16 11050.90000 4.74300000 333.33000 48.08000 11.10000 51.09300
26 10 20 21 16 11051.00000 4.74300000 333.33000 48.08000 11.10000 51.09300
26 10 20 21 17 11051.00000 4.74300000 333.26000 48.08000 11.10000 51.09300
26 10 20 21 17 11051.00000 4.74300000 333.22000 48.04000 11.13000 51.09300
26 10 20 21 17 11050.90000 4.74300000 333.22000 48.04000 11.13000 51.09300
26 10 20 21 18 11050.90000 4.74300000 333.26000 48.04000 11.13000 51.09300
26 10 20 21 18 11050.90000 4.74300000 333.24000 48.04000 11.13000 51.09300
26 10 20 21 19 11052.00000 4.74300000 333.44000 48.12000 11.13000 51.09300
26 10 20 21 19 11051.80000 4.74300000 333.81000 48.12000 11.13000 51.09300
26 10 20 21 20 11052.00000 4.74300000 333.88000 48.12000 11.13000 51.09300
26 10 20 21 20 11052.00000 4.74300000 333.88000 48.12000 11.13000 51.09300
26 10 20 21 20 11052.00000 4.74300000 333.88000 48.12000 11.13000 51.09300
26 10 20 21 21 11052.00000 4.74300000 333.87000 48.16000 11.13000 51.09300
26 10 20 21 21 11051.50000 4.74300000 333.97000 48.16000 11.13000 51.09300
26 10 20 21 22 11055.20000 4.74300000 333.97000 48.16000 11.13000 51.09300
26 10 20 21 22 11053.60000 4.74300000 333.98000 48.16000 11.12000 51.09300
26 10 20 21 23 11050.00000 4.74300000 333.98000 48.16000 11.12000 51.09300
26 10 20 21 23 11049.50000 4.74300000 333.98000 48.17000 11.11900 51.09300
26 10 20 21 23 11049.40000 4.74300000 333.97000 48.17000 11.11900 51.09300
26 10 20 21 24 11049.40000 4.74300000 333.97000 48.17000 11.11900 51.09300
26 10 20 21 24 11049.40000 4.74300000 333.97000 48.17000 11.11900 51.09300
26 10 20 21 25 11049.40000 4.74300000 333.99000 48.17000 11.11900 51.09300
26 10 20 21 25 11049.50000 4.74300000 333.98000 48.17000 11.11900 51.09300
26 10 20 21 26 11049.50000 4.74300000 333.98000 48.17000 11.11900 51.20500
26 10 20 21 26 11048.50000 4.74300000 334.00000 48.14000 11.11900 51.34000
26 10 20 21 26 11048.00000 4.74300000 334.00000 48.14000 11.11900 51.34000
26 10 20 21 27 11048.10000 4.74300000 333.99000 48.14000 11.11900 51.34000
26 10 20 21 27 11048.10000 4.74300000 333.98000 48.14000 11.11900 51.34000
26 10 20 21 28 11048.10000 4.74300000 333.99000 48.14000 11.11900 51.34000
26 10 20 21 28 11048.00000 4.74300000 333.99000 48.14000 11.11900 51.34000
26 10 20 21 28 11050.00000 4.74300000 333.99000 48.14000 11.11900 51.34000
26 10 20 21 29 11050.00000 4.74300000 333.99000 48.14000 11.11900 51.34000
26 10 20 21 29 11048.20000 4.74300000 333.99000 48.14000 11.11900 51.34000
26 10 20 21 30 11048.90000 4.74300000 333.98000 48.14000 11.11900 51.34000
26 10 20 21 30 11048.90000 4.74300000 333.99000 48.14000 11.11900 51.34000
26 10 20 21 31 11048.80000 4.74300000 333.88000 48.14000 11.11900 51.34000
26 10 20 21 31 11048.90000 4.75000000 333.92000 48.14000 11.11900 51.34000
26 10 20 21 31 11048.80000 4.75000000 333.92000 48.14000 11.11900 51.34000
26 10 20 21 32 11048.60000 4.75000000 333.92000 48.14000 11.11900 51.34000
26 10 20 21 32 11050.00000 4.75000000 333.77000 48.14000 11.11900 51.34000
26 10 20 21 33 11050.00000 4.75000000 333.77000 48.13000 11.14500 51.34000
26 10 20 21 33 11050.00000 4.75000000 333.77000 48.13000 11.14500 51.34000
26 10 20 21 34 11050.00000 4.75000000 333.80000 48.13000 11.14500 51.34000
26 10 20 21 34 11050.00000 4.75000000 333.87000 48.13000 11.14500 51.34000
26 10 20 21 34 11055.80000 4.75000000 333.73000 48.13000 11.14500 51.34000
26 10 20 21 35 11056.00000 4.75000000 333.85000 48.13000 11.14500 51.34000
26 10 20 21 35 11055.90000 4.75000000 333.79000 48.13000 11.14500 51.34000
26 10 20 21 36 11060.80000 4.75000000 333.84000 48.13000 11.14500 51.34000
26 10 20 21 36 11061.00000 4.75000000 333.85000 48.13000 11.14500 51.34000
26 10 20 21 37 11061.00000 4.75000000 333.84000 48.13000 11.14500 51.34000
26 10 20 21 37 11060.90000 4.75000000 333.85000 48.13000 11.14500 51.34000
