M=[
 2 12 20 13 46 15872.40000 5.22700000 493.71000 73.29000 13.20800 62.94000
 2 12 20 13 47 15890.60000 5.22700000 493.46000 73.29000 13.20800 62.94000
 2 12 20 13 47 15900.00000 5.22700000 493.79000 73.35000 13.20800 62.94000
 2 12 20 13 48 15903.00000 5.22700000 494.35000 73.35000 13.20800 62.94000
 2 12 20 13 48 15877.10000 5.22700000 493.99000 73.35000 13.20800 62.94000
 2 12 20 13 48 15869.40000 5.22700000 493.77000 73.17000 13.20800 62.94000
 2 12 20 13 49 15862.90000 5.22700000 493.46000 73.20000 13.20800 62.94000
 2 12 20 13 49 15890.50000 5.22700000 494.25000 73.20000 13.20800 62.94000
 2 12 20 13 50 15879.30000 5.22700000 494.19000 73.13000 13.20800 62.94000
 2 12 20 13 50 15869.90000 5.22700000 493.78000 73.13000 13.20800 62.94000
 2 12 20 13 51 15870.00000 5.22700000 493.55000 73.13000 13.20800 62.94000
 2 12 20 13 51 15852.40000 5.22700000 493.52000 73.16000 13.20800 62.94000
 2 12 20 13 51 15875.00000 5.22700000 493.52000 73.16000 13.20800 62.94000
 2 12 20 13 52 15887.60000 5.22700000 493.52000 73.16000 13.20800 62.94000
 2 12 20 13 52 15881.70000 5.22700000 493.78000 73.16000 13.20800 62.94000
 2 12 20 13 53 15875.10000 5.22700000 493.53000 73.14000 13.20800 62.94000
 2 12 20 13 53 15875.00000 5.22700000 493.23000 73.15000 13.20800 62.94000
 2 12 20 13 54 15864.70000 5.22700000 493.23000 73.15000 13.20800 62.94000
 2 12 20 13 54 15870.00000 5.22700000 493.30000 73.15000 13.20800 62.94000
 2 12 20 13 54 15884.70000 5.22700000 493.52000 73.15000 13.20800 62.94000
 2 12 20 13 55 15867.60000 5.22700000 493.43000 73.15000 13.20800 62.94000
 2 12 20 13 55 15864.30000 5.22700000 493.52000 73.15000 13.20800 62.94000
 2 12 20 13 56 15855.80000 5.22700000 493.44000 73.14000 13.20800 62.94000
 2 12 20 13 56 15869.20000 5.22700000 493.44000 73.10000 13.20800 62.94000
 2 12 20 13 57 15873.30000 5.22700000 493.44000 73.06000 13.20800 62.94000
 2 12 20 13 57 15871.20000 5.22700000 493.44000 73.04000 13.20800 62.94000
 2 12 20 13 57 15880.00000 5.22700000 493.51000 73.07000 13.20800 62.94000
 2 12 20 13 58 15864.60000 5.22700000 493.12000 72.92000 13.20800 62.94000
 2 12 20 13 58 15864.40000 5.22700000 492.75000 72.81000 13.20800 62.94000
 2 12 20 13 59 15879.90000 5.22700000 492.94000 72.90000 13.20800 62.94000
 2 12 20 13 59 15872.50000 5.22700000 492.20000 72.81000 13.20800 63.00900
 2 12 20 14 00 15864.00000 5.22700000 492.11000 72.73000 13.20800 63.00900
 2 12 20 14 00 15880.00000 5.22700000 492.66000 72.73000 13.20800 63.00900
 2 12 20 14 00 15879.90000 5.22700000 492.66000 72.73000 13.20800 63.00900
 2 12 20 14 01 15879.90000 5.22700000 493.41000 72.82000 13.20800 63.00900
 2 12 20 14 01 15879.90000 5.22700000 493.07000 72.82000 13.20800 63.00900
 2 12 20 14 02 15878.60000 5.22700000 493.12000 72.82000 13.20800 63.00900
 2 12 20 14 02 15874.10000 5.22700000 493.12000 72.85000 13.23900 63.00900
 2 12 20 14 03 15860.20000 5.19500000 492.25000 72.78000 13.23900 63.00000
 2 12 20 14 03 15820.10000 5.19000000 491.10000 72.65000 13.23900 63.00000
 2 12 20 14 03 15829.30000 5.18900000 491.43000 72.65000 13.15500 63.00000
 2 12 20 14 04 15833.30000 5.18900000 492.01000 72.69000 13.15500 62.85200
 2 12 20 14 04 15840.90000 5.18900000 492.46000 72.69000 13.15500 62.85200
 2 12 20 14 05 15846.70000 5.18900000 492.92000 72.69000 13.15500 62.85200
 2 12 20 14 05 15848.40000 5.18900000 493.21000 72.84000 13.15500 62.85200
 2 12 20 14 06 15830.10000 5.18900000 493.21000 72.84000 13.15500 62.85200
 2 12 20 14 06 15846.90000 5.18900000 493.23000 72.75000 13.15500 62.85200
 2 12 20 14 06 15852.90000 5.18900000 493.52000 72.75000 13.15500 62.85200
 2 12 20 14 07 15850.60000 5.18900000 493.46000 72.75000 13.15500 62.85200
 2 12 20 14 07 15857.10000 5.18900000 493.20000 72.92000 13.15500 62.85200
 2 12 20 14 08 15845.10000 5.18900000 493.26000 72.92000 13.15500 62.85200
 2 12 20 14 08 15836.60000 5.18700000 493.43000 72.95000 13.15500 62.85200
 2 12 20 14 09 15847.00000 5.18700000 493.43000 72.95000 13.15500 62.85200
 2 12 20 14 09 15838.80000 5.18700000 493.42000 72.95000 13.15500 62.85200
 2 12 20 14 09 15840.60000 5.18700000 493.49000 72.95000 13.15500 62.85200
 2 12 20 14 10 15846.80000 5.18700000 493.49000 72.93000 13.15500 62.85200
 2 12 20 14 10 15852.80000 5.18700000 493.51000 72.93000 13.15500 62.85200
 2 12 20 14 11 15867.50000 5.18700000 494.00000 72.93000 13.15500 62.85200
 2 12 20 14 11 15870.40000 5.18700000 494.33000 73.16000 13.15500 62.85200
 2 12 20 14 12 15872.80000 5.18700000 494.50000 73.20000 13.15500 62.85200
 2 12 20 14 12 15871.20000 5.18700000 494.99000 73.29000 13.15500 62.85200
 2 12 20 14 12 15871.30000 5.18700000 494.99000 73.29000 13.15500 62.85200
 2 12 20 14 13 15871.30000 5.18700000 495.00000 73.29000 13.15500 62.85200
 2 12 20 14 13 15871.40000 5.18700000 495.36000 73.18000 13.15500 62.85200
 2 12 20 14 14 15873.00000 5.18700000 495.47000 73.13000 13.15500 62.85200
 2 12 20 14 14 15873.00000 5.18700000 495.47000 73.13000 13.15500 62.85200
 2 12 20 14 14 15873.00000 5.18700000 494.96000 73.13000 13.15500 62.85200
 2 12 20 14 15 15879.90000 5.18700000 495.04000 73.12000 13.15500 62.85200
 2 12 20 14 15 15880.00000 5.18700000 495.04000 73.12000 13.15500 62.85200
 2 12 20 14 16 15879.90000 5.18700000 494.93000 73.12000 13.15500 62.85200
 2 12 20 14 16 15880.50000 5.18700000 494.93000 73.12000 13.15500 62.85200
 2 12 20 14 17 15882.80000 5.18700000 494.52000 73.11000 13.15500 62.85200
 2 12 20 14 17 15876.70000 5.18700000 494.27000 73.11000 13.15500 62.85200
 2 12 20 14 17 15865.50000 5.18700000 494.27000 73.10000 13.15500 62.85200
 2 12 20 14 18 15878.70000 5.18700000 494.27000 73.04000 13.15500 62.85200
 2 12 20 14 18 15876.40000 5.18700000 494.42000 73.04000 13.15500 62.85200
 2 12 20 14 19 15880.00000 5.20600000 494.42000 73.04000 13.15500 62.85200
 2 12 20 14 19 15875.70000 5.20600000 494.30000 73.04000 13.15500 62.85200
 2 12 20 14 20 15860.20000 5.20600000 494.19000 72.95000 13.35800 62.85200
 2 12 20 14 20 15855.40000 5.20600000 494.19000 73.05000 13.35800 62.85200
 2 12 20 14 20 15843.20000 5.20600000 493.31000 72.84000 13.25200 62.85200
 2 12 20 14 21 15825.50000 5.20600000 493.21000 72.70000 13.28800 62.85200
 2 12 20 14 21 15808.20000 5.20600000 492.21000 72.61000 13.22000 62.85200
 2 12 20 14 22 15808.40000 5.20600000 492.32000 72.70000 13.22000 62.85200
 2 12 20 14 22 15824.60000 5.20600000 492.32000 72.77000 13.22000 62.85200
 2 12 20 14 23 15820.00000 5.20600000 492.32000 72.77000 13.22000 62.85200
 2 12 20 14 23 15820.00000 5.20800000 493.29000 72.77000 13.22000 62.85200
 2 12 20 14 23 15820.90000 5.20800000 493.30000 72.77000 13.22000 62.85200
 2 12 20 14 24 15810.30000 5.20800000 492.70000 72.72000 13.22000 62.85200
 2 12 20 14 24 15780.20000 5.20800000 492.22000 72.59000 13.22000 62.85200
 2 12 20 14 25 15780.10000 5.20800000 492.37000 72.58000 13.22000 62.85200
 2 12 20 14 25 15800.00000 5.20800000 492.39000 72.58000 13.22000 62.85200
 2 12 20 14 26 15770.00000 5.20800000 492.40000 72.58000 13.22000 62.83400
 2 12 20 14 26 15754.40000 5.20800000 492.22000 72.58000 13.22000 62.83400
 2 12 20 14 26 15757.30000 5.17700000 492.22000 72.52000 13.22000 62.83400
 2 12 20 14 27 15760.30000 5.17700000 492.22000 72.52000 13.22000 62.83400
 2 12 20 14 27 15763.60000 5.17700000 491.76000 72.46000 13.22000 62.83400
 2 12 20 14 28 15760.00000 5.17700000 491.76000 72.42000 13.22000 62.83400
 2 12 20 14 28 15755.10000 5.17700000 491.76000 72.52000 13.22000 62.83400
 2 12 20 14 29 15727.00000 5.17000000 491.80000 72.51000 13.22000 62.83400
 2 12 20 14 29 15739.10000 5.17000000 491.90000 72.49000 13.22000 62.83400
 2 12 20 14 29 15747.70000 5.17000000 492.00000 72.49000 13.22000 62.83400
 2 12 20 14 30 15738.70000 5.16900000 492.08000 72.43000 13.22000 62.83400
 2 12 20 14 30 15710.00000 5.16400000 491.47000 72.35000 13.22000 62.83400
 2 12 20 14 31 15705.30000 5.16400000 491.44000 72.34000 13.22000 62.83400
 2 12 20 14 31 15723.30000 5.16400000 491.23000 72.34000 13.22000 62.83400
