M=[
 8 12 20 15 53 15533.50000 4.86100000 474.43000 66.00000 13.80000 59.23000
 8 12 20 15 54 15531.90000 4.86100000 474.40000 65.90000 13.80000 59.23000
 8 12 20 15 54 15532.00000 4.86100000 474.38000 65.97000 13.80000 59.23000
 8 12 20 15 55 15536.90000 4.86100000 474.38000 66.01000 13.77100 59.23000
 8 12 20 15 55 15538.60000 4.86100000 474.38000 65.98000 13.77400 59.23000
 8 12 20 15 55 15533.30000 4.86100000 474.36000 65.95000 13.77400 59.23000
 8 12 20 15 56 15533.30000 4.84700000 474.36000 65.90000 13.77400 59.23000
 8 12 20 15 56 15532.70000 4.84700000 474.05000 65.74000 13.77400 59.23000
 8 12 20 15 57 15532.90000 4.84700000 474.05000 65.71000 13.77400 59.23000
 8 12 20 15 57 15533.30000 4.84700000 474.46000 65.86000 13.77400 59.23000
 8 12 20 15 58 15533.30000 4.84700000 474.43000 65.84000 13.79000 59.23000
 8 12 20 15 58 15533.30000 4.84700000 474.50000 65.84000 13.79000 59.23000
 8 12 20 15 58 15533.30000 4.84700000 474.37000 65.83000 13.79000 59.23000
 8 12 20 15 59 15556.90000 4.84700000 474.80000 65.86000 13.79000 59.23000
 8 12 20 15 59 15558.20000 4.84700000 474.72000 65.87000 13.79000 59.23000
 8 12 20 16 00 15558.10000 4.84700000 474.72000 65.83000 13.75000 59.20000
 8 12 20 16 00 15558.10000 4.84700000 474.72000 65.82000 13.75000 59.20000
 8 12 20 16 01 15536.30000 4.84700000 473.45000 65.63000 13.75000 58.69300
 8 12 20 16 01 15532.10000 4.84700000 473.60000 65.50000 13.75000 58.82800
 8 12 20 16 01 15555.70000 4.84700000 473.60000 65.70000 13.75000 58.82800
 8 12 20 16 02 15570.40000 4.84700000 474.64000 65.85000 13.75000 58.82800
 8 12 20 16 02 15570.40000 4.84700000 474.85000 65.76000 13.75000 58.82800
 8 12 20 16 03 15569.70000 4.84700000 474.83000 65.76000 13.75000 58.82800
 8 12 20 16 03 15560.50000 4.84700000 474.73000 65.78000 13.75000 58.82800
 8 12 20 16 04 15546.00000 4.84700000 474.29000 65.70000 13.75000 58.82800
 8 12 20 16 04 15567.90000 4.84700000 474.56000 65.79000 13.75000 58.82800
 8 12 20 16 04 15558.90000 4.84700000 474.56000 65.70000 13.75000 58.82800
 8 12 20 16 05 15560.00000 4.84700000 474.55000 65.70000 13.75000 58.82800
 8 12 20 16 05 15560.10000 4.84700000 474.62000 65.67000 13.75000 58.82800
 8 12 20 16 06 15557.20000 4.84700000 474.62000 65.52000 13.72000 58.82800
 8 12 20 16 06 15542.30000 4.84700000 473.61000 65.36000 13.72000 58.82800
 8 12 20 16 07 15539.40000 4.84700000 473.44000 65.29000 13.72000 58.82800
 8 12 20 16 07 15538.00000 4.84700000 473.44000 65.17000 13.72000 58.82800
 8 12 20 16 07 15543.20000 4.84700000 473.59000 65.34000 13.72000 58.82800
 8 12 20 16 08 15539.10000 4.84700000 473.53000 65.31000 13.72000 58.82800
 8 12 20 16 08 15532.10000 4.84700000 472.70000 65.11000 13.72000 58.95000
 8 12 20 16 09 15532.10000 4.84700000 472.77000 65.07000 13.72000 58.82800
 8 12 20 16 09 15532.00000 4.84700000 472.43000 65.05000 13.72000 58.82800
 8 12 20 16 10 15539.20000 4.84700000 472.75000 65.05000 13.78200 58.82800
 8 12 20 16 10 15539.20000 4.84700000 472.65000 65.08000 13.81300 58.82800
 8 12 20 16 10 15527.00000 4.84700000 472.77000 64.98000 13.81300 58.82800
 8 12 20 16 11 15527.00000 4.84700000 472.62000 64.94000 13.81300 58.82800
 8 12 20 16 11 15525.60000 4.84700000 472.83000 64.84000 13.81300 58.81000
 8 12 20 16 12 15525.10000 4.84700000 472.91000 64.94000 13.81300 58.81000
 8 12 20 16 12 15534.70000 4.84700000 472.85000 64.93000 13.66000 58.81000
 8 12 20 16 13 15522.00000 4.84700000 472.72000 64.91000 13.66000 58.81000
 8 12 20 16 13 15522.10000 4.84700000 472.72000 64.93000 13.66000 58.81000
 8 12 20 16 13 15522.00000 4.84700000 472.48000 64.82000 13.66000 58.81000
 8 12 20 16 14 15522.10000 4.84700000 472.48000 64.73000 13.66000 58.81000
 8 12 20 16 14 15522.00000 4.83000000 471.83000 64.62000 13.66000 58.81000
 8 12 20 16 15 15522.00000 4.81800000 471.60000 64.42000 13.66000 58.81000
 8 12 20 16 15 15522.10000 4.81800000 472.47000 64.74000 13.66000 58.81000
 8 12 20 16 16 15542.20000 4.81800000 473.09000 64.94000 13.66000 58.81000
 8 12 20 16 16 15544.00000 4.81800000 473.16000 64.93000 13.66000 58.81000
 8 12 20 16 16 15544.10000 4.81800000 473.45000 65.03000 13.66000 58.81000
 8 12 20 16 17 15550.00000 4.81800000 473.65000 65.20000 13.78400 58.81000
 8 12 20 16 17 15550.00000 4.81800000 473.70000 65.20000 13.78400 59.09100
 8 12 20 16 18 15560.00000 4.81800000 474.39000 65.30000 13.78400 59.19800
 8 12 20 16 18 15557.00000 4.81800000 474.39000 65.38000 13.88000 59.19800
 8 12 20 16 19 15559.90000 4.82600000 474.39000 65.38000 13.88000 59.19800
 8 12 20 16 19 15560.00000 4.82600000 474.30000 65.30000 13.88000 59.19800
 8 12 20 16 19 15555.20000 4.83000000 474.54000 65.30000 13.88000 59.19800
 8 12 20 16 20 15560.00000 4.85500000 474.99000 65.30000 13.88000 59.19800
 8 12 20 16 20 15556.90000 4.85600000 474.69000 65.40000 13.88000 59.19800
 8 12 20 16 21 15560.00000 4.85600000 474.95000 65.50000 13.88000 59.19800
 8 12 20 16 21 15576.70000 4.85600000 475.11000 65.55000 13.88000 59.19800
 8 12 20 16 22 15586.60000 4.85600000 475.82000 65.63000 13.88000 59.38100
 8 12 20 16 22 15587.80000 4.85600000 476.06000 65.70000 13.88000 59.38100
 8 12 20 16 22 15592.70000 4.85600000 476.06000 65.70000 13.88000 59.38100
 8 12 20 16 23 15599.00000 4.85600000 476.30000 65.71000 13.88000 59.38100
 8 12 20 16 23 15599.00000 4.85600000 476.31000 65.80000 13.88000 59.38100
 8 12 20 16 24 15599.00000 4.85600000 476.41000 65.77000 13.88000 59.38100
 8 12 20 16 24 15598.90000 4.85600000 476.47000 65.84000 13.88000 59.38100
 8 12 20 16 25 15604.50000 4.87100000 476.48000 65.89000 13.88000 59.38100
 8 12 20 16 25 15604.50000 4.88400000 476.84000 65.99000 13.88000 59.38100
 8 12 20 16 25 15604.40000 4.88400000 476.97000 66.17000 13.88000 59.50600
 8 12 20 16 26 15604.50000 4.88400000 476.97000 66.02000 13.88000 59.42800
 8 12 20 16 26 15604.50000 4.88400000 476.33000 66.00000 13.88000 59.42800
 8 12 20 16 27 15604.40000 4.88400000 476.66000 66.04000 13.88000 59.42800
 8 12 20 16 27 15604.50000 4.88400000 476.74000 66.00000 13.88000 59.42800
 8 12 20 16 28 15604.50000 4.88400000 476.86000 65.97000 13.88000 59.42800
 8 12 20 16 28 15604.50000 4.88400000 476.77000 66.00000 13.88000 59.42800
 8 12 20 16 28 15604.50000 4.88400000 476.77000 65.93000 13.88000 59.42800
 8 12 20 16 29 15605.40000 4.88400000 476.84000 65.93000 13.88000 59.42800
 8 12 20 16 29 15613.30000 4.88400000 476.73000 65.94000 13.88000 59.42800
 8 12 20 16 30 15613.40000 4.88400000 476.73000 65.94000 13.88000 59.42800
 8 12 20 16 30 15614.00000 4.88400000 476.83000 66.02000 13.88000 59.42800
 8 12 20 16 31 15619.00000 4.88400000 477.48000 66.08000 13.88000 59.42800
 8 12 20 16 31 15626.50000 4.88400000 477.52000 66.13000 13.88000 59.42800
 8 12 20 16 31 15625.10000 4.88400000 477.45000 66.04000 13.79000 59.42800
 8 12 20 16 32 15624.20000 4.88400000 477.06000 66.03000 13.79000 59.42800
 8 12 20 16 32 15624.30000 4.88400000 477.01000 66.03000 13.79000 59.42800
 8 12 20 16 33 15624.20000 4.88400000 477.01000 66.06000 13.79000 59.42800
 8 12 20 16 33 15620.10000 4.88400000 476.75000 66.00000 13.79000 59.42800
 8 12 20 16 34 15620.10000 4.88400000 476.93000 66.07000 13.89800 59.42800
 8 12 20 16 34 15610.00000 4.88400000 476.77000 66.02000 13.89800 59.42800
 8 12 20 16 34 15614.10000 4.88400000 476.83000 65.94000 13.89800 59.42800
 8 12 20 16 35 15612.10000 4.88400000 476.72000 65.94000 13.89800 59.42800
 8 12 20 16 35 15610.10000 4.88400000 476.53000 65.94000 13.90200 59.42800
 8 12 20 16 36 15610.00000 4.88400000 476.41000 65.84000 13.90200 59.42800
 8 12 20 16 36 15622.10000 4.88400000 476.46000 65.79000 13.83000 59.42800
 8 12 20 16 37 15620.10000 4.88400000 476.72000 65.79000 13.83000 59.42800
 8 12 20 16 37 15615.80000 4.88400000 476.72000 65.89000 13.83000 59.42800
 8 12 20 16 37 15620.20000 4.88400000 476.80000 65.86000 13.83000 59.42800
 8 12 20 16 38 15624.80000 4.88400000 476.64000 65.94000 13.83000 59.42800
 8 12 20 16 38 15624.80000 4.88400000 476.81000 65.88000 13.83000 59.42800
