M=[
 4 4 21 04 51 49160.20000 11.84800000 1720.92000 169.30000 32.51600 151.26300
 4 4 21 04 51 49160.20000 11.88100000 1720.82000 169.30000 32.51600 151.26300
 4 4 21 04 52 49157.40000 11.88100000 1720.76000 169.30000 32.51600 151.26300
 4 4 21 04 52 49157.40000 11.88100000 1721.43000 169.30000 32.51600 151.10900
 4 4 21 04 53 49173.80000 11.88100000 1722.24000 169.30000 32.51600 151.10900
 4 4 21 04 53 49179.70000 11.88100000 1723.00000 169.41000 32.51600 151.10900
 4 4 21 04 54 49206.80000 11.88100000 1723.00000 169.41000 32.51600 151.10900
 4 4 21 04 54 49224.00000 11.88100000 1723.00000 169.78000 32.51600 150.92800
 4 4 21 04 54 49219.30000 11.88900000 1725.62000 169.78000 32.51600 150.92800
 4 4 21 04 55 49215.80000 11.88900000 1725.62000 169.78000 32.51600 150.92800
 4 4 21 04 55 49208.30000 11.88900000 1725.62000 169.78000 32.51600 150.41900
 4 4 21 04 56 49207.80000 11.88900000 1725.62000 169.56000 32.51600 150.32000
 4 4 21 04 56 49207.70000 11.88900000 1725.62000 169.56000 32.51600 150.32000
 4 4 21 04 57 49208.80000 11.88900000 1723.00000 169.56000 32.51600 150.32000
 4 4 21 04 57 49207.20000 11.88900000 1723.00000 169.61000 32.51600 150.32000
 4 4 21 04 57 49207.00000 11.88900000 1723.00000 169.61000 32.43400 150.32000
 4 4 21 04 58 49223.90000 11.88900000 1723.00000 169.61000 32.43400 150.32000
 4 4 21 04 58 49233.10000 11.88900000 1724.15000 169.73000 32.43400 150.32000
 4 4 21 04 59 49234.50000 11.88900000 1724.67000 169.73000 32.43400 150.32000
 4 4 21 04 59 49234.50000 11.88900000 1724.67000 169.73000 32.43400 150.32000
 4 4 21 05 00 49234.50000 11.88900000 1723.98000 169.73000 32.43400 150.32000
 4 4 21 05 00 49255.10000 11.88900000 1724.55000 169.73000 32.43400 150.69600
 4 4 21 05 00 49265.60000 11.88900000 1724.55000 169.73000 32.43400 150.69600
 4 4 21 05 01 49269.70000 11.88900000 1725.75000 169.73000 32.43400 150.69600
 4 4 21 05 01 49272.80000 11.88900000 1725.46000 169.73000 32.43400 150.69600
 4 4 21 05 02 49272.80000 11.89800000 1727.25000 170.00000 32.43400 151.27500
 4 4 21 05 02 49272.80000 11.89700000 1726.93000 170.00000 32.43400 151.48400
 4 4 21 05 03 49272.80000 11.89700000 1726.79000 170.19000 32.46000 151.53900
 4 4 21 05 03 49272.80000 11.89700000 1726.79000 170.19000 32.46100 151.53900
 4 4 21 05 03 49272.80000 11.89700000 1727.27000 170.19000 32.46100 151.65700
 4 4 21 05 04 49272.80000 11.89700000 1727.19000 170.19000 32.46100 151.65700
 4 4 21 05 04 49272.80000 11.89700000 1727.57000 170.19000 32.46100 151.65700
 4 4 21 05 05 49290.00000 11.89700000 1727.57000 170.32000 32.46100 151.65700
 4 4 21 05 05 49290.00000 11.89700000 1727.57000 170.45000 32.46100 151.65700
 4 4 21 05 06 49290.10000 11.89700000 1727.57000 170.45000 32.46100 151.65700
 4 4 21 05 06 49260.50000 11.89700000 1727.57000 170.32000 32.59100 151.65700
 4 4 21 05 06 49264.00000 11.89700000 1727.57000 170.32000 32.59100 151.26200
 4 4 21 05 07 49259.10000 11.89700000 1727.57000 170.32000 32.59100 151.26200
 4 4 21 05 07 49252.10000 11.89700000 1726.57000 170.32000 32.59100 150.82600
 4 4 21 05 08 49249.70000 11.89700000 1726.57000 170.32000 32.59100 150.82600
 4 4 21 05 08 49249.70000 11.89700000 1726.77000 170.00000 32.59100 150.82600
 4 4 21 05 09 49249.70000 11.89700000 1726.77000 170.00000 32.59100 150.82600
 4 4 21 05 09 49249.70000 11.89700000 1726.59000 170.00000 32.59100 150.82600
 4 4 21 05 09 49249.70000 11.89700000 1726.59000 170.00000 32.59100 150.82600
 4 4 21 05 10 49249.50000 11.89700000 1726.23000 170.00000 32.59100 150.82600
 4 4 21 05 10 49242.30000 11.89700000 1725.50000 169.89000 32.59100 150.82600
 4 4 21 05 11 49242.40000 11.89700000 1726.44000 169.89000 32.59100 150.82600
 4 4 21 05 11 49242.40000 11.89700000 1726.44000 169.89000 32.59100 150.82600
 4 4 21 05 12 49282.50000 11.89700000 1728.00000 169.89000 32.59100 150.82600
 4 4 21 05 12 49287.30000 11.89700000 1729.75000 169.89000 32.59100 150.96100
 4 4 21 05 12 49295.20000 11.89700000 1729.25000 169.89000 32.59100 150.96100
 4 4 21 05 13 49280.70000 11.89700000 1727.34000 169.89000 32.59100 150.96100
 4 4 21 05 13 49261.40000 11.89700000 1725.98000 169.89000 32.59100 150.96100
 4 4 21 05 14 49263.00000 11.89700000 1726.64000 170.15000 32.59100 150.96100
 4 4 21 05 14 49266.60000 11.89700000 1726.64000 170.15000 32.59100 150.96100
 4 4 21 05 15 49250.90000 11.89700000 1726.00000 170.15000 32.59100 150.96100
 4 4 21 05 15 49250.50000 11.89700000 1726.39000 170.15000 32.59100 150.96100
 4 4 21 05 15 49279.90000 11.89700000 1726.39000 170.16000 32.59100 150.96100
 4 4 21 05 16 49266.70000 11.89700000 1726.53000 170.16000 32.59100 150.96100
 4 4 21 05 16 49262.50000 11.89700000 1726.49000 170.16000 32.59100 150.96100
 4 4 21 05 17 49263.20000 11.89700000 1725.93000 170.16000 32.59100 150.96100
 4 4 21 05 17 49250.00000 11.89700000 1725.37000 170.00000 32.59100 150.96100
 4 4 21 05 18 49257.20000 11.89700000 1725.16000 170.00000 32.59100 150.96100
 4 4 21 05 18 49253.70000 11.89700000 1725.16000 170.00000 32.59100 150.96100
 4 4 21 05 18 49250.10000 11.89700000 1725.16000 169.80000 32.59100 150.96100
 4 4 21 05 19 49250.10000 11.89700000 1723.78000 169.75000 32.59100 150.96100
 4 4 21 05 19 49250.10000 11.89700000 1723.78000 169.73000 32.59100 150.96100
 4 4 21 05 20 49234.00000 11.89700000 1723.79000 169.71000 32.59100 150.07000
 4 4 21 05 20 49235.20000 11.89700000 1723.79000 169.71000 32.59100 150.07000
 4 4 21 05 21 49241.30000 11.89700000 1725.39000 169.71000 32.59100 150.07000
 4 4 21 05 21 49243.00000 11.89700000 1727.19000 169.71000 32.59100 150.07000
 4 4 21 05 21 49271.50000 11.89700000 1727.54000 169.71000 32.59100 150.07000
 4 4 21 05 22 49292.10000 11.89700000 1730.09000 169.71000 32.59100 150.47800
 4 4 21 05 22 49286.80000 11.89700000 1727.94000 169.98000 32.59100 150.09400
 4 4 21 05 23 49268.60000 11.89700000 1727.46000 169.98000 32.59100 150.09400
 4 4 21 05 23 49241.90000 11.89700000 1726.01000 169.98000 32.59100 150.09400
 4 4 21 05 24 49230.30000 11.89700000 1726.01000 169.98000 32.59100 150.09400
 4 4 21 05 24 49213.40000 11.89700000 1726.02000 169.63000 32.59100 150.09400
 4 4 21 05 24 49208.10000 11.89700000 1726.00000 169.63000 32.59100 150.09400
 4 4 21 05 25 49224.50000 11.89700000 1723.98000 169.42000 32.59100 150.09400
 4 4 21 05 25 49223.90000 11.89700000 1724.20000 169.49000 32.60500 150.09400
 4 4 21 05 26 49209.90000 11.89700000 1724.54000 169.49000 32.60500 150.09400
 4 4 21 05 26 49217.90000 11.89700000 1724.00000 169.56000 32.60500 150.09400
 4 4 21 05 27 49210.80000 11.89700000 1723.11000 169.56000 32.60500 149.55800
 4 4 21 05 27 49207.10000 11.89700000 1722.97000 169.42000 32.60500 149.55800
 4 4 21 05 27 49206.00000 11.89700000 1722.98000 169.25000 32.60500 149.73200
 4 4 21 05 28 49210.10000 11.89700000 1722.29000 169.25000 32.60500 149.73200
 4 4 21 05 28 49222.80000 11.89700000 1722.29000 169.25000 32.60500 149.73200
 4 4 21 05 29 49227.60000 11.89700000 1724.19000 169.60000 32.60500 149.73200
 4 4 21 05 29 49227.60000 11.89700000 1724.90000 169.50000 32.60500 149.73200
 4 4 21 05 30 49221.30000 11.89700000 1724.90000 169.50000 32.60500 149.73200
 4 4 21 05 30 49217.50000 11.89700000 1724.05000 169.41000 32.60500 149.73200
 4 4 21 05 30 49207.10000 11.89700000 1724.05000 169.41000 32.60500 149.73200
 4 4 21 05 31 49188.50000 11.89700000 1721.85000 169.41000 32.60500 149.73200
 4 4 21 05 31 49201.60000 11.89700000 1723.47000 169.31000 32.60500 149.73200
 4 4 21 05 32 49200.50000 11.89700000 1722.87000 169.21000 32.60500 149.73200
 4 4 21 05 32 49185.10000 11.89700000 1721.67000 169.16000 32.60500 149.73200
 4 4 21 05 33 49160.00000 11.89700000 1721.61000 169.00000 32.60500 149.52900
 4 4 21 05 33 49138.60000 11.89700000 1721.61000 169.00000 32.60500 149.52900
 4 4 21 05 33 49135.10000 11.89700000 1721.61000 169.00000 32.60500 149.52900
 4 4 21 05 34 49122.60000 11.89700000 1719.18000 168.90000 32.60500 149.52900
 4 4 21 05 34 49093.10000 11.89700000 1719.18000 168.83000 32.60500 149.52900
