M=[
27 9 20 22 28 9234.90000 4.94200000 305.12000 39.60000 12.53700 47.60200
27 9 20 22 28 9234.90000 4.94200000 305.12000 39.58000 12.53700 47.60200
27 9 20 22 29 9239.30000 4.94200000 305.12000 39.58000 12.53700 47.60200
27 9 20 22 29 9241.60000 4.94200000 305.12000 39.59000 12.53700 47.60200
27 9 20 22 29 9241.60000 4.94200000 305.12000 39.59000 12.53700 47.60200
27 9 20 22 30 9241.60000 4.94200000 305.52000 39.59000 12.53700 47.60800
27 9 20 22 30 9241.60000 4.94200000 305.43000 39.59000 12.53700 47.60800
27 9 20 22 31 9245.40000 4.94200000 305.89000 39.59000 12.53700 47.60800
27 9 20 22 31 9248.40000 4.94200000 305.83000 39.59000 12.53700 47.60800
27 9 20 22 32 9248.40000 4.94200000 305.64000 39.64000 12.53700 47.60800
27 9 20 22 32 9248.40000 4.94200000 305.60000 39.59000 12.53700 47.60800
27 9 20 22 33 9247.10000 4.94200000 305.60000 39.59000 12.53700 47.60800
27 9 20 22 33 9248.40000 4.94000000 305.60000 39.59000 12.53700 47.60800
27 9 20 22 33 9247.10000 4.94000000 305.52000 39.59000 12.53700 47.60800
27 9 20 22 34 9246.90000 4.94000000 305.52000 39.59000 12.53700 47.60800
27 9 20 22 34 9246.90000 4.94000000 305.09000 39.59000 12.53700 47.60800
27 9 20 22 35 9244.80000 4.94000000 305.09000 39.59000 12.53700 47.60800
27 9 20 22 35 9243.30000 4.94000000 305.09000 39.59000 12.53700 47.60800
27 9 20 22 36 9239.70000 4.94000000 305.09000 39.59000 12.53700 47.37400
27 9 20 22 36 9241.30000 4.94000000 305.09000 39.59000 12.53700 47.37400
27 9 20 22 36 9241.30000 4.94000000 304.72000 39.59000 12.53700 47.37400
27 9 20 22 37 9242.00000 4.94000000 304.72000 39.49000 12.53700 47.35600
27 9 20 22 37 9241.60000 4.94000000 304.71000 39.49000 12.53700 47.35600
27 9 20 22 38 9241.80000 4.94000000 304.71000 39.49000 12.53700 47.35600
27 9 20 22 38 9241.80000 4.94000000 304.96000 39.49000 12.53700 47.35600
27 9 20 22 39 9245.20000 4.94000000 304.96000 39.49000 12.53700 47.35600
27 9 20 22 39 9245.50000 4.94000000 304.87000 39.49000 12.53700 47.35600
27 9 20 22 39 9245.60000 4.94000000 304.86000 39.49000 12.53700 47.35600
27 9 20 22 40 9241.20000 4.94000000 304.86000 39.49000 12.53700 47.35600
27 9 20 22 40 9241.90000 4.94000000 304.86000 39.49000 12.53700 47.35600
27 9 20 22 41 9241.90000 4.94000000 304.86000 39.49000 12.53700 47.35600
27 9 20 22 41 9241.90000 4.94000000 304.87000 39.49000 12.53700 47.35600
27 9 20 22 42 9241.90000 4.94000000 305.28000 39.49000 12.53700 47.35600
27 9 20 22 42 9241.90000 4.94000000 305.28000 39.49000 12.53700 47.35600
27 9 20 22 43 9247.60000 4.94000000 305.16000 39.49000 12.53700 47.35600
27 9 20 22 43 9246.60000 4.94000000 305.16000 39.49000 12.53700 47.35600
27 9 20 22 43 9247.50000 4.94000000 305.16000 39.49000 12.53700 47.35600
27 9 20 22 44 9245.00000 4.94000000 305.15000 39.49000 12.53700 47.35600
27 9 20 22 44 9243.70000 4.94000000 304.89000 39.49000 12.53700 47.35600
27 9 20 22 45 9243.60000 4.94000000 304.89000 39.49000 12.53700 47.35600
27 9 20 22 45 9243.70000 4.94000000 304.88000 39.49000 12.53700 47.35600
27 9 20 22 46 9243.70000 4.94000000 304.88000 39.52000 12.53700 47.35600
27 9 20 22 46 9242.00000 4.94000000 304.88000 39.52000 12.53700 47.35600
27 9 20 22 47 9242.00000 4.94000000 304.88000 39.52000 12.53700 47.35600
27 9 20 22 47 9242.00000 4.94000000 304.88000 39.52000 12.53700 47.35600
27 9 20 22 48 9244.50000 4.94000000 304.88000 39.52000 12.53700 47.35600
27 9 20 22 48 9247.00000 4.94000000 304.88000 39.52000 12.53700 47.35600
27 9 20 22 49 9247.00000 4.94000000 304.88000 39.52000 12.53700 47.35600
27 9 20 22 49 9244.60000 4.94000000 304.88000 39.52000 12.53700 47.35600
27 9 20 22 49 9245.80000 4.94000000 304.88000 39.52000 12.53700 47.35600
27 9 20 22 50 9243.00000 4.94000000 304.88000 39.52000 12.53700 47.35600
27 9 20 22 50 9243.00000 4.94000000 304.88000 39.52000 12.53700 47.35600
27 9 20 22 51 9239.30000 4.94000000 304.88000 39.52000 12.53700 47.35600
27 9 20 22 51 9239.30000 4.94000000 304.88000 39.52000 12.53700 47.35600
27 9 20 22 52 9239.30000 4.94000000 304.88000 39.52000 12.53700 47.35600
27 9 20 22 52 9239.30000 4.94000000 304.69000 39.52000 12.53700 47.35600
27 9 20 22 52 9239.30000 4.94000000 304.69000 39.52000 12.53700 47.35600
27 9 20 22 53 9239.30000 4.94000000 304.69000 39.52000 12.53700 47.35600
27 9 20 22 53 9240.30000 4.94000000 304.69000 39.52000 12.53700 47.35600
27 9 20 22 54 9240.30000 4.94000000 304.69000 39.52000 12.53700 47.35600
27 9 20 22 54 9240.40000 4.94000000 304.69000 39.52000 12.53700 47.35600
27 9 20 22 55 9245.60000 4.94000000 304.69000 39.52000 12.53700 47.35600
27 9 20 22 55 9247.00000 4.94000000 304.69000 39.52000 12.53700 47.35600
27 9 20 22 55 9245.00000 4.94000000 304.79000 39.52000 12.53700 47.35600
27 9 20 22 56 9245.20000 4.94000000 304.79000 39.52000 12.53700 47.35600
27 9 20 22 56 9245.20000 4.94000000 304.79000 39.52000 12.53700 47.35600
27 9 20 22 57 9242.10000 4.94000000 304.79000 39.52000 12.53700 47.35600
27 9 20 22 57 9243.50000 4.94000000 304.79000 39.52000 12.53700 47.35600
27 9 20 22 58 9244.00000 4.94000000 304.79000 39.52000 12.53700 47.35600
27 9 20 22 58 9242.80000 4.94000000 304.79000 39.52000 12.53700 47.35600
27 9 20 22 58 9242.80000 4.94000000 304.79000 39.52000 12.53700 47.35600
27 9 20 22 59 9241.30000 4.94000000 304.79000 39.52000 12.53700 47.35600
27 9 20 22 59 9247.30000 4.94000000 304.79000 39.52000 12.53700 47.35600
27 9 20 23 00 9248.50000 4.94000000 305.13000 39.52000 12.53700 47.35600
27 9 20 23 00 9248.40000 4.94000000 305.13000 39.52000 12.53700 47.35600
27 9 20 23 01 9248.40000 4.94000000 305.32000 39.52000 12.53700 47.35600
27 9 20 23 01 9248.50000 4.94000000 305.32000 39.52000 12.53700 47.35600
27 9 20 23 02 9248.40000 4.94000000 305.32000 39.52000 12.53700 47.35600
27 9 20 23 02 9248.40000 4.94000000 305.27000 39.52000 12.53700 47.35600
27 9 20 23 02 9248.40000 4.94000000 305.33000 39.52000 12.53700 47.35600
27 9 20 23 03 9248.40000 4.94000000 305.14000 39.52000 12.53700 47.35600
27 9 20 23 03 9247.50000 4.94000000 305.14000 39.52000 12.53700 47.35600
27 9 20 23 04 9247.20000 4.94000000 305.14000 39.52000 12.53700 47.35600
27 9 20 23 04 9245.40000 4.94000000 305.14000 39.52000 12.53700 47.35600
27 9 20 23 05 9245.40000 4.94000000 304.96000 39.52000 12.53700 47.35600
27 9 20 23 05 9245.40000 4.94000000 304.96000 39.52000 12.53700 47.35600
27 9 20 23 05 9239.50000 4.94000000 304.69000 39.52000 12.53700 47.35600
27 9 20 23 06 9239.50000 4.94000000 304.69000 39.52000 12.53700 47.35600
27 9 20 23 06 9239.50000 4.94000000 304.36000 39.52000 12.53700 47.35600
27 9 20 23 07 9237.40000 4.94000000 304.36000 39.52000 12.53700 47.35600
27 9 20 23 07 9235.50000 4.94000000 304.45000 39.52000 12.53700 47.35600
27 9 20 23 08 9235.50000 4.94000000 304.45000 39.52000 12.53700 47.35600
27 9 20 23 08 9235.50000 4.92300000 304.45000 39.52000 12.53700 47.35600
27 9 20 23 08 9235.50000 4.92300000 304.35000 39.52000 12.53700 47.35600
27 9 20 23 09 9235.50000 4.93000000 304.35000 39.52000 12.53700 47.35600
27 9 20 23 09 9235.50000 4.93000000 304.35000 39.52000 12.53700 47.35600
27 9 20 23 10 9234.90000 4.93000000 304.35000 39.52000 12.53700 47.35600
27 9 20 23 10 9235.00000 4.93000000 304.45000 39.52000 12.53700 47.35600
27 9 20 23 11 9234.90000 4.93000000 304.60000 39.52000 12.53700 47.35600
27 9 20 23 11 9234.90000 4.93400000 304.51000 39.52000 12.53700 47.35600
27 9 20 23 11 9234.90000 4.93400000 304.51000 39.52000 12.53700 47.35600
27 9 20 23 12 9235.00000 4.93400000 304.35000 39.52000 12.53700 47.35600
27 9 20 23 12 9234.10000 4.93400000 304.24000 39.52000 12.53700 47.35600
27 9 20 23 13 9234.10000 4.93400000 304.19000 39.52000 12.53700 47.35600
27 9 20 23 13 9233.10000 4.93400000 304.19000 39.52000 12.53700 47.35600
27 9 20 23 14 9233.10000 4.93400000 304.19000 39.52000 12.53700 47.35600
27 9 20 23 14 9232.00000 4.93400000 304.19000 39.52000 12.53700 47.35600
27 9 20 23 15 9232.10000 4.93400000 304.62000 39.52000 12.53700 47.35600
27 9 20 23 15 9240.00000 4.93400000 304.62000 39.52000 12.53700 47.35600
