M=[
30 3 21 17 37 50189.90000 10.96300000 1564.99000 168.37000 35.06400 128.85800
30 3 21 17 37 50189.90000 10.96300000 1564.98000 168.24000 35.06400 128.85800
30 3 21 17 38 50189.70000 10.96300000 1564.98000 168.17000 35.06400 128.85800
30 3 21 17 38 50189.70000 10.96300000 1564.94000 168.17000 34.61200 128.85800
30 3 21 17 39 50187.10000 10.96300000 1564.98000 168.10000 34.61200 128.85800
30 3 21 17 39 50189.90000 10.96300000 1564.98000 168.10000 34.61200 128.85800
30 3 21 17 40 50191.60000 10.96300000 1564.98000 168.10000 34.61200 128.85800
30 3 21 17 40 50195.90000 10.96300000 1564.97000 168.10000 34.61200 128.85800
30 3 21 17 40 50196.00000 10.96300000 1564.97000 168.10000 34.94300 128.85800
30 3 21 17 41 50190.00000 10.96300000 1564.97000 168.07000 34.71000 128.85800
30 3 21 17 41 50190.10000 10.96300000 1564.98000 168.07000 34.71000 128.85800
30 3 21 17 42 50190.10000 10.96300000 1565.00000 168.05000 34.71000 128.85800
30 3 21 17 42 50190.10000 10.96300000 1565.00000 168.04000 34.76000 128.85800
30 3 21 17 43 50189.20000 10.96300000 1564.99000 168.04000 34.76000 128.85800
30 3 21 17 43 50178.70000 10.96300000 1565.00000 167.97000 34.76000 128.79000
30 3 21 17 43 50160.20000 10.94300000 1565.00000 167.77000 34.76000 128.88600
30 3 21 17 44 50155.20000 10.94300000 1565.00000 167.77000 34.76000 128.87600
30 3 21 17 44 50155.20000 10.94300000 1565.00000 167.83000 34.76000 128.87600
30 3 21 17 45 50155.20000 10.94300000 1565.32000 167.78000 34.88000 128.87600
30 3 21 17 45 50164.70000 10.94300000 1565.34000 167.78000 34.88000 128.87600
30 3 21 17 46 50179.90000 10.94300000 1565.33000 167.89000 35.21000 128.87600
30 3 21 17 46 50195.80000 10.94300000 1565.34000 167.99000 34.96500 128.80400
30 3 21 17 46 50195.90000 10.94300000 1565.34000 167.93000 34.97400 128.80400
30 3 21 17 47 50196.00000 10.94300000 1565.34000 168.05000 34.95500 128.80400
30 3 21 17 47 50184.50000 10.94300000 1565.34000 168.05000 34.95500 128.80400
30 3 21 17 48 50184.60000 10.94300000 1565.34000 168.03000 34.95500 128.80400
30 3 21 17 48 50164.00000 10.94300000 1565.34000 168.03000 34.95500 128.80400
30 3 21 17 49 50164.10000 10.94300000 1565.34000 168.03000 34.95500 128.80400
30 3 21 17 49 50164.00000 10.95500000 1565.33000 168.03000 34.95500 128.80400
30 3 21 17 49 50164.00000 10.95500000 1565.33000 168.03000 34.95500 128.80400
30 3 21 17 50 50177.70000 10.95500000 1565.34000 167.92000 34.96400 128.88600
30 3 21 17 50 50177.70000 10.95400000 1565.33000 167.96000 34.96400 128.88600
30 3 21 17 51 50177.80000 10.95400000 1565.34000 167.91000 34.96400 128.88600
30 3 21 17 51 50175.20000 10.95400000 1565.33000 167.88000 34.96400 128.88600
30 3 21 17 52 50174.90000 10.95400000 1565.34000 167.88000 34.96400 129.30400
30 3 21 17 52 50173.80000 10.95400000 1565.34000 167.88000 34.96400 129.30400
30 3 21 17 52 50174.80000 10.95400000 1565.34000 167.88000 34.96400 129.30400
30 3 21 17 53 50175.00000 10.95400000 1565.34000 167.88000 34.96400 129.30400
30 3 21 17 53 50175.00000 10.95400000 1565.34000 167.91000 34.96400 129.00700
30 3 21 17 54 50175.00000 10.95400000 1565.34000 167.96000 34.96400 129.00700
30 3 21 17 54 50174.80000 10.95400000 1565.87000 167.96000 34.96400 129.00700
30 3 21 17 55 50174.90000 10.95800000 1565.87000 167.96000 34.96400 129.00700
30 3 21 17 55 50174.90000 10.95800000 1565.86000 167.86000 34.97100 129.00700
30 3 21 17 55 50173.70000 10.95800000 1565.87000 167.82000 34.97300 129.00700
30 3 21 17 56 50143.50000 10.96100000 1565.66000 167.75000 34.97300 128.69000
30 3 21 17 56 50098.80000 10.96100000 1565.46000 167.64000 34.97300 128.69000
30 3 21 17 57 50098.90000 10.96100000 1565.36000 167.64000 34.97300 128.69000
30 3 21 17 57 50084.50000 10.96100000 1564.99000 167.36000 34.97300 128.69000
30 3 21 17 58 50084.50000 10.96100000 1564.63000 167.36000 34.97300 128.69000
30 3 21 17 58 50129.40000 10.96100000 1565.98000 167.64000 34.97300 128.69000
30 3 21 17 58 50119.90000 10.96100000 1565.98000 167.69000 34.97300 128.94800
30 3 21 17 59 50119.90000 10.96100000 1565.97000 167.69000 34.97300 128.94800
30 3 21 17 59 50091.20000 10.96100000 1565.87000 167.69000 34.97300 128.94800
30 3 21 18 00 50091.10000 10.96100000 1565.76000 167.58000 34.97300 128.94800
30 3 21 18 00 50100.00000 10.96100000 1565.76000 167.54000 34.97300 128.94800
30 3 21 18 01 50130.10000 10.96100000 1565.97000 167.57000 35.22800 128.94800
30 3 21 18 01 50138.30000 10.96100000 1566.00000 167.57000 35.22800 128.94800
30 3 21 18 01 50138.20000 10.96100000 1567.95000 167.57000 35.22800 128.94800
30 3 21 18 02 50138.20000 10.96100000 1568.00000 167.70000 34.98000 128.94800
30 3 21 18 02 50138.20000 10.96100000 1567.99000 167.62000 34.98000 129.02000
30 3 21 18 03 50138.20000 10.96100000 1568.00000 167.52000 35.25900 129.02000
30 3 21 18 03 50175.00000 10.96100000 1570.00000 167.61000 35.25900 129.02000
30 3 21 18 04 50175.00000 10.96100000 1570.00000 167.61000 35.25900 129.02000
30 3 21 18 04 50175.00000 10.96100000 1570.00000 167.62000 35.25900 129.02000
30 3 21 18 05 50175.00000 10.96100000 1570.00000 167.62000 35.25900 129.02000
30 3 21 18 05 50174.90000 10.96100000 1570.00000 167.68000 35.25900 129.14000
30 3 21 18 05 50200.00000 11.00700000 1570.00000 167.77000 35.25900 129.14000
30 3 21 18 06 50227.40000 11.00700000 1570.78000 167.77000 35.25900 129.28600
30 3 21 18 06 50243.50000 11.00700000 1572.75000 167.77000 35.16500 129.28600
30 3 21 18 07 50287.70000 11.00700000 1572.62000 167.77000 35.16500 129.28600
30 3 21 18 07 50287.60000 11.00700000 1570.49000 167.77000 35.16500 129.13100
30 3 21 18 08 50287.60000 11.00700000 1572.56000 167.77000 35.16500 129.13100
30 3 21 18 08 50300.00000 11.03500000 1572.69000 168.17000 35.16500 129.13100
30 3 21 18 08 50348.00000 11.03500000 1573.39000 168.27000 35.38300 129.31500
30 3 21 18 09 50348.00000 11.03500000 1573.80000 168.27000 35.38300 129.36600
30 3 21 18 09 50381.20000 11.03500000 1573.73000 168.37000 35.38300 129.36600
30 3 21 18 10 50381.20000 11.04000000 1573.85000 168.33000 35.00000 129.36600
30 3 21 18 10 50385.00000 11.04000000 1573.79000 168.33000 35.00000 129.36600
30 3 21 18 11 50365.50000 11.04000000 1573.78000 168.33000 35.00000 129.36600
30 3 21 18 11 50363.30000 11.04000000 1572.49000 168.19000 35.00000 129.36600
30 3 21 18 11 50354.80000 11.05300000 1572.78000 168.30000 35.00000 129.36600
30 3 21 18 12 50344.40000 11.05300000 1572.23000 168.25000 35.00000 129.36600
30 3 21 18 12 50329.20000 11.05300000 1571.78000 168.25000 35.00000 129.36600
30 3 21 18 13 50325.00000 11.05300000 1572.47000 168.21000 35.00000 129.36600
30 3 21 18 13 50324.00000 11.05300000 1572.92000 168.29000 35.00000 129.36600
30 3 21 18 14 50323.90000 11.05300000 1573.64000 168.29000 35.00000 129.36600
30 3 21 18 14 50324.00000 11.05300000 1573.77000 168.29000 35.00000 129.14800
30 3 21 18 14 50324.00000 11.05300000 1574.00000 168.28000 35.00000 129.14800
30 3 21 18 15 50344.00000 11.05300000 1573.71000 168.24000 35.00000 129.14800
30 3 21 18 15 50344.20000 11.05300000 1573.53000 168.31000 35.00000 129.14800
30 3 21 18 16 50350.70000 11.05300000 1573.21000 168.31000 35.00000 129.14800
30 3 21 18 16 50350.80000 11.05300000 1573.38000 168.35000 35.00000 129.14800
30 3 21 18 17 50347.40000 11.05300000 1573.06000 168.35000 35.00000 129.14800
30 3 21 18 17 50347.30000 11.05300000 1572.98000 168.28000 35.00000 129.14800
30 3 21 18 17 50349.90000 11.05300000 1573.56000 168.29000 35.00000 129.15800
30 3 21 18 18 50350.00000 11.05300000 1573.23000 168.34000 35.00000 129.15800
30 3 21 18 18 50349.90000 11.05300000 1573.20000 168.34000 35.00000 129.15800
30 3 21 18 19 50350.00000 11.05300000 1572.74000 168.28000 35.00000 129.15800
30 3 21 18 19 50350.80000 11.05300000 1572.80000 168.23000 35.00000 129.15800
30 3 21 18 20 50340.70000 11.05300000 1572.79000 168.23000 35.30300 129.15800
30 3 21 18 20 50340.80000 11.05300000 1572.80000 168.24000 35.29200 129.15700
30 3 21 18 20 50332.90000 11.05300000 1572.72000 168.24000 35.29200 129.15700
