M=[
11 6 20 01 48 8728.60000 6.01500000 218.87000 41.19000 13.81800 48.47700
11 6 20 01 49 8728.60000 6.01500000 219.36000 41.19000 13.81800 48.47700
11 6 20 01 49 8729.00000 6.01700000 219.26000 41.19000 13.88100 48.47700
11 6 20 01 50 8728.60000 6.01700000 219.26000 41.19000 13.88100 48.47700
11 6 20 01 50 8728.90000 6.01700000 219.26000 41.24000 13.88100 48.47700
11 6 20 01 50 8728.90000 6.01700000 219.36000 41.19000 13.88100 48.30300
11 6 20 01 51 8729.00000 6.01700000 219.26000 41.19000 13.88100 48.47700
11 6 20 01 51 8728.60000 6.01700000 219.26000 41.19000 13.88100 48.47700
11 6 20 01 52 8734.80000 6.01700000 219.42000 41.19000 13.88100 48.47700
11 6 20 01 52 8736.10000 6.01900000 219.42000 41.19000 13.88100 48.47700
11 6 20 01 53 8736.00000 6.02200000 219.42000 41.19000 13.93500 48.47700
11 6 20 01 53 8736.10000 6.02500000 219.42000 41.19000 13.93500 48.47700
11 6 20 01 54 8730.50000 6.02700000 219.42000 41.19000 13.93500 48.47700
11 6 20 01 54 8731.30000 6.02700000 219.42000 41.19000 13.93500 48.47700
11 6 20 01 55 8736.70000 6.02700000 219.28000 41.14000 13.93500 48.59300
11 6 20 01 55 8738.20000 6.02700000 219.28000 41.14000 13.93500 48.59300
11 6 20 01 56 8739.00000 6.02700000 219.37000 41.14000 13.93500 48.59300
11 6 20 01 56 8739.00000 6.02300000 219.32000 41.14000 13.93500 48.59300
11 6 20 01 57 8736.60000 6.02300000 219.37000 41.14000 13.90900 48.59300
11 6 20 01 57 8736.60000 6.02300000 219.37000 41.14000 13.90900 48.59300
11 6 20 01 58 8729.10000 6.02300000 219.17000 41.14000 13.90900 48.59300
11 6 20 01 58 8729.10000 6.02300000 219.17000 41.12000 13.90900 48.59300
11 6 20 01 59 8729.50000 6.02300000 219.28000 41.12000 13.85000 48.59300
11 6 20 01 59 8736.60000 6.02300000 219.24000 41.12000 13.85000 48.59300
11 6 20 02 00 8729.10000 6.02300000 219.50000 41.12000 13.93500 48.59300
11 6 20 02 00 8738.40000 6.02500000 219.24000 41.12000 13.85000 48.59300
11 6 20 02 01 8738.40000 6.02500000 219.61000 41.12000 13.90900 48.59300
11 6 20 02 01 8739.00000 6.02500000 219.63000 41.12000 13.85000 48.59300
11 6 20 02 02 8739.00000 6.02500000 219.63000 41.12000 13.85000 48.59300
11 6 20 02 02 8736.80000 6.02500000 219.63000 41.12000 13.85000 48.59300
11 6 20 02 02 8735.20000 6.02500000 219.28000 41.12000 13.85000 48.59300
11 6 20 02 03 8734.20000 6.02500000 219.26000 41.12000 13.85000 48.59300
11 6 20 02 03 8731.30000 6.02500000 219.11000 41.12000 13.85000 48.59300
11 6 20 02 04 8731.30000 6.02500000 219.08000 41.12000 13.85000 48.59300
11 6 20 02 04 8698.70000 6.02500000 218.77000 41.14000 13.85000 48.59300
11 6 20 02 05 8710.40000 6.02500000 218.87000 41.04000 13.85000 48.59300
11 6 20 02 05 8712.20000 6.02500000 218.87000 41.04000 13.85000 48.59300
11 6 20 02 06 8711.40000 6.00600000 218.87000 41.04000 13.85000 48.59300
11 6 20 02 06 8711.50000 6.00600000 218.84000 41.05000 13.85000 48.59300
11 6 20 02 07 8711.50000 6.00600000 218.84000 41.08000 13.85000 48.59300
11 6 20 02 07 8711.50000 6.00600000 218.84000 41.04000 13.85000 48.59300
11 6 20 02 08 8711.40000 6.00600000 218.87000 41.04000 13.85000 48.59300
11 6 20 02 08 8711.50000 6.00600000 218.87000 41.04000 13.85000 48.47700
11 6 20 02 09 8711.40000 6.00600000 218.87000 41.04000 13.85000 48.59300
11 6 20 02 09 8711.40000 6.00600000 218.78000 41.04000 13.85000 48.59300
11 6 20 02 10 8711.50000 6.00600000 218.78000 41.04000 13.85000 48.47700
11 6 20 02 10 8722.90000 6.00600000 218.75000 41.04000 13.85000 48.59300
11 6 20 02 11 8723.00000 6.00600000 218.75000 41.06000 13.93500 48.59300
11 6 20 02 11 8722.90000 6.00600000 218.75000 41.06000 13.85000 48.59300
11 6 20 02 12 8722.80000 6.00600000 218.78000 41.06000 13.85000 48.59300
11 6 20 02 12 8722.30000 6.00600000 218.75000 41.06000 13.85000 48.59300
11 6 20 02 12 8723.30000 6.00600000 218.75000 41.06000 13.85000 48.59300
11 6 20 02 13 8725.10000 6.00600000 218.75000 41.06000 13.85000 48.59300
11 6 20 02 13 8725.10000 6.00600000 218.75000 41.06000 13.85000 48.59300
11 6 20 02 14 8723.30000 6.00600000 218.75000 41.06000 13.85000 48.59300
11 6 20 02 14 8723.30000 6.00600000 218.75000 41.06000 13.81000 48.59300
11 6 20 02 15 8718.50000 6.00600000 218.75000 41.06000 13.81000 48.59300
11 6 20 02 15 8717.70000 6.00600000 218.75000 41.06000 13.81000 48.47700
11 6 20 02 16 8718.70000 6.00600000 218.78000 41.06000 13.81000 48.59300
11 6 20 02 16 8744.70000 6.00600000 219.28000 41.12000 13.81000 48.59300
11 6 20 02 17 8735.50000 6.00600000 219.36000 41.12000 13.81000 48.59300
11 6 20 02 17 8736.80000 6.00600000 219.14000 41.12000 13.81000 48.59300
11 6 20 02 18 8735.20000 6.00600000 219.08000 41.12000 13.81000 48.59300
11 6 20 02 18 8735.00000 6.00600000 219.08000 41.06000 13.85000 48.59300
11 6 20 02 19 8744.20000 6.00600000 219.08000 41.12000 13.81000 48.47700
11 6 20 02 19 8744.30000 6.00600000 219.08000 41.12000 13.81000 48.59300
11 6 20 02 20 8744.30000 6.00600000 219.08000 41.12000 13.89800 48.59300
11 6 20 02 20 8739.90000 6.00600000 219.08000 41.12000 13.85000 48.59300
11 6 20 02 21 8741.20000 6.00600000 219.08000 41.12000 13.89800 48.59300
11 6 20 02 21 8739.90000 6.00600000 219.08000 41.12000 13.89800 48.59300
11 6 20 02 21 8739.50000 6.00600000 219.08000 41.12000 13.89800 48.59300
11 6 20 02 22 8741.60000 6.00600000 219.08000 41.12000 13.85000 48.59300
11 6 20 02 22 8741.60000 6.00600000 219.08000 41.05000 13.89800 48.59300
11 6 20 02 23 8741.60000 6.00600000 219.08000 41.12000 13.89800 48.59300
11 6 20 02 23 8743.20000 6.00600000 219.08000 41.12000 13.89800 48.59300
11 6 20 02 24 8740.30000 6.00600000 219.18000 41.12000 13.89800 48.59300
11 6 20 02 24 8739.10000 6.00600000 219.08000 41.06000 13.89800 48.59300
11 6 20 02 25 8735.50000 6.00600000 219.08000 41.12000 13.89800 48.59300
11 6 20 02 25 8743.10000 6.00600000 219.08000 41.12000 13.89800 48.59300
11 6 20 02 26 8743.10000 6.00600000 218.78000 41.06000 13.89800 48.59300
11 6 20 02 26 8712.30000 6.00600000 218.62000 41.13000 13.89800 48.59300
11 6 20 02 27 8710.00000 6.02500000 218.62000 41.13000 13.89800 48.59300
11 6 20 02 27 8712.20000 6.00600000 218.76000 41.05000 13.89000 48.59300
11 6 20 02 28 8714.10000 6.00600000 218.76000 41.08000 13.89000 48.59300
11 6 20 02 28 8718.10000 6.00600000 218.76000 41.08000 13.89000 48.59300
11 6 20 02 29 8715.00000 6.00600000 218.76000 41.08000 13.89000 48.59300
11 6 20 02 29 8715.00000 6.00600000 218.62000 41.08000 13.89000 48.59300
11 6 20 02 30 8710.50000 6.00600000 218.76000 41.08000 13.89000 48.59300
11 6 20 02 30 8716.40000 6.00600000 218.76000 41.08000 13.93800 48.59300
11 6 20 02 31 8701.00000 6.00600000 218.70000 41.08000 13.93800 48.59300
11 6 20 02 31 8710.20000 6.00600000 218.74000 41.08000 13.93800 48.59300
11 6 20 02 32 8710.20000 6.00600000 218.76000 41.08000 13.98900 48.59300
11 6 20 02 32 8721.10000 6.00600000 218.86000 41.08000 13.98900 48.47700
11 6 20 02 33 8721.30000 6.00600000 218.86000 41.08000 14.07900 48.47700
11 6 20 02 33 8721.30000 6.00600000 218.88000 41.08000 14.07900 48.59300
11 6 20 02 34 8721.40000 6.00600000 218.88000 41.08000 14.13300 48.59300
11 6 20 02 34 8721.30000 6.00600000 218.88000 41.05000 14.13300 48.59300
11 6 20 02 35 8724.90000 6.00600000 218.88000 41.05000 14.10200 48.59300
11 6 20 02 35 8722.60000 6.00600000 218.88000 41.05000 14.10200 48.59300
11 6 20 02 36 8722.80000 6.00600000 218.88000 41.05000 14.13400 48.59300
11 6 20 02 36 8722.80000 6.00600000 218.88000 41.05000 14.14200 48.59300
11 6 20 02 37 8723.70000 6.00600000 218.88000 41.05000 14.14200 48.56900
11 6 20 02 37 8718.70000 6.00600000 218.88000 41.05000 14.14200 48.56900
11 6 20 02 38 8722.50000 6.02500000 218.88000 41.05000 14.14200 48.56900
11 6 20 02 38 8720.50000 6.00600000 218.88000 41.05000 14.14200 48.56900
11 6 20 02 39 8720.40000 6.00600000 218.88000 41.06000 14.14200 48.56900
11 6 20 02 39 8722.60000 6.00600000 218.88000 41.06000 14.14200 48.56900
11 6 20 02 40 8725.80000 6.00600000 219.01000 41.08000 14.14200 48.56900
11 6 20 02 40 8724.50000 6.00600000 219.01000 41.07000 14.14200 48.56900
