M=[
20 11 20 09 18 15412.00000 4.99000000 419.27000 68.06000 13.53300 53.29800
20 11 20 09 18 15418.40000 4.99000000 419.44000 68.06000 13.53300 53.29800
20 11 20 09 18 15418.50000 4.99000000 419.44000 68.22000 13.53300 53.29800
20 11 20 09 19 15415.20000 4.99000000 419.27000 68.17000 13.53300 53.33000
20 11 20 09 19 15419.20000 4.99000000 419.49000 68.20000 13.53300 53.33000
20 11 20 09 20 15418.50000 4.99000000 419.99000 68.29000 13.53300 53.23400
20 11 20 09 20 15420.60000 4.99000000 420.00000 68.36000 13.53300 53.23400
20 11 20 09 21 15418.20000 4.99000000 419.54000 68.32000 13.53300 53.23400
20 11 20 09 21 15419.80000 5.00700000 419.71000 68.46000 13.53300 53.23400
20 11 20 09 21 15418.00000 5.00700000 419.59000 68.46000 13.53300 53.23400
20 11 20 09 22 15405.20000 5.00700000 418.99000 68.38000 13.67000 53.23400
20 11 20 09 22 15405.00000 5.00700000 419.00000 68.38000 13.67000 53.23400
20 11 20 09 23 15405.00000 5.00700000 419.12000 68.37000 13.67000 53.23400
20 11 20 09 23 15405.00000 5.00700000 419.26000 68.37000 13.67000 53.23400
20 11 20 09 24 15404.90000 5.00700000 419.01000 68.37000 13.67000 53.23400
20 11 20 09 24 15408.20000 5.00700000 419.00000 68.38000 13.67000 53.23400
20 11 20 09 24 15405.80000 4.99700000 418.73000 68.36000 13.67000 53.23400
20 11 20 09 25 15404.80000 4.99700000 418.38000 68.36000 13.67000 53.23400
20 11 20 09 25 15397.80000 4.99700000 418.60000 68.36000 13.67000 53.23400
20 11 20 09 26 15397.70000 4.99700000 418.38000 68.32000 13.58400 53.23400
20 11 20 09 26 15397.80000 4.99700000 418.39000 68.32000 13.75600 53.23400
20 11 20 09 27 15397.70000 4.98400000 418.79000 68.32000 13.75600 53.23400
20 11 20 09 27 15397.70000 4.98400000 419.00000 68.36000 13.75600 53.23400
20 11 20 09 27 15406.80000 4.98400000 419.26000 68.39000 13.75600 53.23400
20 11 20 09 28 15413.30000 4.98400000 419.32000 68.31000 13.75600 53.23400
20 11 20 09 28 15415.00000 4.98400000 419.10000 68.38000 13.75600 53.23400
20 11 20 09 29 15409.90000 4.98400000 419.24000 68.29000 13.75600 53.23400
20 11 20 09 29 15417.90000 4.98400000 419.45000 68.29000 13.75600 53.23400
20 11 20 09 30 15417.90000 4.98400000 419.58000 68.39000 13.75600 53.23400
20 11 20 09 30 15403.80000 4.98400000 419.19000 68.31000 13.62000 53.23400
20 11 20 09 30 15400.10000 4.98400000 418.65000 68.23000 13.62000 53.23400
20 11 20 09 31 15387.80000 4.98400000 418.50000 68.19000 13.62000 53.23400
20 11 20 09 31 15387.80000 4.98400000 418.58000 68.14000 13.62000 53.23400
20 11 20 09 32 15386.00000 4.98400000 418.40000 68.14000 13.62000 53.37700
20 11 20 09 32 15380.00000 4.98400000 417.77000 68.14000 13.62000 53.37700
20 11 20 09 33 15374.80000 4.98000000 417.68000 68.12000 13.62000 53.37700
20 11 20 09 33 15381.00000 4.98000000 418.11000 68.13000 13.62000 53.37700
20 11 20 09 33 15330.30000 4.98000000 417.15000 68.05000 13.62000 53.37700
20 11 20 09 34 15356.90000 4.98000000 417.41000 68.17000 13.62000 53.37700
20 11 20 09 34 15363.50000 4.97000000 417.83000 68.17000 13.62000 53.37700
20 11 20 09 35 15367.80000 4.97000000 417.77000 68.12000 13.62000 53.37700
20 11 20 09 35 15360.30000 4.97000000 417.81000 68.12000 13.62000 53.37700
20 11 20 09 36 15365.30000 4.97000000 417.80000 68.12000 13.62000 53.37700
20 11 20 09 36 15356.90000 4.97000000 417.41000 68.12000 13.62000 53.37700
20 11 20 09 36 15322.80000 4.96500000 416.59000 68.00000 13.53100 53.37700
20 11 20 09 37 15342.30000 4.96500000 416.94000 68.00000 13.53100 53.37700
20 11 20 09 37 15349.90000 4.96500000 417.45000 68.00000 13.53100 53.37700
20 11 20 09 38 15343.00000 4.96500000 417.55000 68.07000 13.53100 53.17500
20 11 20 09 38 15334.20000 4.96500000 416.99000 67.97000 13.53100 53.16900
20 11 20 09 39 15336.80000 4.96500000 417.26000 68.02000 13.53100 53.16900
20 11 20 09 39 15341.90000 4.96500000 417.55000 68.02000 13.53100 53.22900
20 11 20 09 39 15340.10000 4.96500000 417.78000 67.95000 13.53100 53.22900
20 11 20 09 40 15332.30000 4.96500000 417.06000 67.90000 13.53100 53.22900
20 11 20 09 40 15330.00000 4.95000000 417.09000 67.82000 13.53100 53.22900
20 11 20 09 41 15325.00000 4.95000000 416.98000 67.88000 13.53100 53.22900
20 11 20 09 41 15328.40000 4.95000000 417.58000 67.90000 13.53100 53.22900
20 11 20 09 42 15342.40000 4.95000000 417.70000 67.91000 13.53100 53.22900
20 11 20 09 42 15340.10000 4.95000000 417.53000 67.91000 13.53100 53.22900
20 11 20 09 42 15334.00000 4.95000000 417.76000 68.02000 13.53100 53.22900
20 11 20 09 43 15330.20000 4.95000000 417.65000 68.01000 13.53100 53.22900
20 11 20 09 43 15332.20000 4.93000000 417.56000 68.00000 13.53100 53.22900
20 11 20 09 44 15332.40000 4.93000000 417.80000 68.07000 13.53100 53.22900
20 11 20 09 44 15321.70000 4.93000000 417.50000 68.07000 13.53100 53.22900
20 11 20 09 45 15299.90000 4.93000000 416.51000 67.82000 13.53100 53.22900
20 11 20 09 45 15287.00000 4.93000000 415.64000 67.76000 13.53100 53.02000
20 11 20 09 45 15285.30000 4.93000000 415.79000 67.75000 13.53100 53.02000
20 11 20 09 46 15300.00000 4.93000000 416.11000 67.72000 13.53100 53.02000
20 11 20 09 46 15300.00000 4.91400000 416.50000 67.72000 13.53100 53.02000
20 11 20 09 47 15300.00000 4.91400000 416.56000 67.95000 13.53100 53.02000
20 11 20 09 47 15331.00000 4.91400000 416.81000 67.94000 13.53100 53.02000
20 11 20 09 48 15329.00000 4.91400000 417.00000 67.92000 13.53100 53.02000
20 11 20 09 48 15335.00000 4.91400000 417.38000 67.92000 13.53100 53.02000
20 11 20 09 48 15329.80000 4.91400000 417.48000 68.02000 13.53100 53.25700
20 11 20 09 49 15331.70000 4.91400000 417.25000 68.02000 13.53100 53.25700
20 11 20 09 49 15342.20000 4.91400000 417.60000 68.02000 13.53100 53.25700
20 11 20 09 50 15339.60000 4.91400000 417.77000 68.14000 13.53100 53.25700
20 11 20 09 50 15338.50000 4.91400000 417.51000 68.19000 13.53100 53.25700
20 11 20 09 51 15338.50000 4.91400000 417.50000 68.19000 13.53100 53.33600
20 11 20 09 51 15347.90000 4.91400000 417.77000 68.13000 13.53100 53.33600
20 11 20 09 51 15345.80000 4.96200000 417.79000 68.13000 13.53100 53.33600
20 11 20 09 52 15348.80000 4.96200000 417.83000 68.13000 13.53100 53.33600
20 11 20 09 52 15358.10000 4.96200000 418.31000 68.13000 13.53100 53.33600
20 11 20 09 53 15352.60000 4.96200000 418.01000 68.13000 13.53100 53.33600
20 11 20 09 53 15351.90000 4.96200000 418.03000 68.12000 13.53100 53.33600
20 11 20 09 54 15351.40000 4.96200000 418.21000 68.12000 13.53100 53.33600
20 11 20 09 54 15351.20000 4.94800000 418.17000 68.00000 13.53100 53.33600
20 11 20 09 54 15349.00000 4.94800000 418.11000 68.00000 13.53100 53.33600
20 11 20 09 55 15344.60000 4.94800000 418.10000 67.96000 13.53100 53.33600
20 11 20 09 55 15344.60000 4.94800000 418.11000 67.96000 13.50100 53.33600
20 11 20 09 56 15342.60000 4.94800000 417.98000 68.01000 13.50100 53.33600
20 11 20 09 56 15345.30000 4.94800000 418.13000 67.96000 13.50100 53.33600
20 11 20 09 57 15345.00000 4.94800000 418.19000 67.87000 13.50100 53.33600
20 11 20 09 57 15346.40000 4.94800000 418.25000 67.84000 13.50100 53.33600
20 11 20 09 57 15350.00000 4.94800000 418.35000 67.87000 13.50100 53.33600
20 11 20 09 58 15365.10000 4.97000000 418.40000 67.87000 13.50100 53.33600
20 11 20 09 58 15367.60000 4.97000000 418.70000 68.00000 13.50100 53.39300
20 11 20 09 59 15366.20000 4.97000000 418.70000 68.02000 13.50100 53.39300
20 11 20 09 59 15367.60000 4.97000000 418.57000 68.04000 13.50100 53.39300
20 11 20 10 00 15365.10000 4.97000000 418.31000 67.98000 13.50100 53.39300
20 11 20 10 00 15350.10000 4.97000000 418.33000 67.98000 13.50100 53.39300
20 11 20 10 00 15350.10000 4.97000000 418.22000 67.98000 13.50100 53.39300
20 11 20 10 01 15347.00000 4.97000000 418.02000 67.96000 13.62800 53.26900
20 11 20 10 01 15335.10000 4.97000000 417.51000 67.90000 13.62800 53.26900
20 11 20 10 02 15344.80000 4.97000000 418.06000 67.91000 13.62800 53.26900
20 11 20 10 02 15340.20000 4.97000000 417.90000 67.92000 13.62800 53.26900
20 11 20 10 03 15340.10000 4.97000000 417.89000 67.92000 13.62800 53.26900
