M=[
14 4 21 07 41 53811.30000 18.30700000 1991.78000 232.31000 42.32800 194.39400
14 4 21 07 42 53835.60000 18.35000000 1992.00000 232.60000 42.32800 194.54300
14 4 21 07 42 53850.00000 18.32000000 1992.32000 232.96000 42.32800 194.54300
14 4 21 07 43 53863.00000 18.32000000 1992.09000 232.59000 42.32800 194.54300
14 4 21 07 43 53874.90000 18.39700000 1992.99000 232.87000 42.32800 194.54300
14 4 21 07 44 53896.60000 18.39400000 1993.00000 232.77000 42.32800 194.54300
14 4 21 07 44 53896.60000 18.41000000 1993.17000 232.79000 42.14200 194.54300
14 4 21 07 44 53880.90000 18.37500000 1993.17000 232.62000 42.14200 194.59800
14 4 21 07 45 53886.60000 18.37500000 1994.00000 232.57000 42.14200 194.62000
14 4 21 07 45 53886.60000 18.37500000 1994.80000 232.73000 42.14200 194.62000
14 4 21 07 46 53900.60000 18.37500000 1995.00000 232.89000 42.14200 194.62000
14 4 21 07 46 53912.60000 18.37500000 1995.00000 232.96000 42.14200 194.62000
14 4 21 07 47 53923.50000 18.37500000 1995.00000 232.79000 42.14200 194.62000
14 4 21 07 47 53954.20000 18.37500000 1994.99000 232.78000 42.14200 194.62000
14 4 21 07 47 53949.80000 18.37500000 1994.99000 232.64000 42.14200 194.62000
14 4 21 07 48 53949.90000 18.37500000 1995.00000 232.37000 42.14200 194.62000
14 4 21 07 48 53959.90000 18.37500000 1995.00000 232.28000 42.14200 194.62000
14 4 21 07 49 53949.80000 18.37500000 1995.00000 232.20000 42.09800 194.62000
14 4 21 07 49 53949.70000 18.37500000 1996.26000 232.28000 42.09800 194.62000
14 4 21 07 50 53949.80000 18.37500000 1996.40000 232.26000 42.09800 194.62000
14 4 21 07 50 53916.90000 18.37500000 1996.05000 232.31000 42.09800 194.62000
14 4 21 07 50 53916.90000 18.35700000 1994.89000 232.11000 42.09800 194.62000
14 4 21 07 51 53917.00000 18.35700000 1994.90000 232.06000 42.27700 194.80100
14 4 21 07 51 53927.60000 18.35700000 1993.51000 231.96000 42.20000 194.82900
14 4 21 07 52 53912.70000 18.35700000 1992.49000 231.93000 42.30400 194.82900
14 4 21 07 52 53905.10000 18.35700000 1991.51000 231.81000 42.12800 194.82900
14 4 21 07 53 53900.10000 18.36000000 1991.00000 231.80000 42.12800 194.82900
14 4 21 07 53 53900.10000 18.36000000 1992.77000 231.80000 42.12800 194.90600
14 4 21 07 53 53903.90000 18.41000000 1993.33000 231.80000 42.12800 194.90600
14 4 21 07 54 53918.70000 18.41000000 1994.05000 231.80000 42.30700 194.90600
14 4 21 07 54 53914.00000 18.41000000 1993.84000 231.78000 42.30700 195.11500
14 4 21 07 55 53872.20000 18.41000000 1990.73000 231.79000 42.30700 195.11500
14 4 21 07 55 53887.10000 18.40900000 1992.43000 231.80000 42.30700 195.11500
14 4 21 07 56 53851.70000 18.40900000 1990.99000 231.72000 42.30700 195.11500
14 4 21 07 56 53851.60000 18.40900000 1990.58000 231.76000 42.30700 195.07500
14 4 21 07 56 53840.50000 18.35700000 1989.01000 231.51000 42.30700 195.07500
14 4 21 07 57 53847.90000 18.35700000 1989.00000 231.67000 42.30700 194.65600
14 4 21 07 57 53840.10000 18.35700000 1986.94000 231.54000 42.30700 194.65600
14 4 21 07 58 53821.20000 18.39600000 1986.63000 231.12000 42.30700 194.65600
14 4 21 07 58 53821.70000 18.39600000 1986.99000 230.60000 42.30700 194.40100
14 4 21 07 59 53821.70000 18.39600000 1987.00000 230.50000 42.09600 194.40100
14 4 21 07 59 53821.70000 18.36500000 1987.85000 230.79000 42.09600 194.40100
14 4 21 07 59 53821.70000 18.36500000 1987.40000 230.95000 42.09600 194.40100
14 4 21 08 00 53865.80000 18.36500000 1989.89000 231.55000 42.09600 194.40100
14 4 21 08 00 53864.30000 18.36500000 1990.20000 231.14000 42.09600 194.58000
14 4 21 08 01 53882.90000 18.38000000 1990.00000 231.29000 42.05500 194.58000
14 4 21 08 01 53944.20000 18.37100000 1991.77000 231.48000 42.05500 194.58000
14 4 21 08 02 53949.30000 18.37100000 1991.93000 231.96000 42.05500 194.58000
14 4 21 08 02 53906.10000 18.37100000 1993.58000 231.83000 42.17400 194.58000
14 4 21 08 02 53905.00000 18.37100000 1993.05000 232.18000 42.17400 195.41800
14 4 21 08 03 53904.90000 18.37100000 1993.33000 232.22000 42.17400 195.41800
14 4 21 08 03 53901.10000 18.37100000 1992.98000 232.27000 42.17400 195.41800
14 4 21 08 04 53880.10000 18.43700000 1991.92000 231.79000 42.17400 195.42900
14 4 21 08 04 53906.00000 18.43700000 1993.07000 232.02000 42.17400 195.42900
14 4 21 08 04 53880.10000 18.43700000 1992.02000 231.99000 42.17400 195.42900
14 4 21 08 05 53883.80000 18.43700000 1992.30000 231.91000 41.98800 195.42900
14 4 21 08 05 53889.10000 18.43700000 1992.55000 232.08000 41.98800 195.19600
14 4 21 08 06 53880.00000 18.43700000 1992.78000 232.17000 42.08900 194.84900
14 4 21 08 06 53881.40000 18.43700000 1992.95000 232.00000 42.08900 194.84900
14 4 21 08 07 53881.30000 18.43700000 1993.00000 232.01000 42.08900 194.84900
14 4 21 08 07 53852.00000 18.41900000 1992.50000 232.09000 42.08900 194.84900
14 4 21 08 07 53861.30000 18.41900000 1992.93000 232.08000 42.08900 194.88900
14 4 21 08 08 53889.10000 18.41900000 1992.67000 231.95000 42.08900 195.16300
14 4 21 08 08 53949.30000 18.41900000 1994.40000 232.06000 42.08900 195.16300
14 4 21 08 09 53969.90000 18.47500000 1994.81000 231.90000 42.08900 195.16300
14 4 21 08 09 53969.80000 18.47500000 1994.50000 231.95000 42.08900 195.16300
14 4 21 08 10 53949.40000 18.47500000 1993.28000 231.75000 42.08900 195.33500
14 4 21 08 10 53940.30000 18.49500000 1993.00000 231.68000 42.08900 195.02400
14 4 21 08 10 53978.90000 18.49500000 1993.59000 231.86000 42.08900 195.02400
14 4 21 08 11 53974.80000 18.49500000 1994.90000 231.95000 42.08900 195.07200
14 4 21 08 11 53974.60000 18.49500000 1994.89000 232.18000 42.29700 195.07200
14 4 21 08 12 53954.50000 18.50000000 1994.90000 232.09000 42.29700 195.07200
14 4 21 08 12 53941.00000 18.50000000 1994.05000 231.94000 42.29700 195.58800
14 4 21 08 13 53930.10000 18.50000000 1994.73000 231.96000 42.29700 195.58800
14 4 21 08 13 53952.60000 18.50000000 1994.90000 232.03000 42.29700 195.58800
14 4 21 08 13 53952.60000 18.50000000 1994.27000 231.92000 42.29700 195.58800
14 4 21 08 14 53949.40000 18.50000000 1994.38000 231.97000 42.29700 195.42000
14 4 21 08 14 53949.50000 18.50000000 1994.89000 232.01000 42.29700 195.42000
14 4 21 08 15 53949.40000 18.50000000 1994.90000 232.01000 42.29700 195.42000
14 4 21 08 15 53949.50000 18.50000000 1994.89000 232.04000 42.29700 195.42000
14 4 21 08 16 53953.50000 18.50000000 1994.90000 232.10000 42.30700 195.42000
14 4 21 08 16 53956.90000 18.53500000 1994.90000 232.02000 42.30700 195.42000
14 4 21 08 16 53953.70000 18.53900000 1994.68000 232.03000 42.30700 195.50500
14 4 21 08 17 53964.80000 18.53900000 1994.90000 232.03000 42.30700 195.50500
14 4 21 08 17 53949.60000 18.53900000 1994.01000 231.70000 42.30700 195.50500
14 4 21 08 18 53977.80000 18.53900000 1994.33000 231.75000 42.30700 195.44000
14 4 21 08 18 53969.80000 18.53900000 1994.58000 231.66000 42.30700 195.43900
14 4 21 08 19 53960.50000 18.53900000 1994.24000 231.82000 42.30700 195.43900
14 4 21 08 19 53984.60000 18.53900000 1994.58000 232.10000 42.30700 195.43900
14 4 21 08 19 53988.90000 18.51200000 1994.21000 232.30000 42.30700 195.43900
14 4 21 08 20 53988.90000 18.51200000 1994.85000 232.32000 42.30700 195.37800
14 4 21 08 20 53993.90000 18.51200000 1994.71000 232.32000 42.30700 195.20900
14 4 21 08 21 53992.90000 18.51200000 1994.47000 232.50000 42.30700 195.20900
14 4 21 08 21 53985.10000 18.51900000 1994.00000 232.33000 42.30700 194.90700
14 4 21 08 22 53955.00000 18.51900000 1994.00000 232.41000 42.30700 194.90700
14 4 21 08 22 53955.10000 18.50100000 1993.34000 232.37000 42.30700 194.90700
14 4 21 08 22 53956.50000 18.47600000 1992.41000 232.37000 42.30700 194.90700
14 4 21 08 23 53957.90000 18.47600000 1990.00000 232.27000 42.30700 194.90700
14 4 21 08 23 53960.00000 18.47600000 1990.00000 232.35000 42.30700 194.90700
14 4 21 08 24 53958.10000 18.47600000 1990.00000 232.37000 42.43600 194.90700
14 4 21 08 24 53958.10000 18.47600000 1989.00000 232.59000 42.43600 194.75200
14 4 21 08 25 53958.20000 18.47600000 1988.57000 232.46000 42.43600 194.75200
