M=[
15 9 20 13 11 9178.60000 5.09500000 317.04000 41.90000 14.82400 52.98000
15 9 20 13 11 9178.70000 5.09500000 316.85000 41.90000 14.82400 52.98000
15 9 20 13 12 9179.90000 5.09500000 317.17000 41.98000 14.82400 52.98000
15 9 20 13 12 9183.40000 5.09500000 317.00000 41.98000 14.82400 52.98000
15 9 20 13 13 9183.40000 5.09500000 317.21000 41.98000 14.82400 52.98000
15 9 20 13 13 9184.40000 5.09500000 317.24000 41.98000 14.82400 52.98000
15 9 20 13 13 9187.40000 5.09500000 317.21000 41.98000 14.82400 52.98000
15 9 20 13 14 9188.40000 5.09500000 317.27000 41.98000 14.82400 52.98000
15 9 20 13 14 9188.40000 5.09500000 317.27000 41.98000 14.82400 52.98000
15 9 20 13 15 9188.40000 5.09500000 317.27000 41.96000 14.88300 52.98000
15 9 20 13 15 9188.50000 5.09500000 317.15000 41.96000 14.88300 52.98000
15 9 20 13 16 9188.50000 5.09500000 317.15000 41.96000 14.88300 52.98000
15 9 20 13 16 9188.50000 5.09500000 316.96000 41.96000 14.88300 52.98000
15 9 20 13 16 9184.60000 5.09500000 316.73000 41.88000 14.88300 52.98000
15 9 20 13 17 9188.00000 5.09500000 317.14000 41.88000 14.88300 52.98000
15 9 20 13 17 9188.00000 5.09500000 317.16000 41.88000 14.88300 52.98000
15 9 20 13 18 9184.60000 5.09500000 317.09000 41.87000 14.88300 52.98000
15 9 20 13 18 9184.50000 5.09500000 317.03000 41.87000 14.88300 52.98000
15 9 20 13 19 9186.50000 5.09500000 317.02000 41.87000 14.88300 52.98000
15 9 20 13 19 9187.80000 5.09500000 317.01000 41.87000 14.88300 52.98000
15 9 20 13 20 9187.90000 5.09500000 317.00000 41.86000 14.88300 52.98000
15 9 20 13 20 9191.00000 5.09500000 317.20000 41.88000 14.88300 52.98000
15 9 20 13 20 9196.20000 5.09500000 317.20000 41.93000 14.88300 52.98000
15 9 20 13 21 9199.90000 5.09500000 316.68000 41.93000 14.88300 52.98000
15 9 20 13 21 9201.20000 5.09500000 316.72000 41.88000 14.88300 52.98000
15 9 20 13 22 9200.90000 5.09500000 316.58000 41.89000 14.88300 52.98000
15 9 20 13 22 9200.90000 5.09500000 316.41000 41.89000 14.88300 52.98000
15 9 20 13 23 9205.30000 5.09500000 316.38000 41.90000 14.88300 52.98000
15 9 20 13 23 9207.70000 5.09500000 316.38000 41.90000 14.88300 52.98000
15 9 20 13 24 9198.60000 5.09500000 315.86000 41.90000 14.82400 52.98000
15 9 20 13 24 9198.20000 5.09500000 315.19000 41.90000 14.82400 52.98000
15 9 20 13 25 9198.20000 5.09500000 315.19000 41.90000 14.82400 52.98000
15 9 20 13 25 9194.10000 5.09500000 315.47000 41.90000 14.82400 52.98000
15 9 20 13 25 9192.60000 5.09500000 315.49000 41.90000 14.82400 52.98000
15 9 20 13 26 9198.30000 5.09500000 315.63000 41.90000 14.82400 52.98000
15 9 20 13 26 9198.30000 5.09500000 315.33000 41.90000 14.82400 52.98000
15 9 20 13 27 9192.90000 5.09500000 315.26000 41.90000 14.82400 52.98000
15 9 20 13 27 9192.90000 5.09500000 314.81000 41.90000 14.82400 52.98000
15 9 20 13 28 9192.90000 5.09500000 314.81000 41.90000 14.82400 52.98000
15 9 20 13 28 9192.80000 5.09500000 315.07000 41.90000 14.82400 52.98000
15 9 20 13 28 9192.80000 5.09500000 314.94000 41.90000 14.82400 52.98000
15 9 20 13 29 9192.90000 5.09500000 314.80000 41.90000 14.82400 52.98000
15 9 20 13 29 9190.00000 5.06000000 315.21000 41.90000 14.82400 52.98000
15 9 20 13 30 9190.10000 5.06000000 314.75000 41.90000 14.82400 52.98000
15 9 20 13 30 9190.00000 5.06000000 315.01000 41.90000 14.82400 52.98000
15 9 20 13 31 9190.00000 5.06000000 314.85000 41.90000 14.82400 52.98000
15 9 20 13 31 9190.80000 5.06000000 315.10000 41.90000 14.82400 52.98000
15 9 20 13 31 9190.90000 5.06000000 315.07000 41.90000 14.82100 52.98000
15 9 20 13 32 9191.00000 5.06000000 315.03000 41.90000 14.82100 52.98000
15 9 20 13 32 9191.00000 5.06000000 315.45000 41.90000 14.82100 52.98000
15 9 20 13 33 9192.00000 5.06000000 315.45000 41.82000 14.82100 52.78100
15 9 20 13 33 9191.90000 5.08000000 314.88000 41.81000 14.82100 52.67000
15 9 20 13 34 9191.80000 5.08000000 314.88000 41.81000 14.82100 52.67000
15 9 20 13 34 9190.00000 5.08000000 314.88000 41.81000 14.82100 52.61300
15 9 20 13 34 9190.00000 5.08000000 314.88000 41.79000 14.82100 52.61300
15 9 20 13 35 9185.40000 5.08000000 314.54000 41.79000 14.82100 52.61300
15 9 20 13 35 9186.50000 5.08000000 314.67000 41.79000 14.82100 52.61300
15 9 20 13 36 9187.50000 5.08000000 314.80000 41.76000 14.82100 52.61300
15 9 20 13 36 9187.50000 5.08000000 314.80000 41.76000 14.82100 52.61300
15 9 20 13 37 9186.10000 5.10000000 314.74000 41.76000 14.69300 52.66300
15 9 20 13 37 9182.50000 5.10000000 314.10000 41.71000 14.69300 52.61400
15 9 20 13 37 9178.80000 5.10000000 314.00000 41.64000 14.69300 52.57400
15 9 20 13 38 9178.80000 5.10000000 313.49000 41.64000 14.69300 52.58600
15 9 20 13 38 9178.80000 5.10000000 313.20000 41.64000 14.69300 52.55000
15 9 20 13 39 9178.80000 5.10000000 313.85000 41.59000 14.69300 52.55000
15 9 20 13 39 9178.80000 5.10000000 313.74000 41.61000 14.69300 52.59900
15 9 20 13 40 9173.50000 5.10000000 313.54000 41.61000 14.69300 52.59900
15 9 20 13 40 9171.50000 5.10000000 313.36000 41.57000 14.69300 52.59900
15 9 20 13 41 9171.40000 5.10000000 313.69000 41.58000 14.69300 52.59900
15 9 20 13 41 9171.40000 5.10000000 313.69000 41.56000 14.69300 52.59900
15 9 20 13 41 9168.00000 5.10000000 313.14000 41.51000 14.69300 52.59900
15 9 20 13 42 9164.90000 5.10000000 313.20000 41.51000 14.69300 52.59900
15 9 20 13 42 9164.90000 5.08600000 313.49000 41.54000 14.69300 52.59900
15 9 20 13 43 9165.30000 5.08600000 313.50000 41.56000 14.69300 52.59900
15 9 20 13 43 9163.80000 5.08700000 313.50000 41.56000 14.69300 52.59900
15 9 20 13 44 9162.00000 5.08700000 314.11000 41.56000 14.69300 52.59900
15 9 20 13 44 9169.50000 5.08700000 314.16000 41.69000 14.69300 52.59900
15 9 20 13 45 9172.60000 5.11000000 314.37000 41.69000 14.69300 52.59900
15 9 20 13 45 9170.70000 5.11000000 314.27000 41.70000 14.69300 52.59900
15 9 20 13 45 9170.70000 5.11000000 313.95000 41.70000 14.69300 52.59900
15 9 20 13 46 9164.30000 5.11000000 313.59000 41.65000 14.69300 52.59900
15 9 20 13 46 9164.40000 5.10600000 313.66000 41.65000 14.69300 52.59900
15 9 20 13 47 9165.90000 5.10600000 313.71000 41.65000 14.69300 52.59900
15 9 20 13 47 9169.10000 5.10600000 314.19000 41.67000 14.69300 52.59900
15 9 20 13 48 9172.10000 5.10600000 314.19000 41.67000 14.69300 52.59900
15 9 20 13 48 9176.70000 5.10600000 314.42000 41.67000 14.69300 52.59900
15 9 20 13 49 9163.70000 5.10600000 314.34000 41.67000 14.69300 52.59900
15 9 20 13 49 9164.80000 5.10600000 314.12000 41.67000 14.69300 52.59900
15 9 20 13 49 9163.10000 5.10600000 313.82000 41.67000 14.69300 52.59900
15 9 20 13 50 9164.30000 5.10600000 313.99000 41.67000 14.69300 52.59900
15 9 20 13 50 9164.30000 5.10600000 313.75000 41.67000 14.69300 52.59900
15 9 20 13 51 9160.10000 5.10600000 313.27000 41.67000 14.69300 52.59900
15 9 20 13 51 9160.10000 5.10600000 313.28000 41.62000 14.69300 52.59900
15 9 20 13 52 9162.80000 5.10600000 313.22000 41.62000 14.69300 52.59900
15 9 20 13 52 9160.00000 5.10600000 312.74000 41.62000 14.69300 52.59900
15 9 20 13 52 9157.60000 5.10600000 313.12000 41.62000 14.69300 52.59900
15 9 20 13 53 9156.50000 5.10600000 313.43000 41.62000 14.69300 52.59900
15 9 20 13 53 9161.30000 5.10600000 313.33000 41.62000 14.69300 52.59900
15 9 20 13 54 9162.80000 5.01100000 313.24000 41.62000 14.72500 52.59900
15 9 20 13 54 9162.50000 5.01100000 313.14000 41.62000 14.72500 52.59900
15 9 20 13 55 9168.00000 5.01100000 313.33000 41.62000 14.72500 52.59900
15 9 20 13 55 9169.60000 5.01100000 313.44000 41.62000 14.72500 52.59900
15 9 20 13 55 9170.00000 5.01100000 313.37000 41.64000 14.72500 52.59900
15 9 20 13 56 9168.20000 5.01100000 313.57000 41.64000 14.72500 52.59900
15 9 20 13 56 9169.90000 5.01100000 313.57000 41.64000 14.72500 52.59900
15 9 20 13 57 9170.00000 5.01100000 313.56000 41.64000 14.72500 52.59900
15 9 20 13 57 9164.00000 5.01100000 313.48000 41.64000 14.72500 52.59900
15 9 20 13 58 9162.00000 5.01100000 313.16000 41.63000 14.72500 52.35500
15 9 20 13 58 9158.80000 5.01100000 312.39000 41.54000 14.72500 52.35500
