M=[
15 2 21 06 15 38854.40000 11.90000000 1438.00000 164.61000 38.56100 120.21500
15 2 21 06 15 38864.60000 11.91000000 1438.80000 164.87000 38.56100 120.21400
15 2 21 06 16 38879.80000 11.99700000 1440.71000 165.01000 38.56100 120.21400
15 2 21 06 16 38896.60000 11.99900000 1440.80000 164.93000 38.23000 120.21400
15 2 21 06 16 38897.70000 11.99900000 1440.74000 165.20000 38.23000 120.21400
15 2 21 06 17 38899.90000 11.99900000 1441.14000 165.08000 38.23000 120.21400
15 2 21 06 17 38934.20000 11.99900000 1442.00000 165.44000 38.23000 120.21500
15 2 21 06 18 38961.00000 11.99900000 1441.71000 165.51000 38.23000 119.78300
15 2 21 06 18 38905.90000 11.99900000 1440.42000 165.52000 38.23000 119.78300
15 2 21 06 19 38891.80000 11.94400000 1440.63000 165.43000 38.56100 119.78300
15 2 21 06 19 38868.90000 11.94400000 1440.00000 165.43000 38.56100 119.78300
15 2 21 06 19 38854.80000 11.94400000 1438.71000 165.27000 38.56100 119.78300
15 2 21 06 20 38859.00000 11.94400000 1438.44000 165.49000 38.25300 119.46500
15 2 21 06 20 38856.80000 12.00000000 1438.56000 165.17000 38.25400 119.46500
15 2 21 06 21 38854.10000 12.00100000 1437.67000 165.23000 38.25400 119.46500
15 2 21 06 21 38837.90000 11.92900000 1437.80000 165.15000 38.68100 119.14900
15 2 21 06 22 38828.90000 11.92900000 1437.73000 165.15000 38.68100 119.14900
15 2 21 06 22 38828.90000 11.92900000 1438.17000 165.49000 38.68100 119.14900
15 2 21 06 22 38839.50000 11.92000000 1439.15000 165.44000 38.68100 119.14900
15 2 21 06 23 38842.00000 11.92000000 1438.29000 165.32000 38.67900 119.14900
15 2 21 06 23 38870.30000 11.92000000 1438.92000 165.31000 38.67900 119.14900
15 2 21 06 24 38882.70000 11.92000000 1439.00000 165.42000 38.67900 119.83300
15 2 21 06 24 38906.20000 11.92000000 1439.79000 165.78000 38.68000 119.83300
15 2 21 06 25 38913.60000 11.92000000 1441.72000 165.88000 40.06800 119.99800
15 2 21 06 25 38901.90000 11.92000000 1440.75000 166.00000 40.06800 119.99800
15 2 21 06 25 38882.90000 11.92000000 1439.83000 165.90000 40.02400 119.99800
15 2 21 06 26 38870.00000 11.95000000 1440.00000 166.12000 38.97500 120.00000
15 2 21 06 26 38879.90000 11.95000000 1441.43000 166.24000 39.06800 120.00000
15 2 21 06 27 38890.10000 11.96400000 1440.00000 166.17000 39.06800 120.00000
15 2 21 06 27 38890.00000 11.96400000 1440.45000 166.48000 39.06800 120.00000
15 2 21 06 28 38867.90000 11.95000000 1440.71000 166.52000 38.90200 120.00000
15 2 21 06 28 38897.90000 11.95000000 1441.66000 166.82000 38.90200 120.00000
15 2 21 06 28 38898.00000 11.95000000 1442.43000 166.82000 38.90300 120.00000
15 2 21 06 29 38897.90000 11.95000000 1443.26000 166.81000 39.67700 120.96400
15 2 21 06 29 38898.00000 11.95000000 1443.15000 166.95000 39.67700 120.60700
15 2 21 06 30 38909.00000 11.95300000 1442.93000 166.80000 38.98500 120.62000
15 2 21 06 30 38898.00000 11.95300000 1441.52000 165.97000 38.98500 120.62000
15 2 21 06 31 38875.60000 11.95300000 1441.23000 165.63000 38.98500 120.35000
15 2 21 06 31 38899.70000 11.95300000 1441.99000 166.00000 38.53400 120.82000
15 2 21 06 31 38900.00000 11.95300000 1441.99000 165.99000 38.53400 120.68000
15 2 21 06 32 38902.20000 11.95300000 1443.28000 166.04000 38.53400 120.68000
15 2 21 06 32 38900.00000 11.95000000 1443.47000 166.04000 38.53400 120.68000
15 2 21 06 33 38918.40000 11.95000000 1443.97000 166.08000 38.53400 120.68000
15 2 21 06 33 38966.50000 11.95000000 1445.74000 166.42000 38.53400 120.68000
15 2 21 06 34 38986.00000 11.95000000 1445.74000 166.33000 38.53400 120.68000
15 2 21 06 34 38986.00000 11.95000000 1445.19000 166.23000 38.53400 120.80900
15 2 21 06 34 38959.50000 11.95000000 1444.61000 166.44000 38.53400 120.77100
15 2 21 06 35 38966.60000 11.95000000 1444.00000 166.49000 38.53400 120.77100
15 2 21 06 35 38939.70000 11.95000000 1444.42000 166.49000 38.53400 120.77100
15 2 21 06 36 38947.90000 11.95000000 1444.42000 166.80000 38.53400 120.85100
15 2 21 06 36 38947.90000 11.99300000 1444.96000 167.00000 38.53400 120.98600
15 2 21 06 37 38947.90000 12.01300000 1444.62000 167.14000 38.29800 120.98600
15 2 21 06 37 38961.10000 12.06700000 1444.82000 167.14000 38.21100 120.98600
15 2 21 06 37 38936.80000 11.99500000 1444.01000 166.51000 38.21100 120.98600
15 2 21 06 38 38936.70000 12.04000000 1444.01000 166.40000 38.21100 120.86500
15 2 21 06 38 38928.50000 12.03800000 1444.00000 166.40000 38.21100 120.86500
15 2 21 06 39 38937.10000 12.01300000 1444.00000 166.50000 38.93300 121.14300
15 2 21 06 39 38937.10000 12.01200000 1443.31000 166.29000 38.93300 120.94000
15 2 21 06 40 38905.70000 12.01200000 1442.32000 166.04000 38.93300 120.94000
15 2 21 06 40 38869.60000 12.04100000 1441.68000 166.27000 38.93300 120.90600
15 2 21 06 40 38867.10000 12.01200000 1440.64000 165.95000 38.79400 121.04500
15 2 21 06 41 38859.00000 12.00200000 1440.62000 166.06000 38.36800 120.37700
15 2 21 06 41 38850.00000 12.00200000 1439.90000 166.00000 36.90600 120.20000
15 2 21 06 42 38850.00000 12.00200000 1439.81000 165.92000 36.91300 120.20000
15 2 21 06 42 38843.20000 12.00200000 1439.65000 166.00000 36.91900 120.20000
15 2 21 06 43 38850.10000 12.00200000 1439.59000 165.81000 36.97800 120.19000
15 2 21 06 43 38860.10000 12.00200000 1439.00000 165.89000 36.90600 120.19000
15 2 21 06 43 38831.20000 12.00200000 1437.72000 165.89000 36.90700 120.19000
15 2 21 06 44 38831.30000 12.00200000 1437.08000 165.81000 37.51400 120.16000
15 2 21 06 44 38837.10000 12.00200000 1437.89000 165.63000 36.79900 120.16000
15 2 21 06 45 38820.30000 12.04000000 1437.77000 165.43000 37.12000 120.48000
15 2 21 06 45 38829.60000 12.00300000 1437.29000 165.43000 36.57200 120.48000
15 2 21 06 46 38868.50000 12.02100000 1437.97000 165.75000 37.00000 120.45000
15 2 21 06 46 38868.10000 12.00300000 1437.76000 166.01000 37.00000 120.45000
15 2 21 06 46 38870.10000 12.00300000 1437.59000 166.01000 37.00000 121.02000
15 2 21 06 47 38868.10000 12.00300000 1437.56000 165.76000 37.00900 121.02000
15 2 21 06 47 38868.10000 12.00300000 1437.66000 165.76000 37.00900 121.02000
15 2 21 06 48 38867.80000 12.00300000 1437.75000 165.88000 37.00900 120.92000
15 2 21 06 48 38869.80000 12.04600000 1437.72000 166.19000 37.00900 120.92000
15 2 21 06 49 38872.90000 12.04600000 1437.36000 165.98000 37.20000 120.76000
15 2 21 06 49 38893.30000 12.04600000 1438.40000 166.21000 37.21000 120.76000
15 2 21 06 49 38899.90000 12.04600000 1437.78000 166.21000 37.21000 120.76000
15 2 21 06 50 38922.00000 12.09900000 1438.69000 166.27000 37.21000 120.76000
15 2 21 06 50 38919.40000 12.04000000 1438.92000 166.26000 37.02400 121.00100
15 2 21 06 51 38918.20000 12.04000000 1439.32000 166.17000 37.02400 121.00100
15 2 21 06 51 38917.40000 12.04000000 1438.97000 166.17000 37.02400 121.00100
15 2 21 06 52 38900.10000 12.09800000 1438.97000 166.00000 37.02400 121.00100
15 2 21 06 52 38906.40000 12.09800000 1439.25000 166.35000 37.02400 121.00100
15 2 21 06 52 38909.90000 12.09800000 1439.01000 165.91000 37.02400 121.00100
15 2 21 06 53 38915.20000 12.09800000 1439.01000 165.91000 37.21000 121.00100
15 2 21 06 53 38921.00000 12.07300000 1439.01000 166.37000 37.04000 121.14000
15 2 21 06 54 38926.10000 12.02600000 1439.04000 166.50000 37.02500 121.22800
15 2 21 06 54 38906.10000 12.02600000 1438.96000 166.56000 37.21000 121.22800
15 2 21 06 55 38910.60000 12.09000000 1438.79000 166.52000 37.21000 121.27300
15 2 21 06 55 38914.20000 12.08900000 1439.08000 166.52000 37.21000 121.24000
15 2 21 06 55 38914.90000 12.08900000 1439.65000 166.39000 36.90600 121.24000
15 2 21 06 56 38926.30000 12.08900000 1439.32000 166.51000 36.90600 121.45000
15 2 21 06 56 38927.20000 12.08900000 1439.08000 167.09000 36.90600 121.51000
15 2 21 06 57 38915.30000 12.08900000 1439.55000 166.78000 36.98500 121.67900
15 2 21 06 57 38915.00000 12.08900000 1439.87000 166.74000 36.98500 121.75000
15 2 21 06 58 38906.10000 12.08900000 1439.86000 167.00000 36.98500 121.75000
15 2 21 06 58 38906.10000 12.05500000 1439.01000 167.00000 36.98500 121.75000
