M=[
13 9 20 17 24 8653.90000 4.30100000 301.41000 40.27000 14.89500 51.82000
13 9 20 17 24 8649.50000 4.30100000 301.44000 40.27000 14.89500 51.82000
13 9 20 17 25 8657.20000 4.30100000 301.21000 40.27000 14.89500 51.82000
13 9 20 17 25 8664.50000 4.30100000 301.39000 40.27000 14.89500 51.82000
13 9 20 17 25 8659.20000 4.30100000 301.39000 40.27000 14.89500 52.05900
13 9 20 17 26 8659.10000 4.30100000 301.43000 40.27000 14.89500 52.05900
13 9 20 17 26 8659.10000 4.30100000 301.53000 40.27000 14.89500 52.05900
13 9 20 17 27 8657.00000 4.30100000 301.53000 40.27000 14.89500 52.05900
13 9 20 17 27 8657.00000 4.30100000 301.53000 40.27000 14.89500 52.05900
13 9 20 17 28 8659.00000 4.30100000 301.53000 40.27000 14.89500 52.05900
13 9 20 17 28 8658.90000 4.30100000 301.78000 40.27000 14.89500 52.05900
13 9 20 17 28 8663.00000 4.30100000 301.88000 40.28000 14.89500 52.05900
13 9 20 17 29 8665.00000 4.30100000 301.82000 40.28000 14.89500 52.05900
13 9 20 17 29 8667.00000 4.30100000 301.83000 40.29000 14.89500 52.05900
13 9 20 17 30 8668.30000 4.30100000 301.92000 40.29000 14.89500 52.05900
13 9 20 17 30 8665.00000 4.30100000 302.22000 40.35000 14.89500 52.05900
13 9 20 17 31 8661.30000 4.30100000 302.13000 40.35000 14.89500 52.05900
13 9 20 17 31 8659.60000 4.30100000 301.91000 40.35000 14.89500 52.05900
13 9 20 17 32 8660.20000 4.30100000 301.91000 40.35000 14.89500 52.05900
13 9 20 17 32 8658.80000 4.30100000 301.73000 40.35000 14.89500 52.05900
13 9 20 17 32 8660.70000 4.30100000 301.68000 40.35000 14.89500 52.05900
13 9 20 17 33 8660.60000 4.30100000 301.68000 40.35000 14.89500 52.05900
13 9 20 17 33 8659.50000 4.30100000 301.41000 40.35000 14.89500 52.05900
13 9 20 17 34 8659.50000 4.30100000 301.51000 40.35000 14.89500 52.05900
13 9 20 17 34 8659.40000 4.30100000 301.85000 40.23000 14.89500 51.91100
13 9 20 17 35 8663.90000 4.30100000 302.16000 40.23000 14.89500 51.91100
13 9 20 17 35 8666.30000 4.30100000 302.25000 40.28000 14.89500 51.91100
13 9 20 17 35 8668.90000 4.30100000 302.48000 40.28000 14.89500 51.91100
13 9 20 17 36 8668.90000 4.30100000 302.21000 40.28000 14.89500 51.91100
13 9 20 17 36 8668.60000 4.30100000 302.21000 40.28000 14.89500 51.91100
13 9 20 17 37 8668.60000 4.30100000 302.21000 40.28000 14.89500 51.91100
13 9 20 17 37 8668.70000 4.30100000 302.21000 40.38000 14.89500 51.91100
13 9 20 17 38 8668.50000 4.30100000 302.40000 40.38000 14.89500 51.91100
13 9 20 17 38 8668.80000 4.30100000 302.46000 40.38000 14.89500 51.91100
13 9 20 17 39 8668.60000 4.30100000 302.39000 40.34000 14.89500 51.91100
13 9 20 17 39 8668.70000 4.30100000 302.39000 40.34000 14.89500 52.08900
13 9 20 17 39 8669.40000 4.30100000 302.36000 40.34000 14.89500 52.08900
13 9 20 17 40 8671.70000 4.30100000 302.39000 40.34000 14.89500 52.09000
13 9 20 17 40 8672.80000 4.30100000 302.66000 40.34000 14.89500 52.09000
13 9 20 17 41 8672.80000 4.30100000 302.66000 40.34000 14.89500 52.09000
13 9 20 17 41 8672.90000 4.30100000 302.66000 40.34000 14.89500 52.09000
13 9 20 17 42 8672.90000 4.30100000 302.66000 40.38000 14.89500 52.09000
13 9 20 17 42 8677.40000 4.30100000 302.71000 40.38000 14.89500 52.09000
13 9 20 17 42 8675.80000 4.30100000 302.74000 40.38000 14.89500 52.09000
13 9 20 17 43 8674.40000 4.30100000 303.02000 40.38000 14.89500 52.09000
13 9 20 17 43 8686.20000 4.30100000 303.55000 40.38000 14.89500 52.09000
13 9 20 17 44 8686.20000 4.30100000 303.18000 40.38000 14.89500 52.09000
13 9 20 17 44 8686.30000 4.30100000 303.01000 40.45000 14.89400 52.09000
13 9 20 17 45 8686.20000 4.30100000 303.01000 40.45000 14.89400 52.09000
13 9 20 17 45 8686.20000 4.30100000 302.62000 40.45000 14.89400 52.09000
13 9 20 17 46 8685.70000 4.30100000 302.62000 40.45000 14.89400 52.09000
13 9 20 17 46 8684.00000 4.30100000 302.81000 40.45000 14.89400 52.09000
13 9 20 17 46 8683.00000 4.30100000 302.99000 40.45000 14.89400 52.09000
13 9 20 17 47 8682.30000 4.30100000 303.09000 40.45000 14.89400 52.09000
13 9 20 17 47 8687.30000 4.30100000 303.28000 40.45000 14.89400 52.28000
13 9 20 17 48 8687.40000 4.30100000 303.54000 40.45000 14.88800 52.28000
13 9 20 17 48 8692.70000 4.30100000 303.48000 40.45000 14.88800 52.28000
13 9 20 17 49 8692.70000 4.30100000 303.75000 40.45000 14.88800 52.28000
13 9 20 17 49 8695.70000 4.30100000 303.73000 40.45000 14.88800 52.28000
13 9 20 17 49 8694.80000 4.30100000 304.07000 40.45000 14.88800 52.28000
13 9 20 17 50 8710.00000 4.30100000 304.30000 40.45000 14.87600 52.28000
13 9 20 17 51 8702.30000 4.30100000 304.30000 40.42000 14.87600 52.28000
13 9 20 17 51 8703.70000 4.30100000 304.08000 40.42000 14.87600 52.28000
13 9 20 17 51 8704.80000 4.30100000 304.11000 40.42000 14.87600 52.28000
13 9 20 17 52 8697.30000 4.30100000 303.86000 40.43000 14.87600 52.28000
13 9 20 17 52 8701.70000 4.30100000 303.93000 40.43000 14.87600 52.28000
13 9 20 17 53 8698.70000 4.30100000 303.76000 40.43000 14.87600 52.28000
13 9 20 17 53 8696.10000 4.30100000 303.56000 40.42000 14.87600 52.28000
13 9 20 17 54 8700.10000 4.30100000 303.68000 40.42000 14.87600 52.28000
13 9 20 17 54 8700.20000 4.30100000 303.86000 40.42000 14.87600 52.28000
13 9 20 17 54 8701.90000 4.30100000 303.78000 40.42000 14.87600 52.48200
13 9 20 17 55 8700.20000 4.30100000 303.56000 40.42000 14.87600 52.48200
13 9 20 17 55 8700.30000 4.35200000 303.92000 40.42000 14.87600 52.48200
13 9 20 17 56 8700.30000 4.35200000 303.91000 40.42000 14.87600 52.48200
13 9 20 17 56 8706.70000 4.35200000 303.93000 40.42000 14.87600 52.48200
13 9 20 17 57 8705.90000 4.35200000 304.17000 40.47000 14.87600 52.48300
13 9 20 17 57 8706.80000 4.35200000 304.17000 40.49000 14.87600 52.48300
13 9 20 17 57 8713.50000 4.35200000 304.77000 40.49000 14.87600 52.48300
13 9 20 17 58 8710.80000 4.35200000 304.40000 40.45000 14.87600 52.48300
13 9 20 17 58 8713.40000 4.35200000 304.74000 40.46000 14.87600 52.48300
13 9 20 17 59 8715.10000 4.35200000 304.58000 40.49000 14.87600 52.48300
13 9 20 17 59 8712.40000 4.35200000 304.62000 40.49000 14.87600 52.48300
13 9 20 18 00 8711.20000 4.35200000 304.50000 40.49000 14.87600 52.48300
13 9 20 18 00 8705.50000 4.35200000 303.83000 40.49000 14.82500 52.48300
13 9 20 18 00 8703.20000 4.35200000 304.12000 40.44000 14.82500 52.48300
13 9 20 18 01 8703.30000 4.35200000 303.83000 40.43000 14.82000 52.48300
13 9 20 18 01 8704.50000 4.35200000 303.90000 40.43000 14.87500 52.48300
13 9 20 18 02 8704.80000 4.35200000 304.13000 40.43000 14.87500 52.48300
13 9 20 18 02 8703.30000 4.35200000 304.10000 40.43000 14.87500 52.48300
13 9 20 18 03 8703.30000 4.35200000 304.24000 40.43000 14.87500 52.48300
13 9 20 18 03 8705.40000 4.35200000 304.28000 40.43000 14.87500 52.48300
13 9 20 18 03 8702.80000 4.35200000 304.28000 40.35000 14.87500 52.48300
13 9 20 18 04 8702.80000 4.35200000 304.42000 40.35000 14.87500 52.48300
13 9 20 18 04 8706.70000 4.35200000 304.58000 40.35000 14.84200 52.48300
13 9 20 18 05 8711.80000 4.35200000 304.59000 40.38000 14.84200 52.48300
13 9 20 18 05 8712.00000 4.35200000 304.53000 40.38000 14.84200 52.48300
13 9 20 18 06 8708.50000 4.35200000 304.14000 40.38000 14.84200 52.48300
13 9 20 18 06 8709.90000 4.35200000 303.90000 40.38000 14.84200 52.48300
13 9 20 18 06 8710.50000 4.35200000 303.94000 40.35000 14.84200 52.48300
13 9 20 18 07 8710.60000 4.35200000 303.88000 40.35000 14.84200 52.48300
13 9 20 18 07 8711.80000 4.35200000 303.82000 40.35000 14.84200 52.48300
13 9 20 18 08 8714.00000 4.35200000 303.82000 40.37000 14.84200 52.48300
13 9 20 18 08 8710.00000 4.35200000 303.65000 40.37000 14.84200 52.33100
13 9 20 18 09 8709.90000 4.35200000 303.72000 40.37000 14.84200 52.33100
13 9 20 18 09 8710.00000 4.35200000 303.71000 40.37000 14.84200 52.33100
13 9 20 18 10 8710.50000 4.35200000 304.00000 40.37000 14.84200 52.33100
13 9 20 18 10 8711.90000 4.35200000 304.00000 40.37000 14.84200 52.33100
13 9 20 18 10 8713.30000 4.35200000 304.00000 40.37000 14.84200 52.33100
13 9 20 18 11 8713.20000 4.35200000 304.00000 40.39000 14.84200 52.33100
