M=[
22 12 20 08 44 18534.30000 4.82000000 488.19000 83.29000 14.42400 52.97000
22 12 20 08 45 18556.30000 4.82000000 488.56000 83.27000 14.42400 52.97000
22 12 20 08 45 18536.70000 4.82000000 488.13000 82.95000 14.42400 52.97000
22 12 20 08 46 18535.00000 4.81000000 488.19000 83.01000 14.42400 52.98000
22 12 20 08 46 18530.70000 4.81000000 488.49000 83.01000 14.42400 52.98000
22 12 20 08 47 18536.80000 4.81000000 488.56000 83.09000 14.42400 52.98000
22 12 20 08 47 18535.90000 4.81000000 488.51000 83.09000 14.42400 52.98000
22 12 20 08 47 18535.90000 4.81000000 488.50000 82.98000 14.42400 52.98000
22 12 20 08 48 18535.90000 4.81000000 488.00000 83.00000 14.42400 52.98000
22 12 20 08 48 18535.80000 4.81000000 488.19000 83.16000 14.42400 52.98000
22 12 20 08 49 18547.90000 4.81000000 488.03000 83.00000 14.42400 52.98000
22 12 20 08 49 18566.20000 4.81000000 488.65000 83.35000 14.42400 52.98000
22 12 20 08 50 18574.10000 4.81000000 488.96000 83.40000 14.42400 52.98000
22 12 20 08 50 18550.10000 4.81000000 489.00000 83.37000 14.42400 52.98000
22 12 20 08 50 18550.10000 4.81000000 488.88000 83.40000 14.42400 52.98000
22 12 20 08 51 18550.10000 4.81000000 488.61000 83.48000 14.42400 52.98000
22 12 20 08 51 18535.90000 4.81000000 488.50000 83.48000 14.42400 52.98000
22 12 20 08 52 18528.90000 4.81000000 488.50000 83.24000 14.42400 53.04900
22 12 20 08 52 18516.90000 4.81000000 488.00000 83.17000 14.42400 53.04800
22 12 20 08 53 18521.70000 4.81000000 487.93000 82.97000 14.42300 53.04800
22 12 20 08 53 18535.80000 4.80300000 488.49000 83.36000 14.42300 53.04800
22 12 20 08 53 18538.20000 4.80300000 488.57000 83.17000 14.42300 53.04800
22 12 20 08 54 18538.20000 4.80300000 488.52000 83.25000 14.42300 53.02100
22 12 20 08 54 18564.60000 4.80300000 488.83000 83.45000 14.42400 53.18500
22 12 20 08 55 18571.10000 4.80300000 488.96000 83.75000 14.42400 53.18500
22 12 20 08 55 18572.40000 4.80300000 489.74000 83.85000 14.42400 53.18500
22 12 20 08 56 18598.30000 4.80300000 489.93000 83.99000 14.42400 53.18500
22 12 20 08 56 18598.60000 4.80300000 490.12000 83.80000 14.42400 53.18500
22 12 20 08 56 18591.30000 4.80300000 490.00000 83.72000 14.42400 53.18500
22 12 20 08 57 18599.70000 4.80300000 490.14000 83.82000 14.42400 53.18500
22 12 20 08 57 18592.00000 4.80300000 490.05000 83.90000 14.42400 53.18500
22 12 20 08 58 18590.10000 4.84800000 489.85000 83.98000 14.42400 53.28500
22 12 20 08 58 18589.20000 4.84800000 489.76000 84.00000 14.42400 53.28500
22 12 20 08 59 18575.40000 4.84800000 489.34000 83.71000 14.42400 53.18500
22 12 20 08 59 18580.80000 4.84800000 489.62000 83.71000 14.42400 53.18500
22 12 20 08 59 18582.20000 4.84800000 489.75000 83.71000 14.42400 53.18500
22 12 20 09 00 18603.50000 4.84800000 490.09000 84.00000 14.42400 53.18500
22 12 20 09 00 18637.20000 4.84800000 490.61000 84.20000 14.42300 53.18500
22 12 20 09 01 18645.90000 4.84800000 491.00000 84.36000 14.42300 53.26300
22 12 20 09 01 18643.50000 4.84800000 490.95000 84.36000 14.42300 53.26300
22 12 20 09 02 18635.90000 4.85400000 490.96000 84.40000 14.42300 53.26300
22 12 20 09 02 18645.50000 4.83700000 491.25000 84.17000 14.37600 53.21400
22 12 20 09 02 18646.90000 4.83900000 491.36000 84.49000 14.42400 53.27600
22 12 20 09 03 18647.60000 4.83900000 491.75000 84.80000 14.42400 53.27600
22 12 20 09 03 18659.60000 4.83900000 492.68000 84.88000 14.42400 53.27600
22 12 20 09 04 18663.20000 4.83900000 492.96000 84.65000 14.42400 53.27600
22 12 20 09 04 18660.40000 4.83900000 492.84000 84.65000 14.42400 53.27600
22 12 20 09 05 18678.30000 4.83900000 492.95000 84.70000 14.42400 53.27600
22 12 20 09 05 18677.00000 4.83900000 492.99000 84.70000 14.42400 53.27600
22 12 20 09 05 18678.70000 4.83900000 492.75000 84.70000 14.42400 53.27600
22 12 20 09 06 18660.00000 4.83900000 492.13000 84.43000 14.42400 53.27600
22 12 20 09 06 18651.80000 4.83900000 492.10000 84.43000 14.42400 53.27600
22 12 20 09 07 18658.10000 4.83900000 492.21000 84.55000 14.42400 53.27600
22 12 20 09 07 18638.30000 4.83900000 492.22000 84.60000 14.42400 53.27600
22 12 20 09 08 18643.30000 4.83900000 492.34000 84.37000 14.42400 53.27600
22 12 20 09 08 18640.80000 4.83900000 492.16000 84.31000 14.42400 53.27600
22 12 20 09 08 18643.10000 4.83900000 492.00000 84.28000 14.35800 53.27600
22 12 20 09 09 18641.60000 4.83900000 491.21000 84.20000 14.42300 53.27600
22 12 20 09 09 18642.40000 4.83900000 491.46000 84.39000 14.36200 53.46600
22 12 20 09 10 18650.00000 4.83900000 491.73000 84.45000 14.36200 53.46600
22 12 20 09 10 18649.90000 4.83900000 491.65000 84.27000 14.42400 53.46600
22 12 20 09 11 18647.50000 4.85000000 491.89000 84.27000 14.42400 53.46600
22 12 20 09 11 18641.40000 4.85000000 491.71000 84.08000 14.42400 53.46600
22 12 20 09 11 18640.40000 4.85000000 491.80000 84.27000 14.42400 53.46600
22 12 20 09 12 18659.00000 4.85000000 491.73000 84.22000 14.42400 53.46600
22 12 20 09 12 18680.10000 4.84000000 492.31000 84.58000 14.42400 53.46600
22 12 20 09 13 18682.90000 4.84000000 492.45000 84.64000 14.42400 53.46600
22 12 20 09 13 18683.00000 4.84000000 492.45000 84.55000 14.42400 53.46600
22 12 20 09 14 18675.60000 4.85800000 492.53000 84.61000 14.42400 53.46600
22 12 20 09 14 18679.30000 4.85800000 492.53000 84.50000 14.42400 53.46600
22 12 20 09 14 18689.20000 4.85800000 492.59000 84.61000 14.42400 53.46600
22 12 20 09 15 18682.30000 4.85800000 492.63000 84.63000 14.42400 53.46600
22 12 20 09 15 18688.90000 4.86600000 492.90000 84.63000 14.42400 53.46600
22 12 20 09 16 18685.30000 4.86600000 493.00000 84.60000 14.42400 53.46600
22 12 20 09 16 18681.70000 4.86600000 493.07000 84.60000 14.42400 53.46600
22 12 20 09 17 18680.10000 4.86600000 493.56000 84.60000 14.42400 53.46600
22 12 20 09 17 18680.00000 4.86600000 492.99000 84.51000 14.42400 53.46600
22 12 20 09 17 18671.10000 4.86600000 492.99000 84.46000 14.42400 53.54600
22 12 20 09 18 18652.60000 4.86600000 492.06000 84.22000 14.42400 53.54600
22 12 20 09 18 18650.20000 4.86600000 492.19000 84.18000 14.42400 53.54600
22 12 20 09 19 18650.20000 4.86600000 492.16000 84.32000 14.42400 53.54600
22 12 20 09 19 18635.90000 4.86600000 492.01000 84.23000 14.42400 53.54600
22 12 20 09 19 18635.90000 4.86600000 491.77000 84.17000 14.42400 53.54600
22 12 20 09 20 18625.60000 4.86600000 491.60000 84.11000 14.42400 53.54600
22 12 20 09 20 18625.70000 4.86600000 491.03000 84.11000 14.42400 53.54600
22 12 20 09 21 18613.50000 4.83900000 490.29000 84.00000 14.42400 53.54600
22 12 20 09 21 18623.30000 4.83900000 490.76000 84.24000 14.42400 53.54600
22 12 20 09 22 18636.70000 4.83900000 491.16000 84.36000 14.42400 53.54600
22 12 20 09 22 18639.70000 4.83900000 490.86000 84.39000 14.42400 53.54600
22 12 20 09 22 18639.60000 4.83900000 490.86000 84.39000 14.42400 53.54600
22 12 20 09 23 18619.00000 4.83900000 490.86000 84.30000 14.42400 53.54600
22 12 20 09 23 18629.90000 4.83900000 490.91000 84.30000 14.42400 53.54600
22 12 20 09 24 18631.00000 4.83900000 490.88000 84.42000 14.42400 53.54600
22 12 20 09 24 18633.70000 4.83900000 490.88000 84.38000 14.42400 53.54600
22 12 20 09 25 18630.10000 4.83900000 490.93000 84.38000 14.42400 53.58300
22 12 20 09 25 18630.00000 4.84500000 490.88000 84.48000 14.42400 53.58300
22 12 20 09 25 18630.00000 4.84500000 490.99000 84.48000 14.42400 53.58300
22 12 20 09 26 18630.00000 4.84500000 491.05000 84.48000 14.42400 53.58300
22 12 20 09 26 18632.90000 4.84500000 491.05000 84.48000 14.42400 53.58300
22 12 20 09 27 18637.00000 4.84500000 491.29000 84.65000 14.42400 53.58300
22 12 20 09 27 18630.30000 4.84500000 491.24000 84.59000 14.42400 53.58300
22 12 20 09 28 18633.30000 4.84500000 491.37000 84.68000 14.42400 53.63800
22 12 20 09 28 18639.80000 4.84500000 491.38000 84.59000 14.42400 53.63800
22 12 20 09 28 18630.20000 4.84500000 491.34000 84.61000 14.42400 53.63800
22 12 20 09 29 18630.30000 4.84500000 491.35000 84.61000 14.42400 53.63800
22 12 20 09 29 18636.40000 4.84500000 491.41000 84.63000 14.42400 53.63800
