M=[
30 7 21 22 15 34600.10000 42.41800000 2042.29000 121.31000 22.79100 91.19800
30 7 21 22 16 34578.90000 42.41800000 2038.45000 120.89000 22.68000 91.19800
30 7 21 22 16 34548.70000 41.91800000 2035.35000 120.45000 22.67000 90.56500
30 7 21 22 17 34548.90000 41.91800000 2037.14000 120.45000 22.67000 90.56500
30 7 21 22 17 34546.90000 41.91800000 2035.65000 120.60000 22.67000 90.56500
30 7 21 22 18 34541.40000 41.91800000 2036.88000 120.60000 22.67800 90.56500
30 7 21 22 18 34590.70000 41.91000000 2038.39000 120.59000 22.67800 90.47400
30 7 21 22 18 34586.60000 41.91000000 2039.60000 120.64000 22.67800 90.47400
30 7 21 22 19 34579.60000 41.91000000 2040.50000 120.59000 22.64200 90.47400
30 7 21 22 19 34583.20000 41.91000000 2040.66000 120.59000 22.64200 90.47400
30 7 21 22 20 34583.00000 42.05800000 2041.32000 120.59000 22.64200 90.47400
30 7 21 22 20 34589.20000 42.12800000 2042.96000 120.59000 22.64200 90.47400
30 7 21 22 21 34600.70000 42.12800000 2043.86000 120.97000 22.64200 90.47400
30 7 21 22 21 34627.90000 42.12800000 2046.59000 121.10000 22.64200 90.94200
30 7 21 22 21 34628.80000 42.12800000 2047.29000 121.10000 22.64200 90.94200
30 7 21 22 22 34670.80000 42.12800000 2048.26000 121.10000 22.64200 91.01800
30 7 21 22 22 34590.40000 42.12800000 2048.04000 121.19000 22.64200 91.01800
30 7 21 22 23 34585.30000 42.08600000 2043.47000 121.19000 22.64200 91.01800
30 7 21 22 23 34584.20000 42.08600000 2044.04000 121.03000 22.64200 91.01800
30 7 21 22 24 34530.40000 42.08600000 2042.89000 121.03000 22.64200 91.01800
30 7 21 22 24 34566.80000 42.08600000 2042.89000 121.03000 22.64200 91.01800
30 7 21 22 24 34566.70000 42.08600000 2042.89000 121.03000 22.64200 91.01800
30 7 21 22 25 34555.00000 42.08600000 2043.29000 120.97000 22.64200 91.01800
30 7 21 22 25 34593.40000 42.17800000 2043.29000 120.97000 22.64200 91.01800
30 7 21 22 26 34610.60000 42.18900000 2045.00000 121.16000 22.64200 91.01800
30 7 21 22 26 34618.80000 42.18000000 2045.17000 121.16000 22.64200 91.01800
30 7 21 22 27 34600.10000 42.18000000 2045.64000 121.10000 22.64200 91.01800
30 7 21 22 27 34644.70000 42.18000000 2045.64000 121.10000 22.64200 91.01800
30 7 21 22 27 34647.20000 42.18000000 2045.64000 121.10000 22.64200 91.01800
30 7 21 22 28 34664.80000 42.18000000 2046.20000 121.11000 22.64200 91.01800
30 7 21 22 28 34664.90000 42.18000000 2046.78000 121.11000 22.64200 91.01800
30 7 21 22 29 34689.80000 42.18000000 2047.80000 121.11000 22.64200 91.01800
30 7 21 22 29 34730.00000 42.18000000 2048.77000 121.19000 22.64200 91.01800
30 7 21 22 30 34743.90000 42.20800000 2048.77000 121.16000 22.64200 91.01800
30 7 21 22 30 34764.10000 42.20800000 2050.00000 121.16000 22.64200 91.01800
30 7 21 22 30 34764.20000 42.20800000 2050.00000 121.16000 22.64200 91.01800
30 7 21 22 31 34764.10000 42.20800000 2050.00000 121.20000 22.64200 91.01800
30 7 21 22 31 34761.10000 42.20800000 2050.93000 121.20000 22.64200 91.01800
30 7 21 22 32 34752.50000 42.20800000 2050.92000 121.20000 22.64200 91.01800
30 7 21 22 32 34701.40000 42.20800000 2048.52000 121.20000 22.64200 91.01800
30 7 21 22 33 34717.20000 42.20800000 2050.65000 121.20000 22.64200 91.01800
30 7 21 22 33 34737.40000 42.20800000 2050.99000 121.20000 22.64200 91.01800
30 7 21 22 34 34737.40000 42.20800000 2051.07000 121.20000 22.64200 91.01800
30 7 21 22 34 34737.30000 42.20800000 2051.05000 121.20000 22.64200 91.01800
30 7 21 22 34 34737.30000 42.37300000 2051.07000 121.20000 22.64200 91.01800
30 7 21 22 35 34698.00000 42.37300000 2050.20000 121.20000 22.64200 91.01800
30 7 21 22 35 34719.50000 42.37300000 2051.96000 121.20000 22.64200 91.01800
30 7 21 22 36 34737.40000 42.37300000 2053.57000 121.33000 22.64200 91.32300
30 7 21 22 36 34737.40000 42.37300000 2053.57000 121.33000 22.64200 91.32300
30 7 21 22 37 34739.10000 42.37300000 2053.56000 121.33000 22.64200 91.32300
30 7 21 22 37 34737.40000 42.37300000 2053.67000 121.33000 22.64200 91.32300
30 7 21 22 37 34739.10000 42.37300000 2053.66000 121.25000 22.59800 91.32300
30 7 21 22 38 34739.40000 42.37300000 2054.08000 121.49000 22.59800 91.32300
30 7 21 22 38 34700.90000 42.47600000 2054.42000 121.69000 22.59800 91.32300
30 7 21 22 39 34721.20000 42.47600000 2054.40000 121.82000 22.59800 91.32300
30 7 21 22 39 34721.00000 42.47600000 2054.08000 121.81000 22.59800 91.32300
30 7 21 22 40 34719.10000 42.47600000 2054.08000 121.81000 22.59800 91.32300
30 7 21 22 40 34724.20000 42.47600000 2054.56000 121.95000 22.59800 91.76800
30 7 21 22 40 34720.90000 42.47600000 2054.56000 121.99000 22.59800 91.76800
30 7 21 22 41 34710.60000 42.47600000 2054.56000 121.99000 22.67700 91.76800
30 7 21 22 41 34707.60000 42.65000000 2054.07000 122.00000 22.67700 91.76800
30 7 21 22 42 34706.10000 42.65000000 2054.08000 122.11000 22.67700 91.76800
30 7 21 22 42 34706.00000 42.65000000 2054.65000 122.16000 22.67700 91.76800
30 7 21 22 43 34705.30000 42.65000000 2054.89000 122.22000 22.67700 91.76800
30 7 21 22 43 34693.20000 42.65000000 2054.21000 122.09000 22.67700 91.76800
30 7 21 22 43 34671.40000 42.65000000 2054.00000 121.64000 22.67700 91.76800
30 7 21 22 44 34671.40000 42.65000000 2050.23000 121.26000 22.67700 91.76800
30 7 21 22 44 34671.40000 42.65000000 2051.58000 121.26000 22.67700 91.35600
30 7 21 22 45 34670.00000 42.65000000 2053.32000 121.59000 22.67700 91.35600
30 7 21 22 45 34669.90000 42.65000000 2053.66000 121.69000 22.67700 91.35600
30 7 21 22 46 34675.10000 42.65000000 2053.39000 121.58000 22.67700 91.35600
30 7 21 22 46 34674.90000 42.65000000 2052.10000 121.58000 22.67700 91.35600
30 7 21 22 46 34675.00000 42.65000000 2051.37000 121.58000 22.67700 91.35600
30 7 21 22 47 34693.90000 42.65000000 2051.37000 121.58000 22.67700 91.35600
30 7 21 22 47 34726.40000 42.65000000 2054.38000 121.70000 22.67700 91.35600
30 7 21 22 48 34750.70000 42.77100000 2055.10000 121.70000 22.67700 91.35600
30 7 21 22 48 34764.10000 42.77100000 2055.60000 121.70000 22.67700 91.35600
30 7 21 22 49 34772.40000 42.77100000 2055.60000 121.70000 22.67700 91.35600
30 7 21 22 49 34767.50000 42.77100000 2055.37000 121.70000 22.67700 91.35600
30 7 21 22 49 34796.90000 42.77100000 2055.21000 121.70000 22.67700 91.35600
30 7 21 22 50 34796.70000 42.77600000 2055.22000 121.77000 22.67700 91.70300
30 7 21 22 50 34807.70000 42.77600000 2054.91000 121.74000 22.67700 91.70300
30 7 21 22 51 34792.10000 42.77600000 2054.91000 121.73000 22.67700 91.70300
30 7 21 22 51 34788.80000 42.77600000 2053.21000 121.74000 22.67700 91.70300
30 7 21 22 52 34788.80000 42.79100000 2053.21000 121.74000 22.67700 91.70300
30 7 21 22 52 34788.70000 42.74700000 2051.87000 121.63000 22.67700 91.70300
30 7 21 22 53 34794.10000 42.74700000 2052.02000 121.63000 22.67700 91.70300
30 7 21 22 53 34795.70000 42.74700000 2052.79000 121.62000 22.67700 91.70300
30 7 21 22 53 34795.60000 42.74700000 2052.92000 121.62000 22.67700 91.70300
30 7 21 22 54 34785.90000 42.74700000 2052.69000 121.62000 22.67700 91.70300
30 7 21 22 54 34795.70000 42.74700000 2053.57000 121.62000 22.67700 91.70300
30 7 21 22 55 34780.00000 42.74700000 2052.71000 121.62000 22.67700 91.70300
30 7 21 22 55 34775.70000 42.74700000 2052.71000 121.62000 22.67700 91.70300
30 7 21 22 56 34775.60000 42.74700000 2054.27000 121.62000 22.67700 91.70300
30 7 21 22 56 34846.50000 42.74700000 2055.38000 121.62000 22.67700 91.70300
30 7 21 22 56 34857.20000 42.74700000 2055.38000 121.72000 22.67700 91.70300
30 7 21 22 57 34878.90000 42.74700000 2057.46000 121.76000 22.67700 91.70300
30 7 21 22 57 34894.80000 42.74700000 2057.87000 121.76000 22.67700 91.70300
30 7 21 22 58 34898.90000 42.74700000 2057.87000 121.76000 22.67700 91.70300
30 7 21 22 58 34900.00000 42.74700000 2057.87000 121.72000 22.67700 91.70300
30 7 21 22 59 34900.00000 42.72100000 2057.82000 121.72000 22.67700 91.70300
30 7 21 22 59 34919.90000 42.72100000 2057.79000 121.72000 22.67700 91.70300
30 7 21 22 59 34881.60000 42.72100000 2055.68000 121.72000 22.67700 91.70300
