M=[
30 5 21 18 46 29800.10000 55.21200000 2017.20000 143.83000 23.41200 129.73800
30 5 21 18 46 29803.50000 55.21200000 2017.20000 143.83000 23.41200 129.73800
30 5 21 18 47 29807.20000 55.26900000 2017.77000 143.83000 23.41200 129.73800
30 5 21 18 47 29819.70000 55.26900000 2020.00000 143.75000 23.41200 130.15000
30 5 21 18 48 29838.70000 55.26900000 2018.71000 143.75000 23.41200 130.15000
30 5 21 18 48 29818.00000 55.26900000 2017.94000 143.78000 23.41200 130.15000
30 5 21 18 48 29804.10000 55.26900000 2017.78000 143.78000 23.41200 130.15000
30 5 21 18 49 29806.70000 55.18300000 2020.07000 143.70000 23.41200 130.15000
30 5 21 18 49 29806.70000 55.18300000 2018.48000 143.70000 23.41200 130.15000
30 5 21 18 50 29800.10000 55.18300000 2018.71000 143.70000 23.41200 129.71400
30 5 21 18 50 29778.50000 54.94100000 2019.08000 143.70000 23.41200 129.71400
30 5 21 18 51 29772.80000 54.92600000 2019.72000 143.91000 23.41200 129.71400
30 5 21 18 51 29773.10000 54.92600000 2019.86000 143.91000 23.41200 129.71400
30 5 21 18 51 29784.60000 54.97700000 2020.98000 143.78000 23.41200 130.15000
30 5 21 18 52 29795.50000 55.03300000 2025.00000 143.84000 23.41200 130.15000
30 5 21 18 52 29802.20000 55.06800000 2030.00000 143.84000 23.41200 130.15000
30 5 21 18 53 29815.40000 55.06800000 2030.00000 144.00000 23.41200 131.03600
30 5 21 18 53 29793.90000 55.06800000 2030.00000 144.00000 23.41200 131.03600
30 5 21 18 54 29783.20000 55.06800000 2028.86000 144.10000 23.41200 131.03600
30 5 21 18 54 29788.60000 55.06800000 2029.20000 144.10000 23.41200 131.03600
30 5 21 18 54 29789.50000 55.06800000 2029.20000 144.25000 23.41200 131.03600
30 5 21 18 55 29789.10000 55.06800000 2028.99000 144.35000 23.41200 131.03600
30 5 21 18 55 29772.70000 55.06800000 2026.99000 144.35000 23.41200 131.03600
30 5 21 18 56 29763.70000 55.06800000 2025.25000 144.35000 23.41200 131.03600
30 5 21 18 56 29772.00000 54.92100000 2026.05000 144.07000 23.41200 131.03600
30 5 21 18 57 29765.10000 54.96000000 2025.62000 144.06000 23.41200 129.87300
30 5 21 18 57 29772.50000 55.10100000 2026.59000 144.06000 23.41200 129.87300
30 5 21 18 57 29786.60000 55.13500000 2027.78000 144.28000 23.41200 129.87300
30 5 21 18 58 29791.00000 55.13500000 2027.05000 144.28000 23.41200 129.87300
30 5 21 18 58 29794.00000 55.13500000 2025.00000 144.28000 23.41200 129.87300
30 5 21 18 59 29799.40000 55.13500000 2025.62000 144.28000 23.41200 129.87300
30 5 21 18 59 29799.40000 55.13500000 2025.01000 144.28000 23.41200 129.87300
30 5 21 19 00 29799.90000 55.13500000 2025.39000 144.31000 23.41200 129.87300
30 5 21 19 00 29849.00000 55.13500000 2026.99000 144.31000 23.41200 129.87300
30 5 21 19 00 29849.10000 55.13500000 2025.03000 144.31000 23.41200 129.87300
30 5 21 19 01 29809.50000 55.13500000 2025.00000 144.18000 23.41200 129.87300
30 5 21 19 01 29800.10000 55.13500000 2021.93000 144.18000 23.41200 129.87300
30 5 21 19 02 29801.10000 55.13500000 2021.95000 144.18000 23.41200 129.87300
30 5 21 19 02 29779.20000 55.13500000 2021.89000 144.18000 23.41200 129.87300
30 5 21 19 03 29800.00000 55.18100000 2020.01000 144.18000 23.41200 129.87300
30 5 21 19 03 29788.00000 55.18100000 2019.60000 144.16000 23.41200 129.87300
30 5 21 19 03 29784.20000 55.18100000 2020.12000 144.15000 23.41200 129.87300
30 5 21 19 04 29786.50000 55.18300000 2019.21000 144.15000 23.41200 129.87300
30 5 21 19 04 29782.90000 55.18300000 2020.58000 144.15000 23.41200 129.87300
30 5 21 19 05 29788.30000 55.49900000 2020.78000 144.10000 23.41200 129.87300
30 5 21 19 05 29795.60000 55.59900000 2021.46000 144.12000 23.41200 129.87300
30 5 21 19 06 29801.20000 55.63500000 2022.01000 144.13000 23.41200 129.87300
30 5 21 19 06 29804.40000 55.63500000 2024.44000 144.13000 23.41200 129.87300
30 5 21 19 06 29813.30000 55.63500000 2026.86000 144.15000 23.41200 129.87300
30 5 21 19 07 29808.10000 55.63500000 2027.00000 144.21000 23.41200 129.87300
30 5 21 19 07 29808.10000 55.75300000 2027.81000 144.21000 23.41200 129.87300
30 5 21 19 08 29808.10000 55.75300000 2026.13000 144.12000 23.41200 129.87300
30 5 21 19 08 29808.00000 55.75300000 2025.44000 144.06000 23.41200 129.87300
30 5 21 19 09 29808.10000 55.75300000 2023.96000 144.05000 23.41200 129.87300
30 5 21 19 09 29807.90000 55.75300000 2024.18000 144.05000 23.41200 129.87300
30 5 21 19 09 29807.90000 55.69700000 2025.34000 144.05000 23.41200 129.87300
30 5 21 19 10 29808.10000 55.68000000 2025.93000 144.38000 23.41200 129.87300
30 5 21 19 10 29829.90000 55.68000000 2025.70000 144.42000 23.41200 129.87300
30 5 21 19 11 29837.80000 55.68000000 2026.23000 144.42000 23.41200 129.87300
30 5 21 19 11 29837.90000 55.68000000 2027.12000 144.40000 23.41200 130.13000
30 5 21 19 12 29838.00000 55.68000000 2027.09000 144.40000 23.41200 130.13000
30 5 21 19 12 29863.00000 55.68000000 2027.31000 144.40000 23.41200 130.13000
30 5 21 19 12 29874.60000 55.68000000 2027.64000 144.42000 23.41200 130.13000
30 5 21 19 13 29872.40000 55.68000000 2026.33000 144.42000 23.41200 130.13000
30 5 21 19 13 29880.60000 55.68000000 2028.30000 144.42000 23.41200 130.13000
30 5 21 19 14 29882.50000 55.36200000 2029.69000 144.38000 23.41200 130.13000
30 5 21 19 14 29882.50000 55.36800000 2030.00000 144.38000 23.41200 130.13000
30 5 21 19 15 29870.00000 55.36800000 2028.60000 144.32000 23.41200 130.13000
30 5 21 19 15 29870.10000 55.36800000 2029.64000 144.31000 23.41200 130.13000
30 5 21 19 15 29859.50000 55.36800000 2028.66000 144.31000 23.41200 130.13000
30 5 21 19 16 29825.00000 55.36800000 2025.67000 144.31000 23.41200 130.13000
30 5 21 19 16 29825.10000 55.36800000 2025.06000 144.32000 23.41200 130.13000
30 5 21 19 17 29815.20000 55.36800000 2024.98000 144.33000 23.41200 130.13000
30 5 21 19 17 29815.60000 55.40000000 2024.41000 144.58000 23.41200 130.13000
30 5 21 19 18 29811.60000 55.40000000 2025.56000 144.58000 23.41200 129.92800
30 5 21 19 18 29806.60000 55.38900000 2025.20000 144.38000 23.41200 129.92800
30 5 21 19 18 29781.10000 55.26900000 2022.54000 144.38000 23.41200 129.92800
30 5 21 19 19 29750.00000 55.27000000 2020.05000 144.38000 23.41200 129.92800
30 5 21 19 19 29735.10000 55.27000000 2017.17000 144.38000 23.41200 129.92800
30 5 21 19 20 29764.00000 55.27000000 2019.76000 144.38000 23.41200 129.92800
30 5 21 19 20 29767.70000 55.27000000 2019.76000 144.08000 23.41200 129.92800
30 5 21 19 21 29757.80000 55.27000000 2020.70000 144.08000 23.41200 129.92800
30 5 21 19 21 29788.30000 55.27000000 2023.62000 144.05000 23.41200 129.92800
30 5 21 19 21 29771.60000 55.40000000 2024.02000 144.05000 23.41200 129.92800
30 5 21 19 22 29757.30000 55.40000000 2021.00000 144.05000 23.41200 129.92800
30 5 21 19 22 29761.60000 55.40000000 2022.89000 144.05000 23.41200 129.92800
30 5 21 19 23 29775.10000 55.40000000 2021.16000 144.05000 23.41200 129.71800
30 5 21 19 23 29773.80000 55.40000000 2022.55000 144.05000 23.41200 129.71800
30 5 21 19 24 29793.00000 55.40000000 2024.34000 144.12000 23.41200 129.71800
30 5 21 19 24 29789.20000 55.40000000 2023.51000 144.12000 23.41200 129.71800
30 5 21 19 25 29786.00000 55.40000000 2022.86000 144.12000 23.41200 129.71800
30 5 21 19 25 29788.90000 55.40000000 2022.29000 144.02000 23.41200 129.71800
30 5 21 19 25 29788.90000 55.40000000 2025.00000 144.27000 23.41200 129.71800
30 5 21 19 26 29804.80000 55.40000000 2024.99000 144.53000 23.41200 129.71800
30 5 21 19 26 29810.80000 55.40000000 2022.97000 144.40000 23.41200 129.71800
30 5 21 19 27 29815.00000 55.40000000 2022.61000 144.40000 23.41200 129.71800
30 5 21 19 27 29798.80000 55.40000000 2021.40000 144.53000 23.41200 129.71800
30 5 21 19 27 29810.50000 55.40000000 2019.10000 144.53000 23.41200 129.71800
30 5 21 19 28 29808.60000 55.40000000 2015.93000 144.26000 23.41200 129.88700
30 5 21 19 28 29810.00000 55.40000000 2020.11000 144.26000 23.41200 129.88700
30 5 21 19 29 29810.00000 55.40000000 2020.51000 144.53000 23.41200 129.88700
30 5 21 19 29 29822.00000 55.40000000 2021.73000 144.51000 23.41200 129.88700
