M=[
22 1 21 08 21 25213.80000 5.78900000 930.48000 110.60000 16.27200 67.39700
22 1 21 08 22 25260.20000 5.78900000 932.75000 110.68000 16.23900 67.39700
22 1 21 08 22 25318.60000 5.78900000 935.10000 110.68000 16.23900 67.39700
22 1 21 08 23 25315.50000 5.78900000 934.46000 111.22000 16.23900 67.39700
22 1 21 08 23 25325.90000 5.78900000 936.53000 111.22000 16.20200 67.67200
22 1 21 08 23 25282.30000 5.78900000 934.46000 111.12000 16.20200 67.67200
22 1 21 08 24 25312.00000 5.78900000 936.24000 111.31000 16.20200 67.67200
22 1 21 08 24 25303.60000 5.78900000 935.62000 111.53000 16.20200 67.67200
22 1 21 08 25 25337.50000 5.78900000 936.75000 111.47000 16.20200 67.67200
22 1 21 08 25 25337.10000 5.78900000 938.11000 111.53000 16.03900 67.67200
22 1 21 08 26 25358.10000 5.78900000 939.53000 111.60000 16.03900 67.71700
22 1 21 08 26 25311.20000 5.78900000 938.00000 111.57000 16.03900 67.71700
22 1 21 08 26 25318.50000 5.78900000 937.29000 111.57000 16.03900 67.71700
22 1 21 08 27 25303.40000 5.78900000 934.52000 111.57000 16.19300 67.71700
22 1 21 08 27 25340.30000 5.78900000 937.35000 111.57000 16.19300 67.71700
22 1 21 08 28 25343.90000 5.78900000 938.00000 111.57000 16.19300 67.71700
22 1 21 08 28 25362.40000 5.78900000 936.56000 111.71000 16.19300 67.71700
22 1 21 08 29 25334.20000 5.78900000 935.55000 111.43000 16.19300 67.71700
22 1 21 08 29 25438.50000 5.78900000 938.33000 111.70000 16.19300 67.71700
22 1 21 08 29 25420.40000 5.78900000 937.73000 111.74000 16.19300 67.71700
22 1 21 08 30 25410.80000 5.78900000 938.94000 111.83000 16.19300 67.71700
22 1 21 08 30 25397.40000 5.78900000 938.37000 111.83000 16.19300 67.71700
22 1 21 08 31 25376.00000 5.78900000 938.45000 111.54000 16.19300 67.71700
22 1 21 08 31 25380.00000 5.78900000 937.16000 111.49000 16.19300 67.80000
22 1 21 08 32 25379.60000 5.79500000 937.56000 111.65000 16.19300 67.65900
22 1 21 08 32 25380.60000 5.79700000 938.25000 111.88000 16.19300 67.65900
22 1 21 08 32 25402.40000 5.79700000 940.51000 111.87000 16.19300 67.65900
22 1 21 08 33 25438.90000 5.79700000 941.31000 112.13000 16.19300 67.97700
22 1 21 08 33 25488.30000 5.79700000 944.00000 112.27000 16.19300 67.97700
22 1 21 08 34 25493.30000 5.79700000 944.29000 112.34000 16.19300 67.97700
22 1 21 08 34 25525.10000 5.79700000 944.52000 112.22000 16.19300 67.97700
22 1 21 08 35 25527.00000 5.79700000 944.60000 112.22000 16.19300 67.97700
22 1 21 08 35 25525.00000 5.79700000 944.58000 112.39000 16.19300 67.97700
22 1 21 08 35 25500.20000 5.79700000 944.64000 112.39000 16.19300 67.97700
22 1 21 08 36 25515.70000 5.79700000 946.83000 112.50000 16.19300 68.01100
22 1 21 08 36 25500.00000 5.79700000 947.12000 112.89000 16.19300 68.01100
22 1 21 08 37 25500.00000 5.79700000 947.87000 112.91000 16.19300 68.01100
22 1 21 08 37 25441.10000 5.79700000 945.72000 112.61000 16.19300 68.01100
22 1 21 08 38 25430.10000 5.79700000 945.51000 112.61000 16.19300 68.01100
22 1 21 08 38 25445.30000 5.79700000 946.39000 112.65000 16.19300 68.01100
22 1 21 08 38 25448.00000 5.79700000 945.89000 112.58000 16.19300 68.01100
22 1 21 08 39 25463.60000 5.79700000 947.00000 112.80000 16.19300 68.06000
22 1 21 08 39 25451.50000 5.79700000 945.27000 112.77000 16.19300 68.06000
22 1 21 08 40 25451.00000 5.79700000 945.36000 112.75000 16.19300 68.11400
22 1 21 08 40 25400.00000 5.79700000 944.00000 112.61000 16.19300 68.11400
22 1 21 08 41 25389.50000 5.79700000 943.20000 112.56000 16.19300 68.11400
22 1 21 08 41 25396.40000 5.79700000 943.34000 112.60000 16.19300 68.11400
22 1 21 08 41 25385.00000 5.79700000 942.59000 112.52000 16.19300 68.11400
22 1 21 08 42 25399.90000 5.79700000 943.24000 112.50000 16.19300 68.03700
22 1 21 08 42 25388.00000 5.79700000 943.19000 112.81000 16.19300 68.03700
22 1 21 08 43 25387.80000 5.79700000 943.38000 112.81000 16.19300 67.99700
22 1 21 08 43 25400.00000 5.79700000 943.50000 112.78000 16.19300 67.99700
22 1 21 08 44 25388.10000 5.79700000 942.07000 112.69000 16.19300 67.99700
22 1 21 08 44 25443.00000 5.84800000 945.26000 112.84000 16.19300 67.99700
22 1 21 08 44 25447.40000 5.84800000 945.74000 112.83000 16.19300 67.99700
22 1 21 08 45 25469.70000 5.84800000 945.92000 112.77000 16.19300 67.99700
22 1 21 08 45 25487.80000 5.84800000 946.98000 112.67000 16.19300 67.99700
22 1 21 08 46 25484.90000 5.84800000 946.99000 112.67000 16.19300 68.07900
22 1 21 08 46 25467.80000 5.84300000 944.56000 112.67000 16.19300 68.07900
22 1 21 08 47 25445.10000 5.84300000 945.20000 112.79000 16.19300 68.12000
22 1 21 08 47 25419.70000 5.84300000 944.00000 112.74000 16.19300 68.12000
22 1 21 08 47 25413.10000 5.84300000 943.10000 112.60000 16.19300 68.12000
22 1 21 08 48 25389.30000 5.84400000 943.39000 112.60000 16.19300 68.12000
22 1 21 08 48 25354.70000 5.84100000 942.74000 112.59000 16.19300 68.12000
22 1 21 08 49 25301.90000 5.84100000 940.87000 112.57000 16.19300 68.12000
22 1 21 08 49 25220.50000 5.84100000 938.53000 112.26000 16.28100 68.12000
22 1 21 08 50 25283.90000 5.84100000 938.90000 112.26000 16.28100 68.12000
22 1 21 08 50 25323.10000 5.84100000 941.12000 112.13000 16.29800 68.12000
22 1 21 08 50 25324.00000 5.84100000 943.01000 112.55000 16.29800 68.20500
22 1 21 08 51 25390.50000 5.84100000 944.82000 112.84000 16.29800 68.20500
22 1 21 08 51 25468.60000 5.84100000 947.41000 113.09000 16.29800 68.47600
22 1 21 08 52 25588.50000 5.84100000 948.46000 113.29000 16.29800 68.47600
22 1 21 08 52 25673.90000 5.86100000 951.59000 113.55000 16.29800 68.68100
22 1 21 08 53 25683.10000 5.86900000 951.27000 113.37000 16.29900 68.68100
22 1 21 08 53 25750.00000 5.88300000 953.54000 113.67000 16.29900 68.78000
22 1 21 08 53 25780.50000 5.88300000 954.80000 113.95000 16.29900 68.78000
22 1 21 08 54 25754.60000 5.87800000 953.68000 113.99000 16.29900 68.78000
22 1 21 08 54 25762.10000 5.87800000 952.90000 114.00000 16.29900 68.78000
22 1 21 08 55 25798.90000 5.87800000 954.17000 114.00000 16.29900 68.78000
22 1 21 08 55 25811.70000 5.87800000 956.07000 114.00000 16.29900 68.78000
22 1 21 08 56 25792.50000 5.87800000 955.24000 114.09000 16.29900 68.78000
22 1 21 08 56 25866.00000 5.87900000 957.49000 114.08000 16.29900 68.78000
22 1 21 08 56 25928.60000 5.87900000 958.34000 114.45000 16.29900 68.78000
22 1 21 08 57 25920.50000 5.87900000 957.27000 114.69000 16.29900 68.78000
22 1 21 08 57 25889.60000 5.87900000 955.25000 114.29000 16.29900 68.78000
22 1 21 08 58 25889.80000 5.87900000 955.48000 114.03000 16.29900 68.92300
22 1 21 08 58 25912.80000 5.87900000 955.84000 114.27000 16.29900 69.02700
22 1 21 08 59 25873.20000 5.87900000 955.15000 114.03000 16.29900 69.02700
22 1 21 08 59 25872.50000 5.87600000 956.00000 114.10000 16.29900 69.02700
22 1 21 08 59 25896.10000 5.87600000 956.95000 114.24000 16.29900 69.02700
22 1 21 09 00 25939.90000 5.87600000 959.38000 114.51000 16.29900 69.02700
22 1 21 09 00 26023.70000 5.87600000 961.49000 114.80000 16.29900 69.23500
22 1 21 09 01 26006.90000 5.87600000 960.41000 114.71000 16.29900 69.23500
22 1 21 09 01 26021.40000 5.87600000 961.19000 114.72000 16.30000 69.23500
22 1 21 09 02 26001.70000 5.87600000 959.79000 114.70000 16.30000 69.23500
22 1 21 09 02 26000.10000 5.87600000 960.56000 114.63000 16.30000 69.27000
22 1 21 09 02 26000.00000 5.87600000 960.56000 114.67000 16.30000 69.27000
22 1 21 09 03 26000.10000 5.87600000 960.86000 114.72000 16.30000 69.27000
22 1 21 09 03 26000.10000 5.87600000 960.82000 114.72000 16.30000 69.27000
22 1 21 09 04 26000.00000 5.87600000 960.81000 114.68000 16.30000 69.27000
22 1 21 09 04 25982.70000 5.87600000 958.98000 114.70000 16.32400 69.23000
22 1 21 09 05 25991.80000 5.87600000 959.81000 114.70000 16.32400 69.23000
22 1 21 09 05 25966.20000 5.87600000 958.54000 114.36000 16.36200 69.23000
22 1 21 09 05 25968.60000 5.87600000 958.09000 114.32000 16.36200 69.23000
22 1 21 09 06 25984.40000 5.87600000 958.63000 114.25000 16.36200 69.23000
22 1 21 09 06 25999.30000 5.87600000 957.76000 114.25000 16.36200 69.23000
