M=[
 6 1 21 05 14 28698.60000 5.88000000 909.51000 132.72000 15.15700 49.14000
 6 1 21 05 15 28681.50000 5.88000000 909.54000 132.83000 15.15700 49.14000
 6 1 21 05 15 28700.00000 5.88000000 909.59000 132.83000 15.15700 49.14000
 6 1 21 05 15 28747.40000 5.88000000 911.30000 132.93000 15.15700 49.14000
 6 1 21 05 16 28731.00000 5.88000000 908.61000 133.02000 15.15700 49.14000
 6 1 21 05 16 28716.60000 5.88000000 908.87000 133.02000 15.15700 49.14000
 6 1 21 05 17 28662.50000 5.88000000 906.28000 132.63000 15.15700 49.14000
 6 1 21 05 17 28596.20000 5.88000000 905.46000 132.63000 15.15700 49.14000
 6 1 21 05 18 28617.80000 5.88000000 905.86000 132.63000 15.15700 49.14000
 6 1 21 05 18 28597.40000 5.88000000 905.51000 132.60000 15.15700 49.14000
 6 1 21 05 18 28579.20000 5.88000000 905.81000 132.60000 15.15700 49.14000
 6 1 21 05 19 28550.10000 5.88000000 902.57000 132.35000 15.15700 48.94600
 6 1 21 05 19 28633.50000 5.88000000 905.10000 132.43000 15.15700 48.94600
 6 1 21 05 20 28594.40000 5.88000000 902.30000 132.30000 15.15700 49.04100
 6 1 21 05 20 28560.00000 5.88000000 900.79000 132.16000 15.15700 49.04100
 6 1 21 05 21 28570.70000 5.88000000 901.09000 132.16000 15.15700 49.04100
 6 1 21 05 21 28563.50000 5.88000000 900.33000 132.08000 15.15700 49.04100
 6 1 21 05 21 28549.80000 5.88000000 900.86000 132.07000 15.15700 49.04100
 6 1 21 05 22 28585.70000 5.88000000 901.41000 132.07000 15.15700 48.94900
 6 1 21 05 22 28635.10000 5.88000000 903.20000 132.08000 15.15700 48.94900
 6 1 21 05 23 28664.70000 5.88000000 904.16000 132.08000 15.15700 48.89600
 6 1 21 05 23 28621.90000 5.88000000 903.01000 132.21000 15.15700 48.89600
 6 1 21 05 24 28622.10000 5.88000000 903.45000 132.33000 15.15700 48.89600
 6 1 21 05 24 28646.40000 5.88000000 903.99000 132.33000 15.15700 48.89600
 6 1 21 05 24 28633.50000 5.88000000 904.00000 132.33000 15.15700 48.89600
 6 1 21 05 25 28622.00000 5.86100000 902.77000 132.15000 15.15700 48.89600
 6 1 21 05 25 28597.00000 5.84400000 902.84000 132.23000 15.15700 48.89600
 6 1 21 05 26 28611.30000 5.84400000 904.66000 132.23000 15.15700 48.92600
 6 1 21 05 26 28674.40000 5.84400000 905.39000 132.42000 15.15700 48.92600
 6 1 21 05 27 28682.50000 5.84400000 905.32000 132.42000 15.15700 48.92600
 6 1 21 05 27 28685.80000 5.84400000 905.40000 132.37000 15.15700 48.92600
 6 1 21 05 27 28671.70000 5.84400000 905.32000 132.44000 15.15700 48.92600
 6 1 21 05 28 28667.30000 5.84400000 905.04000 132.44000 15.15700 48.99200
 6 1 21 05 28 28695.80000 5.84400000 906.66000 132.50000 15.15700 48.99200
 6 1 21 05 29 28672.90000 5.84400000 906.72000 132.31000 15.15700 48.99200
 6 1 21 05 29 28657.90000 5.84400000 903.81000 132.17000 15.15700 48.99200
 6 1 21 05 30 28600.70000 5.84400000 901.89000 131.99000 15.15700 48.99200
 6 1 21 05 30 28630.50000 5.84400000 903.18000 132.01000 15.15700 48.99200
 6 1 21 05 30 28664.30000 5.84400000 903.66000 132.13000 15.15700 48.99200
 6 1 21 05 31 28686.40000 5.84400000 906.47000 132.17000 15.15700 48.99200
 6 1 21 05 31 28654.80000 5.84400000 906.36000 132.17000 15.15700 48.99200
 6 1 21 05 32 28650.90000 5.84400000 904.74000 132.17000 15.15700 48.99200
 6 1 21 05 32 28674.50000 5.84400000 906.93000 132.19000 15.15700 48.99200
 6 1 21 05 33 28661.20000 5.84400000 907.51000 132.27000 15.15700 48.99200
 6 1 21 05 33 28674.20000 5.84400000 907.74000 132.50000 15.16000 48.99200
 6 1 21 05 33 28653.60000 5.84400000 907.17000 132.50000 15.16000 48.99200
 6 1 21 05 34 28596.30000 5.84400000 905.90000 132.38000 15.16000 48.99200
 6 1 21 05 34 28573.30000 5.84400000 905.05000 132.38000 15.16000 48.99200
 6 1 21 05 35 28574.00000 5.84400000 905.81000 132.38000 15.16000 48.99200
 6 1 21 05 35 28545.30000 5.84400000 904.04000 132.32000 15.16000 48.99200
 6 1 21 05 36 28565.30000 5.84400000 903.83000 132.23000 15.16000 48.99200
 6 1 21 05 36 28569.60000 5.84400000 904.69000 132.25000 15.16000 48.99200
 6 1 21 05 36 28556.90000 5.84400000 903.64000 132.18000 15.16000 48.99200
 6 1 21 05 37 28548.00000 5.87300000 903.14000 132.18000 15.16000 48.99200
 6 1 21 05 37 28532.20000 5.87300000 903.30000 132.18000 15.16000 48.91200
 6 1 21 05 38 28540.00000 5.87300000 904.50000 132.23000 15.16000 48.91200
 6 1 21 05 38 28539.90000 5.87300000 903.45000 132.23000 15.16000 48.91200
 6 1 21 05 39 28502.50000 5.87300000 903.45000 132.23000 15.16000 48.90300
 6 1 21 05 39 28485.20000 5.87300000 901.75000 132.17000 15.16000 48.90300
 6 1 21 05 39 28461.20000 5.87300000 901.31000 132.10000 15.16000 48.90300
 6 1 21 05 40 28460.00000 5.87300000 900.57000 132.09000 15.16000 48.85100
 6 1 21 05 40 28370.00000 5.83800000 895.51000 131.41000 15.16000 48.85100
 6 1 21 05 41 28297.60000 5.83800000 893.13000 131.20000 15.16000 48.85100
 6 1 21 05 41 28292.40000 5.81500000 891.86000 131.13000 15.16000 48.85100
 6 1 21 05 42 28383.50000 5.81500000 893.19000 131.15000 15.16000 48.72100
 6 1 21 05 42 28322.20000 5.81500000 890.28000 130.79000 15.16000 48.70100
 6 1 21 05 42 28259.20000 5.79400000 890.07000 130.79000 15.16000 48.70100
 6 1 21 05 43 28318.90000 5.79400000 891.95000 130.84000 15.16000 48.73900
 6 1 21 05 43 28300.50000 5.79400000 890.12000 130.84000 15.16000 48.73900
 6 1 21 05 44 28300.50000 5.79400000 891.02000 130.82000 15.16000 48.73900
 6 1 21 05 44 28233.00000 5.79400000 887.23000 130.61000 15.16000 48.73900
 6 1 21 05 45 28248.00000 5.79200000 887.07000 129.95000 15.16000 48.73900
 6 1 21 05 45 28218.20000 5.78100000 889.41000 130.40000 15.16000 48.73900
 6 1 21 05 45 28262.50000 5.78100000 890.82000 130.53000 15.16000 48.73900
 6 1 21 05 46 28257.60000 5.78100000 890.81000 130.50000 15.16000 48.73900
 6 1 21 05 46 28300.00000 5.78100000 892.00000 130.50000 15.16000 48.73900
 6 1 21 05 47 28205.90000 5.78100000 890.00000 130.61000 15.16000 48.73900
 6 1 21 05 47 28297.10000 5.78100000 892.00000 130.72000 15.16000 48.73900
 6 1 21 05 48 28312.70000 5.78100000 893.00000 130.73000 15.16000 48.73900
 6 1 21 05 48 28363.50000 5.78100000 892.38000 130.69000 15.16000 48.58000
 6 1 21 05 48 28371.70000 5.79600000 894.60000 130.92000 15.16000 48.58000
 6 1 21 05 49 28445.00000 5.79600000 894.16000 130.92000 15.16000 48.58000
 6 1 21 05 49 28410.80000 5.79600000 894.22000 130.97000 15.16000 48.58000
 6 1 21 05 50 28405.50000 5.79600000 894.17000 130.94000 15.16000 48.64800
 6 1 21 05 50 28430.00000 5.79600000 892.96000 130.92000 15.16000 48.64800
 6 1 21 05 51 28395.30000 5.79600000 893.85000 130.95000 15.16000 48.64800
 6 1 21 05 51 28365.70000 5.79600000 891.90000 130.95000 15.16000 48.64800
 6 1 21 05 51 28350.60000 5.79600000 891.07000 130.91000 15.16000 48.64800
 6 1 21 05 52 28376.20000 5.79600000 892.68000 130.88000 15.16000 48.64800
 6 1 21 05 52 28357.80000 5.79600000 891.93000 130.80000 15.16000 48.64800
 6 1 21 05 53 28363.90000 5.79600000 892.71000 130.93000 15.16000 48.64800
 6 1 21 05 53 28366.10000 5.79600000 890.85000 130.93000 15.16000 48.64800
 6 1 21 05 54 28362.70000 5.79600000 890.55000 130.78000 15.16000 48.64800
 6 1 21 05 54 28335.80000 5.79600000 890.54000 130.78000 15.16000 48.64800
 6 1 21 05 54 28363.20000 5.79600000 890.54000 130.78000 15.16000 48.70400
 6 1 21 05 55 28386.70000 5.79600000 893.24000 131.05000 15.16000 48.70400
 6 1 21 05 55 28400.00000 5.79600000 894.55000 131.05000 15.16000 48.70400
 6 1 21 05 56 28381.30000 5.79600000 893.92000 131.05000 15.16000 48.70400
 6 1 21 05 56 28395.10000 5.79600000 892.97000 131.05000 15.16000 48.74100
 6 1 21 05 57 28400.00000 5.79600000 893.57000 131.05000 15.16000 48.74100
 6 1 21 05 57 28400.00000 5.79600000 894.85000 131.05000 15.16000 48.74100
 6 1 21 05 57 28410.00000 5.79600000 895.00000 131.05000 15.16700 48.74100
 6 1 21 05 58 28409.90000 5.79600000 896.55000 131.01000 15.16700 48.74100
 6 1 21 05 58 28410.00000 5.79600000 897.10000 131.12000 15.16700 48.74100
 6 1 21 05 59 28410.00000 5.79600000 897.10000 131.12000 15.16700 48.81100
 6 1 21 05 59 28410.00000 5.79600000 896.45000 131.12000 15.17600 48.81100
