M=[
15 12 20 12 32 15932.00000 5.01700000 484.17000 67.91000 13.90300 55.92700
15 12 20 12 33 15932.00000 5.01700000 484.01000 67.87000 13.90300 55.92700
15 12 20 12 33 15932.00000 5.01700000 484.01000 67.87000 13.90300 55.92700
15 12 20 12 34 15932.00000 5.01700000 484.00000 67.85000 13.90300 55.97700
15 12 20 12 34 15932.10000 5.01700000 483.75000 67.84000 13.90300 55.97700
15 12 20 12 34 15930.10000 5.01700000 483.54000 67.75000 13.90300 55.91500
15 12 20 12 35 15924.00000 5.01700000 483.20000 67.74000 13.90300 55.91500
15 12 20 12 35 15924.00000 5.01700000 483.20000 67.74000 13.90300 55.91500
15 12 20 12 36 15924.00000 5.01700000 483.41000 67.75000 13.90300 55.91500
15 12 20 12 36 15924.00000 5.01700000 483.31000 67.75000 13.90300 55.91500
15 12 20 12 37 15924.10000 5.01300000 483.16000 67.75000 13.90300 55.91500
15 12 20 12 37 15924.10000 5.01300000 482.99000 67.75000 13.90300 55.91500
15 12 20 12 37 15924.10000 5.01300000 483.00000 67.74000 13.90300 55.91500
15 12 20 12 38 15924.00000 5.01300000 483.00000 67.64000 13.90300 55.91500
15 12 20 12 38 15924.10000 5.01300000 482.79000 67.64000 13.90300 55.91500
15 12 20 12 39 15919.30000 5.01300000 482.82000 67.64000 13.90300 55.91500
15 12 20 12 39 15906.20000 5.01300000 482.80000 67.64000 13.90300 55.91500
15 12 20 12 40 15906.30000 5.01300000 482.79000 67.64000 13.90300 55.91500
15 12 20 12 40 15912.10000 5.01300000 482.79000 67.63000 13.90300 55.83000
15 12 20 12 40 15910.10000 5.01300000 482.77000 67.55000 13.90300 55.83000
15 12 20 12 41 15905.10000 5.01300000 482.77000 67.59000 13.90300 55.83000
15 12 20 12 41 15905.00000 5.01300000 482.60000 67.56000 13.90300 55.73500
15 12 20 12 42 15902.30000 5.01300000 482.60000 67.57000 13.90300 55.73500
15 12 20 12 42 15902.30000 5.01300000 482.60000 67.53000 13.90300 55.73500
15 12 20 12 43 15900.00000 5.01300000 482.60000 67.53000 13.90300 55.73500
15 12 20 12 43 15890.20000 5.01300000 482.60000 67.46000 13.90300 55.73500
15 12 20 12 43 15894.80000 5.01300000 482.81000 67.46000 13.90300 55.73500
15 12 20 12 44 15893.60000 5.01300000 482.61000 67.51000 13.90300 55.66900
15 12 20 12 44 15890.30000 5.01300000 482.61000 67.51000 13.90300 55.66900
15 12 20 12 45 15890.30000 5.01300000 482.61000 67.48000 13.90300 55.66900
15 12 20 12 45 15890.30000 5.01300000 482.61000 67.48000 13.90300 55.66900
15 12 20 12 46 15888.00000 5.01300000 482.00000 67.48000 13.90300 55.66900
15 12 20 12 46 15880.30000 5.01300000 482.18000 67.48000 13.90300 55.66900
15 12 20 12 46 15880.30000 5.01300000 482.18000 67.48000 13.90300 55.66900
15 12 20 12 47 15880.30000 5.01300000 482.06000 67.46000 13.90300 55.66900
15 12 20 12 47 15880.00000 5.01300000 482.16000 67.46000 13.90300 55.66900
15 12 20 12 48 15873.00000 5.01300000 482.18000 67.38000 13.90300 55.66900
15 12 20 12 48 15880.30000 5.01300000 482.35000 67.50000 13.90300 55.66900
15 12 20 12 49 15883.50000 5.01300000 482.35000 67.50000 13.90300 55.66900
15 12 20 12 49 15877.30000 5.01300000 482.28000 67.47000 13.90300 55.66900
15 12 20 12 49 15884.10000 5.01300000 482.28000 67.42000 13.90300 55.66900
15 12 20 12 50 15882.40000 5.01300000 482.28000 67.47000 13.90300 55.66900
15 12 20 12 50 15889.40000 5.01300000 482.44000 67.47000 13.90300 55.66900
15 12 20 12 51 15887.00000 5.01300000 482.58000 67.47000 13.90300 55.66900
15 12 20 12 51 15884.40000 5.01300000 482.53000 67.47000 13.90300 55.66900
15 12 20 12 52 15884.30000 5.01300000 482.53000 67.47000 13.90300 55.66900
15 12 20 12 52 15884.40000 5.01300000 482.53000 67.47000 13.90300 55.66900
15 12 20 12 52 15884.30000 5.01300000 482.53000 67.46000 13.90300 55.66900
15 12 20 12 53 15883.00000 5.01300000 482.53000 67.30000 13.90300 55.66900
15 12 20 12 53 15884.30000 5.01300000 482.53000 67.30000 13.90300 55.66900
15 12 20 12 54 15895.00000 5.01300000 482.71000 67.45000 13.90300 55.66900
15 12 20 12 54 15894.30000 5.01300000 482.71000 67.45000 13.90300 55.66900
15 12 20 12 55 15889.60000 5.00000000 482.58000 67.45000 13.90300 55.66900
15 12 20 12 55 15889.50000 5.00000000 482.58000 67.32000 13.90300 55.66900
15 12 20 12 55 15889.50000 5.00000000 482.58000 67.32000 13.87200 55.66900
15 12 20 12 56 15889.50000 5.00000000 482.62000 67.29000 13.87200 55.66900
15 12 20 12 56 15899.30000 5.00000000 482.62000 67.29000 13.87200 55.66900
15 12 20 12 57 15905.00000 5.00000000 483.15000 67.44000 13.87200 55.66900
15 12 20 12 57 15912.20000 5.00000000 483.16000 67.45000 13.87200 55.66900
15 12 20 12 57 15912.20000 5.00000000 483.25000 67.45000 13.87200 55.66900
15 12 20 12 58 15912.20000 5.00000000 483.21000 67.45000 13.87200 55.66900
15 12 20 12 58 15912.20000 5.00000000 483.21000 67.45000 13.87200 55.66900
15 12 20 12 59 15912.20000 5.00000000 483.20000 67.36000 13.87200 55.66900
15 12 20 12 59 15912.20000 5.00000000 483.20000 67.36000 13.87200 55.66900
15 12 20 13 00 15915.70000 5.00000000 483.45000 67.36000 13.87200 55.66900
15 12 20 13 00 15920.10000 5.00000000 483.45000 67.29000 13.87200 55.66900
15 12 20 13 00 15921.10000 5.00000000 483.45000 67.36000 13.87200 55.66900
15 12 20 13 01 15924.00000 5.00000000 483.30000 67.36000 13.87200 55.66900
15 12 20 13 01 15924.10000 5.00000000 483.36000 67.36000 13.87200 55.66900
15 12 20 13 02 15923.90000 5.00000000 483.48000 67.31000 13.87200 55.66900
15 12 20 13 02 15918.20000 5.02200000 483.31000 67.29000 13.96600 55.83600
15 12 20 13 03 15910.00000 5.01600000 483.26000 67.23000 13.98200 55.79900
15 12 20 13 03 15911.80000 5.01600000 482.99000 67.23000 13.98200 55.79900
15 12 20 13 03 15910.40000 5.01600000 483.00000 67.23000 13.98200 55.79900
15 12 20 13 04 15903.40000 5.01600000 482.99000 67.19000 13.98200 55.79900
15 12 20 13 04 15905.20000 5.01600000 483.03000 67.19000 13.98200 55.79900
15 12 20 13 05 15902.10000 5.01600000 483.03000 67.12000 13.98200 55.79900
15 12 20 13 05 15900.20000 5.01600000 482.81000 67.10000 13.98200 55.79900
15 12 20 13 06 15900.20000 5.01600000 482.48000 67.06000 13.98200 55.79900
15 12 20 13 06 15900.20000 5.01600000 482.42000 67.05000 13.98200 55.79900
15 12 20 13 06 15900.20000 5.01600000 482.42000 67.05000 13.98200 55.79900
15 12 20 13 07 15900.10000 5.01600000 482.77000 67.18000 13.98200 55.79900
15 12 20 13 07 15900.10000 5.01600000 482.77000 67.18000 13.98200 55.79900
15 12 20 13 08 15900.20000 5.00000000 482.83000 67.23000 13.98200 55.79900
15 12 20 13 08 15908.80000 5.00000000 482.83000 67.23000 13.98200 55.79900
15 12 20 13 09 15925.00000 5.00000000 483.50000 67.36000 13.98200 55.79900
15 12 20 13 09 15925.00000 5.00000000 483.46000 67.36000 13.98200 55.79900
15 12 20 13 09 15925.00000 5.00000000 483.46000 67.36000 13.98200 55.79900
15 12 20 13 10 15925.00000 5.00000000 483.61000 67.36000 13.98200 55.79900
15 12 20 13 10 15926.00000 5.00000000 483.88000 67.43000 13.98200 55.79900
15 12 20 13 11 15928.10000 5.00000000 483.88000 67.43000 13.98200 55.79900
15 12 20 13 11 15928.10000 5.00000000 483.88000 67.43000 13.98200 55.79900
15 12 20 13 12 15926.00000 5.00000000 483.97000 67.43000 13.98200 55.79900
15 12 20 13 12 15921.70000 5.00000000 483.92000 67.40000 13.98200 55.79900
15 12 20 13 12 15922.20000 5.00000000 483.93000 67.40000 13.98200 55.79900
15 12 20 13 13 15922.20000 5.00000000 483.88000 67.40000 13.98200 55.79900
15 12 20 13 13 15920.10000 5.00000000 483.53000 67.36000 13.98200 55.79900
15 12 20 13 14 15918.60000 5.00000000 483.45000 67.36000 13.98200 55.79900
15 12 20 13 14 15915.00000 5.00000000 483.35000 67.36000 13.98200 55.79900
15 12 20 13 15 15912.60000 5.00000000 483.35000 67.36000 13.98200 55.79900
15 12 20 13 15 15912.20000 5.00000000 482.99000 67.34000 13.98200 55.79900
15 12 20 13 15 15910.20000 5.00000000 483.09000 67.34000 13.98200 55.79900
15 12 20 13 16 15909.10000 5.00000000 483.09000 67.22000 13.98200 55.79900
15 12 20 13 16 15915.90000 5.00000000 483.09000 67.22000 13.98200 55.79900
15 12 20 13 17 15913.90000 5.00000000 483.10000 67.27000 13.98200 55.79900
15 12 20 13 17 15909.20000 5.00000000 483.05000 67.23000 13.98200 55.79900
