M=[
28 12 20 07 22 22157.80000 4.84900000 593.46000 107.09000 14.63500 55.79900
28 12 20 07 22 22157.80000 4.84900000 591.74000 107.09000 14.63500 55.89000
28 12 20 07 22 22139.70000 4.84900000 592.43000 106.96000 14.63500 55.86000
28 12 20 07 23 22140.10000 4.84900000 592.72000 107.37000 14.63500 55.88000
28 12 20 07 23 22143.90000 4.84900000 593.20000 107.20000 14.63500 55.88000
28 12 20 07 24 22138.10000 4.84900000 593.73000 107.23000 14.63500 55.88000
28 12 20 07 24 22138.00000 4.84900000 592.28000 107.15000 14.63500 55.88000
28 12 20 07 25 22130.60000 4.84900000 592.21000 107.15000 14.63500 55.88000
28 12 20 07 25 22125.40000 4.84900000 593.08000 107.15000 14.63500 55.88000
28 12 20 07 25 22135.20000 4.84900000 593.26000 107.15000 14.63500 56.00000
28 12 20 07 26 22122.60000 4.84900000 593.59000 107.27000 14.63500 56.00000
28 12 20 07 26 22127.60000 4.84900000 594.42000 107.21000 14.63500 56.00000
28 12 20 07 27 22133.80000 4.84900000 594.03000 107.20000 14.63500 56.00000
28 12 20 07 27 22117.00000 4.84900000 594.16000 107.20000 14.63500 56.00000
28 12 20 07 28 22121.20000 4.85000000 595.00000 107.27000 14.68000 56.17000
28 12 20 07 28 22129.60000 4.86200000 595.87000 107.28000 14.68000 56.17000
28 12 20 07 28 22115.00000 4.86200000 596.98000 107.68000 14.68500 56.17000
28 12 20 07 29 22128.90000 4.86200000 597.28000 107.70000 14.68500 56.20000
28 12 20 07 29 22125.60000 4.86200000 597.47000 107.58000 14.69900 56.22900
28 12 20 07 30 22135.00000 4.86200000 596.22000 107.38000 14.69900 56.21900
28 12 20 07 30 22122.90000 4.86200000 595.60000 107.49000 14.69900 56.21900
28 12 20 07 31 22112.30000 4.86200000 595.43000 107.34000 14.69900 56.21900
28 12 20 07 31 22139.00000 4.86200000 596.15000 107.34000 14.69900 56.21900
28 12 20 07 31 22142.40000 4.86200000 596.30000 107.58000 14.69900 56.21900
28 12 20 07 32 22134.90000 4.86200000 595.67000 107.58000 14.69900 56.15400
28 12 20 07 32 22143.20000 4.86200000 597.00000 107.58000 14.69900 56.15400
28 12 20 07 33 22143.80000 4.86200000 596.23000 107.54000 14.69900 56.15400
28 12 20 07 33 22124.50000 4.86200000 595.07000 107.41000 14.69900 56.15400
28 12 20 07 34 22124.40000 4.86200000 595.06000 107.15000 14.69900 56.01700
28 12 20 07 34 22124.50000 4.86200000 594.90000 107.15000 14.69900 56.01700
28 12 20 07 34 22124.40000 4.86200000 596.00000 107.57000 14.69900 56.10100
28 12 20 07 35 22124.40000 4.86200000 596.62000 107.50000 14.63800 56.10100
28 12 20 07 35 22110.10000 4.86200000 597.21000 107.61000 14.63800 56.10100
28 12 20 07 36 22140.80000 4.86200000 598.49000 107.61000 14.63800 56.10100
28 12 20 07 36 22132.60000 4.86500000 598.70000 107.70000 14.63800 56.10100
28 12 20 07 37 22131.20000 4.86500000 599.00000 107.79000 14.63800 56.10100
28 12 20 07 37 22150.00000 4.86500000 599.98000 107.68000 14.63800 56.10100
28 12 20 07 37 22161.00000 4.86500000 600.00000 107.94000 14.63800 56.10100
28 12 20 07 38 22160.00000 4.86500000 599.98000 107.95000 14.63800 56.10100
28 12 20 07 38 22159.60000 4.86500000 600.00000 108.00000 14.63800 56.10100
28 12 20 07 39 22159.90000 4.86500000 600.50000 108.04000 14.63800 56.10100
28 12 20 07 39 22124.30000 4.86500000 599.76000 108.00000 14.63800 56.10100
28 12 20 07 40 22114.00000 4.88400000 600.01000 107.88000 14.63800 56.10100
28 12 20 07 40 22094.90000 4.87600000 598.64000 107.87000 14.63800 56.10100
28 12 20 07 40 22087.00000 4.87600000 598.16000 107.66000 14.63800 56.10100
28 12 20 07 41 22086.90000 4.87600000 599.19000 107.60000 14.63800 56.10100
28 12 20 07 41 22087.00000 4.90000000 599.30000 107.64000 14.63800 56.10100
28 12 20 07 42 22075.00000 4.90000000 598.96000 107.45000 14.63800 56.10100
28 12 20 07 42 22072.20000 4.90000000 599.42000 107.45000 14.63800 56.10100
28 12 20 07 43 22069.70000 4.90000000 599.11000 107.45000 14.63800 56.21600
28 12 20 07 43 22069.70000 4.90000000 598.61000 107.43000 14.63800 56.21600
28 12 20 07 43 22069.80000 4.90000000 598.93000 107.48000 14.63800 56.21600
28 12 20 07 44 22094.50000 4.90000000 599.20000 107.37000 14.63800 56.21600
28 12 20 07 44 22070.90000 4.90000000 598.95000 107.37000 14.63800 56.23500
28 12 20 07 45 22079.10000 4.90000000 598.77000 107.37000 14.63800 56.23500
28 12 20 07 45 22080.50000 4.90000000 598.40000 107.36000 14.63800 56.23500
28 12 20 07 46 22072.70000 4.90000000 597.80000 107.36000 14.63800 56.23500
28 12 20 07 46 22075.90000 4.90000000 598.00000 107.42000 14.63800 56.23500
28 12 20 07 46 22065.60000 4.90000000 597.04000 107.36000 14.63800 56.23500
28 12 20 07 47 22073.00000 4.90000000 597.61000 107.39000 14.63800 56.23500
28 12 20 07 47 22076.30000 4.90000000 597.64000 107.68000 14.63800 56.19800
28 12 20 07 48 22091.10000 4.90000000 597.75000 107.69000 14.63800 56.19800
28 12 20 07 48 22092.60000 4.88100000 598.09000 107.69000 14.63800 56.19800
28 12 20 07 49 22091.40000 4.88100000 598.99000 107.69000 14.63800 56.19800
28 12 20 07 49 22088.90000 4.88100000 600.51000 107.77000 14.63800 56.19800
28 12 20 07 49 22100.00000 4.90000000 601.20000 107.84000 14.63800 56.19800
28 12 20 07 50 22118.70000 4.90000000 601.98000 107.94000 14.63800 56.19800
28 12 20 07 50 22132.50000 4.90000000 602.00000 108.04000 14.63800 56.19800
28 12 20 07 51 22113.30000 4.90000000 601.98000 107.89000 14.63800 56.19800
28 12 20 07 51 22095.90000 4.90000000 600.43000 107.84000 14.63800 56.19800
28 12 20 07 52 22101.80000 4.91000000 600.72000 107.75000 14.63800 56.12300
28 12 20 07 52 22112.70000 4.91000000 600.97000 107.75000 14.60400 56.12300
28 12 20 07 52 22115.00000 4.91000000 600.42000 107.98000 14.60400 56.12300
28 12 20 07 53 22116.10000 4.91000000 601.04000 107.98000 14.60400 56.12300
28 12 20 07 53 22102.70000 4.91000000 600.53000 107.98000 14.78400 56.12300
28 12 20 07 54 22104.10000 4.91000000 600.42000 107.82000 14.71400 56.12300
28 12 20 07 54 22094.20000 4.91000000 599.67000 107.92000 14.71400 56.05500
28 12 20 07 55 22088.70000 4.91000000 599.76000 107.92000 14.71400 56.05500
28 12 20 07 55 22086.10000 4.91000000 600.27000 107.80000 14.71400 56.05500
28 12 20 07 55 22090.00000 4.91000000 599.55000 107.86000 14.71400 56.05500
28 12 20 07 56 22064.80000 4.91000000 598.17000 107.74000 14.71400 56.05500
28 12 20 07 56 22063.90000 4.91000000 598.65000 107.72000 14.72900 56.05500
28 12 20 07 57 22065.30000 4.87900000 598.62000 107.67000 14.78300 56.05500
28 12 20 07 57 22055.20000 4.87900000 598.44000 107.64000 14.78300 56.05500
28 12 20 07 58 22059.90000 4.87900000 598.53000 107.65000 14.78400 56.05500
28 12 20 07 58 22095.70000 4.87900000 599.47000 107.78000 14.78400 56.05500
28 12 20 07 58 22091.50000 4.87900000 599.87000 107.78000 14.78400 56.05500
28 12 20 07 59 22053.40000 4.91000000 599.01000 107.63000 14.78400 56.05500
28 12 20 07 59 22065.50000 4.91000000 599.37000 107.61000 14.65900 56.05500
28 12 20 08 00 22052.10000 4.91000000 599.72000 107.50000 14.65900 55.84500
28 12 20 08 00 22075.90000 4.91000000 601.99000 107.56000 14.65900 55.99000
28 12 20 08 01 22052.10000 4.91000000 600.89000 107.41000 14.65900 55.99000
28 12 20 08 01 22000.10000 4.91000000 597.41000 107.28000 14.65900 55.99000
28 12 20 08 01 21980.00000 4.91000000 595.66000 106.99000 14.65900 55.85600
28 12 20 08 02 21999.80000 4.91000000 596.33000 107.14000 14.65900 55.85600
28 12 20 08 02 22000.50000 4.91000000 595.78000 106.86000 14.65900 55.84000
28 12 20 08 03 22006.20000 4.91000000 596.16000 107.05000 14.65900 55.84000
28 12 20 08 03 21977.70000 4.91000000 595.57000 107.00000 14.65900 55.84000
28 12 20 08 04 21985.50000 4.91000000 595.99000 107.04000 14.65900 55.84000
28 12 20 08 04 21989.10000 4.91000000 596.77000 107.17000 14.75000 55.84000
28 12 20 08 04 21972.70000 4.91000000 597.00000 107.50000 14.75000 55.84000
28 12 20 08 05 22010.60000 4.91000000 598.34000 107.64000 14.74800 55.84000
28 12 20 08 05 22003.40000 4.91000000 598.77000 107.80000 14.74800 55.84000
28 12 20 08 06 22004.60000 4.91000000 600.00000 107.75000 14.74800 55.84000
28 12 20 08 06 22019.90000 4.90200000 600.44000 107.98000 14.74800 55.84000
