M=[
 7 2 21 05 08 31976.40000 6.76200000 1341.89000 125.99000 18.45600 76.30600
 7 2 21 05 08 31983.10000 6.76200000 1341.89000 125.80000 18.45600 76.30600
 7 2 21 05 09 31980.10000 6.77700000 1340.31000 125.80000 18.45600 76.30600
 7 2 21 05 09 31980.00000 6.77700000 1340.54000 125.80000 18.45600 76.30600
 7 2 21 05 10 31981.20000 6.77700000 1339.05000 125.80000 18.35100 76.30600
 7 2 21 05 10 31983.00000 6.77700000 1339.42000 125.80000 18.35100 76.30600
 7 2 21 05 11 31944.30000 6.77700000 1340.22000 125.80000 18.45900 76.30600
 7 2 21 05 11 31975.00000 6.77700000 1340.17000 125.85000 18.45900 76.30600
 7 2 21 05 11 31974.30000 6.77700000 1340.67000 125.97000 18.45900 76.30600
 7 2 21 05 12 31993.40000 6.77700000 1340.67000 125.97000 18.45900 76.17500
 7 2 21 05 12 31988.20000 6.75400000 1342.07000 125.97000 18.45900 76.17500
 7 2 21 05 13 31975.10000 6.75400000 1340.61000 125.91000 18.45900 76.17500
 7 2 21 05 13 31992.20000 6.75800000 1341.99000 125.91000 18.45900 76.17500
 7 2 21 05 14 31992.10000 6.75800000 1342.93000 125.91000 18.45900 76.17500
 7 2 21 05 14 31979.20000 6.75800000 1342.55000 125.83000 18.45900 76.17500
 7 2 21 05 14 31979.20000 6.76700000 1342.39000 125.83000 18.45900 76.17500
 7 2 21 05 15 31940.10000 6.76700000 1341.62000 125.71000 18.45900 76.17500
 7 2 21 05 15 31904.50000 6.76500000 1339.62000 125.60000 18.45900 76.17500
 7 2 21 05 16 32002.40000 6.76500000 1340.95000 125.58000 18.45900 76.17500
 7 2 21 05 16 31953.20000 6.76500000 1341.19000 125.49000 18.45900 76.17500
 7 2 21 05 17 31971.10000 6.76500000 1341.38000 125.77000 18.45900 76.17500
 7 2 21 05 17 31971.00000 6.76400000 1342.06000 125.77000 18.45900 76.17500
 7 2 21 05 17 31984.10000 6.76400000 1342.39000 125.77000 18.45900 76.17500
 7 2 21 05 18 31997.10000 6.77200000 1342.39000 125.77000 18.45900 76.17500
 7 2 21 05 18 32000.00000 6.77200000 1342.39000 125.81000 18.45900 76.17500
 7 2 21 05 19 31999.90000 6.78400000 1342.39000 125.84000 18.45900 76.17500
 7 2 21 05 19 31987.50000 7.07700000 1342.39000 125.94000 18.45900 76.17500
 7 2 21 05 20 31997.70000 7.07700000 1342.39000 125.94000 18.45900 76.17500
 7 2 21 05 20 31944.20000 6.78500000 1342.71000 125.69000 18.56800 76.17500
 7 2 21 05 20 31909.40000 6.77200000 1340.75000 125.68000 18.56800 76.17500
 7 2 21 05 21 31872.10000 6.76400000 1339.34000 125.68000 18.56800 76.17500
 7 2 21 05 21 31886.50000 6.77900000 1340.02000 125.31000 18.56800 76.17500
 7 2 21 05 22 31896.90000 6.76900000 1340.11000 125.23000 18.56800 76.17500
 7 2 21 05 22 31870.20000 6.76900000 1340.88000 125.16000 18.56800 76.17500
 7 2 21 05 23 31900.00000 6.76900000 1342.08000 125.23000 18.56800 76.17500
 7 2 21 05 23 31915.50000 6.77100000 1343.00000 125.13000 18.56800 76.17500
 7 2 21 05 23 31923.10000 6.77300000 1342.99000 125.13000 18.56800 76.17500
 7 2 21 05 24 31923.20000 6.77300000 1344.50000 125.13000 18.56800 76.17500
 7 2 21 05 24 31923.10000 6.77700000 1344.50000 125.13000 18.56800 76.17500
 7 2 21 05 25 31929.40000 6.78100000 1344.50000 125.37000 18.59500 76.17500
 7 2 21 05 25 31927.30000 6.78200000 1344.19000 125.37000 18.59500 76.17500
 7 2 21 05 26 31923.50000 6.78200000 1344.48000 125.37000 18.59500 76.17500
 7 2 21 05 26 31928.40000 6.78200000 1344.01000 125.37000 18.59500 76.17500
 7 2 21 05 26 31900.00000 6.78200000 1343.05000 125.37000 18.59500 76.04600
 7 2 21 05 27 31880.60000 6.77600000 1341.54000 125.35000 18.59500 76.04600
 7 2 21 05 27 31880.60000 6.77600000 1341.00000 125.35000 18.46100 76.04600
 7 2 21 05 28 31889.40000 6.77600000 1341.00000 125.35000 18.46100 76.04600
 7 2 21 05 28 31912.30000 6.77600000 1342.04000 125.35000 18.46100 76.04600
 7 2 21 05 29 31905.20000 6.77600000 1342.66000 125.35000 18.46100 76.04600
 7 2 21 05 29 31900.00000 6.77600000 1342.83000 125.35000 18.46100 76.04600
 7 2 21 05 29 31900.10000 6.77600000 1341.90000 125.35000 18.46100 76.04600
 7 2 21 05 30 31870.00000 6.77600000 1339.11000 124.95000 18.46100 76.04600
 7 2 21 05 30 31867.90000 6.77100000 1338.74000 124.94000 18.46100 76.04600
 7 2 21 05 31 31790.00000 6.74900000 1336.19000 124.85000 18.46100 75.78700
 7 2 21 05 31 31774.00000 6.74900000 1334.74000 124.85000 18.46100 75.78700
 7 2 21 05 32 31789.00000 6.74900000 1336.54000 124.59000 18.46100 75.69700
 7 2 21 05 32 31784.20000 6.74000000 1334.63000 124.59000 18.46100 75.69700
 7 2 21 05 32 31782.40000 6.74000000 1334.91000 124.53000 18.46100 75.69700
 7 2 21 05 33 31793.60000 6.75000000 1334.90000 124.53000 18.46100 75.69700
 7 2 21 05 33 31775.40000 6.75000000 1333.10000 124.53000 18.46100 75.69700
 7 2 21 05 34 31770.60000 6.75000000 1333.01000 124.54000 18.46100 75.69700
 7 2 21 05 34 31784.00000 6.75000000 1334.55000 124.54000 18.46100 75.69700
 7 2 21 05 35 31783.90000 6.75000000 1334.91000 124.49000 18.46100 75.69700
 7 2 21 05 35 31793.60000 6.75000000 1335.82000 124.49000 18.46100 75.69700
 7 2 21 05 35 31813.70000 6.75000000 1337.32000 124.49000 18.46100 75.69700
 7 2 21 05 36 31811.10000 6.75000000 1336.76000 124.49000 18.46100 75.69700
 7 2 21 05 36 31813.00000 6.75000000 1336.81000 124.51000 18.46100 75.69700
 7 2 21 05 37 31845.20000 6.75000000 1339.51000 124.51000 18.46100 75.69700
 7 2 21 05 37 31836.80000 6.75000000 1340.21000 124.51000 18.46100 75.69700
 7 2 21 05 38 31855.90000 6.75000000 1340.58000 124.71000 18.46100 75.69700
 7 2 21 05 38 31860.50000 6.75000000 1340.58000 124.88000 18.46100 75.69700
 7 2 21 05 38 31880.40000 6.75000000 1339.90000 124.88000 18.46100 75.69700
 7 2 21 05 39 31959.20000 6.75000000 1341.98000 125.18000 18.46100 75.69700
 7 2 21 05 39 31999.90000 6.76800000 1342.29000 125.18000 18.46100 75.69700
 7 2 21 05 40 31992.30000 6.76800000 1343.35000 125.18000 18.46100 75.69700
 7 2 21 05 40 31985.20000 6.76800000 1343.58000 125.46000 18.46100 75.69700
 7 2 21 05 41 31965.20000 6.78800000 1343.01000 125.46000 18.46100 75.69700
 7 2 21 05 41 32000.00000 6.78800000 1343.65000 125.46000 18.46100 75.69700
 7 2 21 05 41 32000.00000 6.78800000 1343.53000 125.46000 18.46100 75.69700
 7 2 21 05 42 32003.80000 6.80300000 1343.52000 125.35000 18.46100 75.69700
 7 2 21 05 42 32020.30000 6.80300000 1343.56000 125.36000 18.46100 75.69700
 7 2 21 05 43 32020.40000 6.80300000 1343.59000 125.36000 18.46100 75.69700
 7 2 21 05 43 32031.90000 6.80300000 1343.86000 125.57000 18.46100 75.69700
 7 2 21 05 44 32117.00000 6.80300000 1345.88000 125.67000 18.46100 75.69700
 7 2 21 05 44 32098.20000 6.80300000 1344.99000 125.75000 18.46100 75.69700
 7 2 21 05 44 32097.90000 6.80300000 1344.12000 125.66000 18.46100 75.69700
 7 2 21 05 45 32102.80000 6.80300000 1344.12000 125.64000 18.46100 75.69700
 7 2 21 05 45 32049.40000 6.80300000 1343.58000 125.49000 18.46100 75.69700
 7 2 21 05 46 32049.50000 6.80300000 1342.07000 125.34000 18.46100 75.69700
 7 2 21 05 46 32049.40000 6.78800000 1342.07000 125.34000 18.46100 75.69700
 7 2 21 05 47 32050.10000 6.78800000 1341.70000 125.27000 18.46100 75.69700
 7 2 21 05 47 32045.60000 6.78800000 1343.56000 125.29000 18.35200 75.69700
 7 2 21 05 47 32064.60000 6.78800000 1342.14000 125.32000 18.35200 76.06100
 7 2 21 05 48 32077.00000 6.78800000 1343.96000 125.41000 18.35200 76.06100
 7 2 21 05 48 32089.30000 6.78800000 1344.32000 125.51000 18.36100 76.06100
 7 2 21 05 49 32080.90000 6.80200000 1343.32000 125.51000 18.36100 76.06100
 7 2 21 05 49 32101.80000 6.80200000 1343.32000 125.51000 18.36100 76.06100
 7 2 21 05 50 32106.40000 6.81900000 1346.40000 125.52000 18.36100 76.06100
 7 2 21 05 50 32090.20000 6.81900000 1346.14000 125.52000 18.36100 76.06100
 7 2 21 05 50 32090.20000 6.81900000 1346.14000 125.52000 18.31700 76.06100
 7 2 21 05 51 32116.30000 6.81900000 1346.61000 125.52000 18.31700 76.06100
 7 2 21 05 51 32116.70000 6.81900000 1346.63000 125.61000 18.31700 76.06100
 7 2 21 05 52 32138.50000 6.81900000 1346.76000 125.65000 18.31700 76.06100
 7 2 21 05 52 32144.90000 6.81900000 1346.71000 125.65000 18.31700 76.06100
 7 2 21 05 53 32137.10000 6.81900000 1346.04000 125.65000 18.31700 76.01000
