M=[
18 1 21 04 25 29278.70000 6.21900000 998.50000 116.23000 17.06500 84.88300
18 1 21 04 26 29275.40000 6.21900000 998.99000 116.23000 17.06500 84.88300
18 1 21 04 26 29270.70000 6.21900000 1000.31000 116.33000 17.06500 84.88300
18 1 21 04 27 29262.90000 6.21900000 1000.20000 116.33000 17.06500 85.09400
18 1 21 04 27 29255.30000 6.21900000 999.97000 116.33000 17.06500 85.09400
18 1 21 04 28 29255.30000 6.21900000 999.47000 116.33000 17.06500 85.09400
18 1 21 04 28 29238.40000 6.21900000 998.91000 116.31000 17.06500 85.09400
18 1 21 04 28 29238.40000 6.21900000 997.88000 116.15000 17.06500 85.09400
18 1 21 04 29 29250.50000 6.21900000 997.96000 116.15000 17.06500 85.09400
18 1 21 04 29 29252.90000 6.21900000 998.22000 116.15000 17.06500 85.09400
18 1 21 04 30 29219.30000 6.21900000 998.00000 116.15000 17.06500 85.09400
18 1 21 04 30 29200.70000 6.21900000 996.45000 116.15000 16.90300 85.09400
18 1 21 04 31 29179.60000 6.21900000 995.25000 116.15000 16.90300 85.09400
18 1 21 04 31 29161.90000 6.21900000 995.00000 116.17000 16.90300 85.09400
18 1 21 04 31 29149.70000 6.21900000 994.16000 116.17000 16.90300 85.09400
18 1 21 04 32 29146.40000 6.21900000 994.31000 116.17000 16.90300 85.09400
18 1 21 04 32 29085.90000 6.21900000 993.24000 115.96000 16.90300 85.09400
18 1 21 04 33 29103.10000 6.21900000 993.24000 115.96000 16.90300 84.51800
18 1 21 04 33 29103.10000 6.21900000 993.24000 115.96000 16.90300 84.51800
18 1 21 04 34 29085.80000 6.23900000 993.94000 115.96000 16.90300 84.51800
18 1 21 04 34 29085.80000 6.23900000 994.38000 115.96000 16.90300 84.51800
18 1 21 04 34 29085.80000 6.23900000 994.38000 115.96000 16.90300 84.51800
18 1 21 04 35 29076.90000 6.24200000 993.19000 115.96000 16.90300 84.51800
18 1 21 04 35 29076.80000 6.24200000 993.19000 115.96000 16.90300 84.51800
18 1 21 04 36 29076.80000 6.24200000 992.51000 115.91000 16.90300 84.51800
18 1 21 04 36 29004.60000 6.24200000 990.00000 115.68000 16.90300 84.51800
18 1 21 04 37 28995.10000 6.24200000 989.90000 115.68000 16.90300 84.51800
18 1 21 04 37 28985.40000 6.24200000 989.59000 115.68000 16.90300 84.00900
18 1 21 04 37 28992.70000 6.24200000 989.93000 115.68000 16.90300 84.00900
18 1 21 04 38 29002.70000 6.24200000 990.00000 115.54000 16.90300 84.00900
18 1 21 04 38 28996.80000 6.24200000 988.81000 115.54000 16.90300 84.00900
18 1 21 04 39 29047.60000 6.24200000 990.00000 115.54000 16.90300 84.00900
18 1 21 04 39 29009.00000 6.24200000 990.70000 115.55000 16.90300 84.00900
18 1 21 04 40 29029.50000 6.24200000 990.59000 115.55000 16.90300 83.89500
18 1 21 04 40 29000.00000 6.24200000 989.04000 115.55000 16.90300 83.89500
18 1 21 04 40 28986.50000 6.23200000 988.97000 115.55000 16.90300 83.89500
18 1 21 04 41 29019.00000 6.23200000 989.69000 115.60000 16.90300 83.89500
18 1 21 04 41 29046.70000 6.23200000 991.29000 115.60000 16.90300 83.89500
18 1 21 04 42 29031.10000 6.23200000 991.71000 115.60000 16.90300 83.89500
18 1 21 04 42 29025.10000 6.23200000 991.11000 115.60000 16.90300 83.89500
18 1 21 04 43 29021.00000 6.23200000 991.28000 115.60000 16.90300 83.89500
18 1 21 04 43 29025.80000 6.23200000 990.19000 115.58000 16.90300 83.89500
18 1 21 04 43 29049.70000 6.23200000 992.06000 115.58000 16.90300 83.89500
18 1 21 04 44 29106.90000 6.23200000 993.00000 115.69000 16.90300 83.89500
18 1 21 04 44 29134.20000 6.23200000 996.64000 115.69000 16.90300 83.89500
18 1 21 04 45 29149.90000 6.23200000 996.62000 115.69000 16.90300 83.89500
18 1 21 04 45 29155.30000 6.20000000 996.65000 116.20000 16.90300 83.89500
18 1 21 04 46 29176.50000 6.18600000 997.77000 116.34000 17.03500 83.89500
18 1 21 04 46 29199.60000 6.18600000 998.14000 116.34000 17.03500 83.89500
18 1 21 04 46 29199.60000 6.18600000 998.40000 116.43000 17.03500 83.89500
18 1 21 04 47 29199.60000 6.18300000 998.15000 116.33000 17.03500 83.89500
18 1 21 04 47 29162.70000 6.18300000 997.93000 116.23000 17.03500 83.89500
18 1 21 04 48 29176.20000 6.18300000 996.40000 116.23000 17.03500 83.89500
18 1 21 04 48 29147.60000 6.18300000 996.40000 115.96000 17.03500 83.89500
18 1 21 04 49 29063.90000 6.18000000 992.00000 115.64000 17.03500 83.96300
18 1 21 04 49 29005.30000 6.18000000 991.51000 115.64000 17.03500 83.96300
18 1 21 04 49 29000.10000 6.18000000 991.51000 115.64000 17.03500 83.96300
18 1 21 04 50 29042.00000 6.18000000 991.51000 115.64000 17.03500 83.96300
18 1 21 04 50 29029.80000 6.19800000 993.59000 115.64000 17.03500 83.96300
18 1 21 04 51 29041.50000 6.19800000 995.07000 115.64000 17.03500 83.96300
18 1 21 04 51 29054.70000 6.19800000 995.63000 115.58000 17.03500 83.96300
18 1 21 04 52 29054.70000 6.19800000 995.63000 115.58000 17.03500 83.96300
18 1 21 04 52 29039.10000 6.19800000 995.12000 115.58000 17.03500 83.96300
18 1 21 04 52 29058.90000 6.19800000 995.12000 115.84000 17.03500 83.96300
18 1 21 04 53 29109.90000 6.19800000 996.41000 116.08000 17.03500 83.96300
18 1 21 04 53 29126.20000 6.19800000 998.28000 116.21000 17.03500 83.96300
18 1 21 04 54 29126.20000 6.19800000 997.72000 116.21000 17.03500 83.96300
18 1 21 04 54 29139.00000 6.19800000 997.72000 116.21000 17.03500 83.96300
18 1 21 04 55 29148.10000 6.19800000 997.72000 116.21000 17.03500 83.96300
18 1 21 04 55 29145.20000 6.19800000 997.72000 116.21000 17.03500 83.96300
18 1 21 04 55 29176.50000 6.19800000 998.80000 116.21000 17.03500 83.96300
18 1 21 04 56 29169.10000 6.19800000 998.80000 116.21000 17.03500 83.96300
18 1 21 04 56 29163.50000 6.19800000 997.78000 115.88000 17.03500 83.96300
18 1 21 04 57 29165.60000 6.19800000 998.49000 115.88000 17.03500 83.96300
18 1 21 04 57 29160.80000 6.19800000 998.12000 115.91000 17.03500 84.44900
18 1 21 04 58 29150.40000 6.19800000 996.70000 115.76000 17.03500 84.44900
18 1 21 04 58 29140.10000 6.19800000 996.70000 115.71000 17.03500 84.44900
18 1 21 04 58 29154.50000 6.19800000 996.70000 115.71000 17.03500 84.44900
18 1 21 04 59 29162.00000 6.19800000 998.26000 115.71000 17.03500 84.44900
18 1 21 04 59 29143.70000 6.19800000 997.09000 115.71000 17.03500 84.44900
18 1 21 05 00 29149.20000 6.19800000 996.98000 115.74000 17.03500 84.44900
18 1 21 05 00 29119.40000 6.19800000 996.35000 115.80000 17.03500 84.44900
18 1 21 05 01 29167.60000 6.19800000 998.46000 115.80000 17.03500 84.44900
18 1 21 05 01 29179.20000 6.19800000 998.64000 115.80000 17.03500 84.44900
18 1 21 05 01 29179.00000 6.19800000 998.64000 115.82000 17.03500 84.44900
18 1 21 05 02 29209.20000 6.19800000 998.57000 115.92000 17.03500 84.44900
18 1 21 05 02 29206.30000 6.19800000 998.55000 115.83000 17.03500 84.44900
18 1 21 05 03 29206.30000 6.19800000 998.39000 115.83000 17.03500 84.44900
18 1 21 05 03 29217.80000 6.19800000 998.31000 115.83000 17.03500 84.44900
18 1 21 05 04 29222.40000 6.19800000 998.30000 115.83000 17.03500 84.44900
18 1 21 05 04 29219.50000 6.19800000 998.04000 115.83000 17.03500 84.44900
18 1 21 05 04 29216.60000 6.19800000 998.37000 115.83000 17.03500 84.44900
18 1 21 05 05 29218.00000 6.19800000 998.47000 115.83000 17.03500 84.44900
18 1 21 05 05 29221.00000 6.19800000 998.47000 115.88000 17.03500 84.44900
18 1 21 05 06 29218.10000 6.19800000 998.94000 115.99000 17.03500 84.44900
18 1 21 05 06 29195.00000 6.19800000 998.01000 115.99000 17.03500 84.44900
18 1 21 05 07 29200.20000 6.19800000 998.85000 115.97000 17.03500 84.44900
18 1 21 05 07 29202.80000 6.19800000 998.87000 115.97000 17.03500 84.44900
18 1 21 05 07 29202.80000 6.19800000 998.60000 115.97000 17.03500 84.44900
18 1 21 05 08 29202.80000 6.19800000 998.14000 115.97000 17.03500 84.44900
18 1 21 05 08 29185.00000 6.19800000 997.20000 115.97000 17.03500 84.44900
18 1 21 05 09 29185.00000 6.19800000 997.26000 115.84000 17.03500 84.44900
18 1 21 05 09 29185.00000 6.19800000 997.26000 115.84000 17.03500 84.44900
18 1 21 05 10 29185.00000 6.19800000 997.57000 115.87000 17.03500 84.44900
18 1 21 05 10 29202.80000 6.19800000 997.57000 116.07000 17.03500 84.44900
18 1 21 05 10 29179.80000 6.19800000 997.92000 116.07000 17.03500 84.44900
