M=[
17 5 21 09 01 37427.50000 76.01800000 2923.36000 237.91000 31.32900 211.40000
17 5 21 09 02 37399.70000 75.50100000 2921.80000 237.56000 31.30200 211.40000
17 5 21 09 02 37375.10000 75.50100000 2911.46000 237.49000 31.30200 210.16500
17 5 21 09 02 37364.50000 75.37100000 2914.03000 237.49000 31.30200 210.16500
17 5 21 09 03 37334.50000 75.54600000 2911.00000 237.26000 31.30200 210.16500
17 5 21 09 03 37306.60000 75.54600000 2907.11000 237.26000 31.30200 210.16500
17 5 21 09 04 37314.10000 75.30000000 2911.49000 237.37000 31.30200 209.96600
17 5 21 09 04 37284.70000 75.30000000 2907.69000 237.37000 31.30200 209.96600
17 5 21 09 05 37228.80000 75.30000000 2906.44000 237.02000 31.30200 209.96600
17 5 21 09 05 37300.00000 75.28800000 2910.00000 237.03000 31.30200 209.96600
17 5 21 09 05 37302.40000 75.28800000 2905.15000 237.10000 31.30200 209.86200
17 5 21 09 06 37297.70000 75.32000000 2901.98000 236.95000 31.30200 209.67900
17 5 21 09 06 37321.30000 75.32000000 2904.16000 237.31000 31.30200 209.67900
17 5 21 09 07 37312.00000 75.32000000 2902.68000 237.44000 31.30200 209.67900
17 5 21 09 07 37295.40000 75.65600000 2902.80000 237.17000 31.30200 209.67900
17 5 21 09 08 37250.10000 75.15400000 2899.74000 236.86000 31.30200 209.28800
17 5 21 09 08 37257.20000 75.15400000 2899.46000 236.87000 31.30200 209.28800
17 5 21 09 08 37250.60000 75.15400000 2900.36000 236.76000 31.30200 209.28800
17 5 21 09 09 37258.10000 75.15400000 2898.17000 236.77000 31.30200 209.28800
17 5 21 09 09 37240.50000 75.15400000 2896.25000 236.89000 31.30200 209.28800
17 5 21 09 10 37238.90000 75.01100000 2897.86000 236.89000 31.30200 209.28800
17 5 21 09 10 37201.70000 75.01100000 2895.01000 236.62000 31.30200 209.28800
17 5 21 09 11 37182.80000 75.01100000 2891.93000 236.71000 31.30200 208.93000
17 5 21 09 11 37182.80000 75.01100000 2893.80000 236.71000 31.30200 208.86500
17 5 21 09 11 37178.70000 74.85000000 2892.65000 236.53000 31.30200 208.92200
17 5 21 09 12 37187.10000 74.72200000 2894.87000 236.34000 31.30200 209.11300
17 5 21 09 12 37214.70000 74.72300000 2897.40000 236.56000 31.30200 209.11300
17 5 21 09 13 37229.70000 74.64100000 2897.62000 236.47000 31.30200 209.11300
17 5 21 09 13 37246.90000 74.74500000 2904.79000 236.90000 31.30200 209.20300
17 5 21 09 14 37217.00000 74.74500000 2902.27000 236.53000 31.30200 208.74700
17 5 21 09 14 37200.10000 74.74500000 2898.73000 236.60000 31.30200 209.19700
17 5 21 09 14 37200.10000 74.85800000 2897.30000 236.53000 31.30200 209.19700
17 5 21 09 15 37176.60000 74.85800000 2890.89000 236.52000 31.30200 208.71000
17 5 21 09 15 37164.30000 74.85800000 2891.01000 236.38000 31.30200 208.71000
17 5 21 09 16 37159.90000 74.51600000 2887.84000 236.21000 31.30200 208.71000
17 5 21 09 16 37171.40000 74.44300000 2889.00000 236.21000 31.30200 208.71000
17 5 21 09 17 37194.30000 74.59700000 2883.81000 236.20000 31.30200 208.71000
17 5 21 09 17 37155.80000 74.59700000 2878.70000 236.11000 31.30200 208.71000
17 5 21 09 17 37151.60000 74.33500000 2877.85000 236.13000 31.30200 208.71000
17 5 21 09 18 37182.50000 74.44000000 2883.01000 236.28000 31.30200 208.71000
17 5 21 09 18 37185.70000 74.73000000 2880.46000 236.28000 31.30200 208.71000
17 5 21 09 19 37196.30000 74.73000000 2883.01000 236.28000 31.30200 208.71000
17 5 21 09 19 37206.00000 74.73000000 2881.13000 236.32000 31.30200 208.71000
17 5 21 09 20 37215.60000 74.87700000 2885.81000 236.33000 31.30200 208.71000
17 5 21 09 20 37217.40000 74.87700000 2883.01000 236.33000 31.30200 208.71000
17 5 21 09 20 37217.50000 74.87700000 2885.92000 236.30000 31.30200 208.71000
17 5 21 09 21 37238.80000 74.87700000 2886.94000 236.87000 31.30200 208.71000
17 5 21 09 21 37200.10000 74.87700000 2881.90000 236.34000 31.30200 208.71000
17 5 21 09 22 37188.80000 74.51500000 2881.01000 236.18000 31.30200 208.71000
17 5 21 09 22 37213.00000 74.51500000 2881.99000 236.44000 31.30200 208.71000
17 5 21 09 23 37205.70000 74.51500000 2882.04000 236.46000 31.30200 208.71000
17 5 21 09 23 37215.90000 74.51500000 2885.77000 236.73000 31.30200 208.71000
17 5 21 09 23 37220.10000 74.82600000 2883.91000 236.89000 31.30200 208.46400
17 5 21 09 24 37220.80000 74.65000000 2889.12000 236.89000 31.30200 208.46400
17 5 21 09 24 37220.80000 74.65000000 2886.64000 236.53000 31.30200 208.46400
17 5 21 09 25 37215.60000 74.74500000 2886.51000 236.54000 31.30200 208.46400
17 5 21 09 25 37217.70000 74.62200000 2889.21000 236.56000 31.30200 208.46400
17 5 21 09 26 37199.90000 74.62200000 2886.75000 236.48000 31.30200 208.69600
17 5 21 09 26 37180.00000 74.62200000 2880.00000 236.01000 31.30200 208.19400
17 5 21 09 26 37145.60000 74.62200000 2871.71000 235.58000 31.30200 208.19400
17 5 21 09 27 37152.20000 74.62200000 2876.64000 235.63000 31.30200 208.19400
17 5 21 09 27 37169.60000 74.69900000 2882.09000 235.63000 31.30200 208.19400
17 5 21 09 28 37204.70000 74.69900000 2885.30000 235.63000 31.30200 208.19400
17 5 21 09 28 37219.80000 74.79800000 2885.90000 236.16000 31.30200 208.19400
17 5 21 09 29 37230.00000 74.79800000 2886.17000 236.13000 31.30200 208.19400
17 5 21 09 29 37243.10000 74.79800000 2886.87000 236.13000 31.30200 208.19400
17 5 21 09 29 37258.20000 74.79800000 2885.86000 236.26000 31.30200 208.19400
17 5 21 09 30 37230.00000 74.75700000 2884.24000 236.19000 31.30200 209.04500
17 5 21 09 30 37165.60000 74.75700000 2877.57000 236.07000 31.30200 209.04500
17 5 21 09 31 37153.90000 74.75700000 2876.31000 236.02000 31.30200 209.04500
17 5 21 09 31 37142.20000 74.71900000 2877.12000 235.83000 31.30200 209.04500
17 5 21 09 32 37156.00000 74.71900000 2880.60000 236.11000 31.30200 208.65500
17 5 21 09 32 37228.20000 74.71900000 2888.00000 236.20000 31.30200 208.65500
17 5 21 09 32 37231.40000 74.94800000 2890.24000 236.20000 31.30200 209.12700
17 5 21 09 33 37225.60000 74.94800000 2890.50000 236.94000 31.30200 209.12700
17 5 21 09 33 37205.30000 74.94800000 2887.20000 236.94000 31.00000 209.12700
17 5 21 09 34 37193.70000 75.02300000 2884.85000 236.94000 31.00000 208.94500
17 5 21 09 34 37180.10000 75.02300000 2884.65000 236.68000 31.00000 208.94500
17 5 21 09 35 37172.30000 74.92600000 2884.22000 236.68000 31.00000 208.94500
17 5 21 09 35 37181.30000 74.92600000 2885.08000 236.56000 31.00000 209.52800
17 5 21 09 35 37199.50000 74.92600000 2888.90000 236.95000 31.00000 209.52800
17 5 21 09 36 37255.30000 74.92600000 2891.01000 236.95000 31.00000 209.52800
17 5 21 09 36 37274.90000 74.92600000 2898.44000 236.95000 31.00000 209.52800
17 5 21 09 37 37285.00000 74.92600000 2898.45000 237.66000 31.00000 209.52800
17 5 21 09 37 37253.70000 75.55100000 2893.20000 237.37000 31.00000 209.52800
17 5 21 09 38 37239.20000 75.38800000 2893.82000 237.37000 31.00000 209.52800
17 5 21 09 38 37210.20000 75.42700000 2890.01000 237.14000 31.00000 209.52800
17 5 21 09 38 37243.10000 75.42700000 2892.85000 237.14000 31.00000 209.52800
17 5 21 09 39 37282.70000 75.42700000 2899.30000 237.14000 31.00000 209.52800
17 5 21 09 39 37273.70000 75.42700000 2898.04000 237.14000 31.00000 209.52800
17 5 21 09 40 37306.30000 75.40000000 2898.31000 237.55000 31.00000 210.85000
17 5 21 09 40 37321.50000 75.50400000 2901.01000 237.55000 31.00000 210.85000
17 5 21 09 41 37318.50000 75.50400000 2901.45000 237.55000 31.00000 210.85000
17 5 21 09 41 37284.30000 75.28200000 2895.33000 237.27000 31.00000 210.85000
17 5 21 09 41 37305.80000 75.28200000 2898.75000 237.20000 31.00000 210.85000
17 5 21 09 42 37343.10000 75.28200000 2901.97000 237.20000 31.00000 210.85000
17 5 21 09 42 37314.00000 75.35900000 2898.92000 237.20000 31.00000 210.85000
17 5 21 09 43 37268.00000 75.50100000 2893.22000 236.77000 31.00000 210.08700
17 5 21 09 43 37220.60000 75.50100000 2890.00000 236.66000 31.00000 210.08700
17 5 21 09 44 37200.50000 75.50100000 2889.56000 236.61000 30.71800 210.08700
17 5 21 09 44 37181.10000 75.50100000 2889.00000 236.61000 30.71800 210.08700
17 5 21 09 44 37212.10000 75.27200000 2891.98000 236.43000 30.71800 210.08700
