M=[
25 2 21 23 22 39681.40000 9.24000000 1252.21000 154.10000 27.13400 105.07700
25 2 21 23 23 39733.50000 9.31500000 1253.91000 154.05000 27.13400 105.67400
25 2 21 23 23 39722.90000 9.31500000 1254.08000 153.84000 27.13400 105.67400
25 2 21 23 23 39699.60000 9.31800000 1252.88000 153.92000 27.13400 105.67400
25 2 21 23 24 39705.80000 9.31800000 1253.12000 154.04000 27.13400 105.67400
25 2 21 23 24 39737.40000 9.31800000 1253.84000 154.13000 27.35300 105.67400
25 2 21 23 25 39702.30000 9.31800000 1251.76000 153.77000 27.35300 105.67400
25 2 21 23 25 39652.40000 9.31800000 1249.95000 153.66000 27.35300 105.67400
25 2 21 23 26 39650.40000 9.31800000 1249.08000 153.66000 27.35300 105.67400
25 2 21 23 26 39652.50000 9.31800000 1249.07000 153.54000 27.35300 105.45100
25 2 21 23 26 39681.50000 9.31800000 1249.06000 153.61000 27.35300 105.45100
25 2 21 23 27 39677.70000 9.31800000 1248.20000 153.26000 27.35300 105.45100
25 2 21 23 27 39653.80000 9.31800000 1247.82000 153.05000 27.35300 105.45100
25 2 21 23 28 39645.10000 9.31800000 1247.64000 153.06000 27.35300 105.45100
25 2 21 23 28 39621.00000 9.31800000 1246.36000 153.06000 27.35300 105.45100
25 2 21 23 29 39613.40000 9.31800000 1245.89000 152.99000 27.35300 105.22300
25 2 21 23 29 39624.00000 9.31800000 1245.74000 153.09000 27.35300 105.22300
25 2 21 23 29 39624.10000 9.31800000 1244.81000 152.92000 27.35300 105.22300
25 2 21 23 30 39647.40000 9.29000000 1246.03000 153.11000 27.35300 105.22300
25 2 21 23 30 39647.50000 9.32000000 1247.51000 153.46000 27.35300 105.22300
25 2 21 23 31 39672.70000 9.32000000 1247.51000 153.82000 27.35300 105.22300
25 2 21 23 31 39681.60000 9.32000000 1247.86000 153.77000 27.35300 105.22300
25 2 21 23 32 39681.70000 9.31600000 1247.92000 153.62000 27.35300 105.22300
25 2 21 23 32 39681.60000 9.31600000 1247.59000 153.50000 27.35300 105.22300
25 2 21 23 32 39681.60000 9.31600000 1247.92000 153.41000 27.35300 105.22300
25 2 21 23 33 39629.20000 9.31600000 1247.02000 153.32000 27.35300 105.22300
25 2 21 23 33 39554.50000 9.29800000 1242.22000 152.70000 27.35300 105.22300
25 2 21 23 34 39544.40000 9.29800000 1241.55000 152.42000 27.35300 105.22300
25 2 21 23 34 39470.00000 9.29800000 1239.30000 152.42000 27.35300 105.22300
25 2 21 23 35 39456.40000 9.29800000 1238.01000 152.42000 27.35300 105.22300
25 2 21 23 35 39421.60000 9.29800000 1237.73000 152.04000 27.35300 105.22300
25 2 21 23 35 39376.00000 9.29800000 1236.48000 152.04000 27.35300 104.42600
25 2 21 23 36 39349.50000 9.29800000 1233.52000 152.00000 27.35300 103.98000
25 2 21 23 36 39327.90000 9.29800000 1233.13000 151.63000 26.88300 103.98000
25 2 21 23 37 39414.40000 9.29800000 1234.81000 151.63000 26.88300 103.98000
25 2 21 23 37 39463.70000 9.29800000 1236.40000 152.06000 26.88300 103.98000
25 2 21 23 37 39458.60000 9.29800000 1236.38000 152.02000 26.88300 103.98000
25 2 21 23 38 39370.10000 9.22200000 1235.01000 152.01000 26.88600 103.98000
25 2 21 23 38 39317.40000 9.22200000 1234.45000 151.63000 26.88600 103.84800
25 2 21 23 39 39331.10000 9.16000000 1233.67000 151.30000 26.88600 103.84800
25 2 21 23 39 39232.60000 9.16000000 1227.78000 151.26000 26.88600 103.84800
25 2 21 23 40 39232.40000 9.12500000 1223.10000 150.51000 26.88600 103.53700
25 2 21 23 40 39209.20000 9.12500000 1224.03000 150.40000 26.88600 103.57700
25 2 21 23 40 39216.80000 9.12500000 1223.65000 150.66000 26.88600 103.57700
25 2 21 23 41 39195.10000 9.15500000 1220.63000 150.22000 26.88600 103.57700
25 2 21 23 41 39230.40000 9.15500000 1223.50000 150.58000 26.88600 103.57700
25 2 21 23 42 39180.30000 9.15500000 1222.62000 150.46000 26.88600 103.57700
25 2 21 23 42 39131.50000 9.15500000 1220.72000 150.14000 26.88600 103.07200
25 2 21 23 43 38998.10000 9.14100000 1217.01000 149.36000 26.88600 102.97600
25 2 21 23 43 38991.90000 9.14100000 1219.18000 149.38000 26.88600 102.90800
25 2 21 23 43 38963.00000 9.14100000 1215.65000 149.32000 26.88600 102.90800
25 2 21 23 44 39082.30000 9.12000000 1217.98000 150.01000 26.88600 103.30700
25 2 21 23 44 39034.70000 9.12000000 1217.08000 149.73000 26.88600 103.13000
25 2 21 23 45 38986.50000 9.12000000 1215.24000 149.63000 26.88600 103.13000
25 2 21 23 45 39113.50000 9.12000000 1220.34000 150.20000 26.88600 103.13000
25 2 21 23 46 39150.00000 9.18400000 1220.37000 150.70000 26.88600 103.13000
25 2 21 23 46 38993.60000 9.18400000 1215.43000 150.21000 26.88600 103.13000
25 2 21 23 46 38921.10000 9.18400000 1210.74000 149.57000 26.88600 103.13000
25 2 21 23 47 38941.00000 9.18400000 1212.78000 149.46000 26.88400 103.13000
25 2 21 23 47 38944.10000 9.18400000 1212.22000 149.46000 26.88400 103.13000
25 2 21 23 48 38914.40000 9.18400000 1211.00000 149.08000 26.88400 103.13000
25 2 21 23 48 38860.00000 9.11100000 1206.75000 148.89000 26.88400 103.13000
25 2 21 23 49 38836.30000 9.10000000 1204.62000 148.85000 26.88400 102.42800
25 2 21 23 49 38925.70000 9.10000000 1210.00000 149.09000 26.88400 102.77500
25 2 21 23 49 38847.70000 9.10000000 1210.00000 148.72000 26.88400 102.77500
25 2 21 23 50 38787.30000 9.10000000 1206.75000 148.50000 26.88400 102.77500
25 2 21 23 50 38745.30000 9.10000000 1203.65000 148.04000 26.64000 101.66900
25 2 21 23 51 38701.60000 9.12400000 1202.74000 147.61000 26.64000 101.58200
25 2 21 23 51 38787.90000 9.12400000 1206.62000 148.21000 26.64000 101.82100
25 2 21 23 52 38823.30000 9.12400000 1209.76000 148.15000 26.64000 101.50000
25 2 21 23 52 38940.60000 9.12400000 1215.59000 149.06000 26.64000 101.46800
25 2 21 23 52 38959.90000 9.12700000 1219.33000 149.06000 26.64000 101.86600
25 2 21 23 53 39122.00000 9.12700000 1220.66000 149.47000 26.64000 101.86600
25 2 21 23 53 39110.50000 9.12700000 1221.69000 149.80000 26.64000 101.86600
25 2 21 23 54 39038.30000 9.12700000 1219.36000 149.38000 26.64000 101.86600
25 2 21 23 54 38937.00000 9.13400000 1217.80000 149.19000 26.64000 100.60300
25 2 21 23 55 38840.70000 9.08800000 1214.90000 148.18000 26.64000 100.60300
25 2 21 23 55 38999.70000 9.08800000 1220.05000 148.80000 26.55600 100.74500
25 2 21 23 55 38962.60000 9.08800000 1222.05000 148.46000 26.55600 100.93800
25 2 21 23 56 38908.20000 9.08800000 1221.48000 148.46000 26.55600 100.85800
25 2 21 23 56 38821.10000 9.08800000 1220.00000 147.37000 26.49200 100.85800
25 2 21 23 57 38758.10000 9.08800000 1213.24000 147.22000 26.49200 100.00000
25 2 21 23 57 38714.50000 9.08000000 1211.57000 147.00000 26.39300 99.92100
25 2 21 23 58 38615.10000 9.05200000 1209.34000 146.25000 26.39300 99.21400
25 2 21 23 58 38569.00000 9.03400000 1208.35000 146.19000 26.39300 99.36500
25 2 21 23 58 38571.50000 9.03000000 1208.76000 146.66000 26.39300 99.21500
25 2 21 23 59 38692.90000 9.03000000 1212.78000 147.46000 26.39300 99.21500
25 2 21 23 59 38799.90000 9.03000000 1217.26000 147.79000 26.32000 99.70700
26 2 21 00 00 38764.10000 9.03000000 1220.96000 147.70000 26.27100 99.77600
26 2 21 00 00 38768.90000 9.03000000 1223.08000 147.46000 26.27100 100.00000
26 2 21 00 01 38667.80000 9.10500000 1221.40000 146.60000 26.27100 100.00000
26 2 21 00 01 38533.20000 9.02800000 1218.17000 145.22000 26.27100 99.01700
26 2 21 00 01 38589.30000 9.05400000 1221.70000 145.30000 26.27100 99.01700
26 2 21 00 02 38487.10000 9.05400000 1216.07000 144.83000 26.27100 98.88000
26 2 21 00 02 38566.60000 9.05400000 1218.19000 145.00000 26.27100 98.88000
26 2 21 00 03 38450.60000 9.00600000 1214.59000 144.47000 26.27100 98.60000
26 2 21 00 03 38391.00000 9.00100000 1213.42000 144.26000 26.25800 98.40600
26 2 21 00 04 38481.90000 9.00000000 1213.50000 144.81000 26.25800 98.36200
26 2 21 00 04 38708.90000 9.06600000 1220.38000 146.48000 26.25800 99.35900
26 2 21 00 04 38665.20000 9.05000000 1224.35000 145.41000 26.25800 99.97900
26 2 21 00 05 38652.70000 9.08000000 1223.62000 145.99000 26.25800 99.48500
26 2 21 00 05 38687.10000 9.08000000 1224.98000 146.00000 26.22700 99.48500
26 2 21 00 06 38652.80000 9.06500000 1224.98000 145.81000 26.22700 99.48500
26 2 21 00 06 38550.50000 9.02500000 1222.32000 144.83000 26.22700 98.52000
