M=[
 6 5 21 08 23 47500.10000 77.41600000 2874.66000 282.17000 39.20400 234.90100
 6 5 21 08 24 47500.00000 77.41400000 2875.34000 282.27000 39.20400 234.90100
 6 5 21 08 24 47498.90000 77.46300000 2875.03000 282.08000 39.20400 234.99900
 6 5 21 08 25 47474.80000 77.33400000 2873.55000 281.75000 39.20400 235.15600
 6 5 21 08 25 47474.80000 77.53400000 2873.76000 281.75000 39.20400 235.15600
 6 5 21 08 26 47474.80000 77.46200000 2872.50000 281.96000 39.20400 235.15600
 6 5 21 08 26 47474.80000 77.37200000 2873.13000 281.85000 39.20400 235.15600
 6 5 21 08 26 47483.20000 77.41100000 2873.13000 281.77000 39.20400 235.15600
 6 5 21 08 27 47512.80000 77.41100000 2874.99000 282.15000 39.20400 235.15600
 6 5 21 08 27 47512.90000 77.45200000 2874.91000 282.38000 39.20400 235.15600
 6 5 21 08 28 47515.10000 77.35500000 2874.63000 282.96000 39.20400 235.15600
 6 5 21 08 28 47530.40000 77.60700000 2875.97000 283.55000 39.20400 235.15600
 6 5 21 08 29 47549.90000 78.09300000 2875.98000 283.49000 39.20400 235.51700
 6 5 21 08 29 47557.90000 78.00000000 2875.94000 283.16000 39.20400 235.51700
 6 5 21 08 29 47557.90000 77.89700000 2874.31000 282.64000 39.20400 235.39200
 6 5 21 08 30 47584.60000 77.86900000 2874.59000 282.55000 39.20400 235.39200
 6 5 21 08 30 47584.50000 77.81200000 2875.00000 282.37000 39.20400 235.39200
 6 5 21 08 31 47580.00000 77.62900000 2875.00000 282.18000 39.20400 235.39200
 6 5 21 08 31 47550.00000 77.45800000 2872.43000 281.55000 39.20400 235.39200
 6 5 21 08 32 47553.70000 77.50000000 2872.43000 281.51000 39.45200 235.39200
 6 5 21 08 32 47537.70000 77.11200000 2872.44000 281.54000 39.45200 235.39200
 6 5 21 08 32 47534.90000 77.42500000 2873.11000 281.77000 39.45200 235.39200
 6 5 21 08 33 47535.00000 77.37500000 2873.00000 281.58000 39.45200 235.39200
 6 5 21 08 33 47535.00000 77.52900000 2872.88000 281.69000 39.45200 235.39200
 6 5 21 08 34 47535.00000 77.35300000 2872.21000 281.65000 39.45200 235.39200
 6 5 21 08 34 47524.00000 77.31600000 2872.22000 281.01000 39.45200 235.39200
 6 5 21 08 35 47516.20000 77.22300000 2872.18000 281.07000 39.45200 235.39200
 6 5 21 08 35 47490.40000 77.01100000 2871.97000 280.66000 39.45200 234.55900
 6 5 21 08 35 47474.80000 77.03300000 2867.81000 280.85000 39.45200 234.55900
 6 5 21 08 36 47434.00000 76.87700000 2866.20000 280.56000 39.45200 234.85800
 6 5 21 08 36 47434.00000 77.18000000 2868.96000 280.99000 39.45200 234.85800
 6 5 21 08 37 47504.50000 77.18000000 2871.68000 280.98000 39.45600 235.11900
 6 5 21 08 37 47520.00000 77.34800000 2873.10000 281.02000 39.45600 235.42900
 6 5 21 08 38 47511.80000 77.11800000 2872.91000 280.79000 39.45600 235.42900
 6 5 21 08 38 47510.90000 76.99900000 2872.91000 280.68000 39.45600 235.42900
 6 5 21 08 38 47460.50000 77.00800000 2869.00000 280.19000 39.45600 235.43700
 6 5 21 08 39 47452.80000 76.80000000 2869.01000 280.20000 39.19200 235.36300
 6 5 21 08 39 47459.10000 76.80000000 2870.30000 280.53000 39.19200 235.36300
 6 5 21 08 40 47460.50000 76.83000000 2871.07000 280.77000 39.19200 235.36400
 6 5 21 08 40 47475.90000 76.34200000 2871.04000 280.69000 39.19200 235.36400
 6 5 21 08 41 47491.80000 76.87500000 2872.02000 280.77000 39.19200 235.36400
 6 5 21 08 41 47461.70000 77.11300000 2871.01000 280.35000 39.19200 235.36400
 6 5 21 08 41 47460.60000 76.96400000 2871.01000 280.31000 39.13900 235.36400
 6 5 21 08 42 47460.50000 77.01300000 2869.50000 280.33000 39.13900 235.36400
 6 5 21 08 42 47460.60000 77.04000000 2870.41000 280.24000 39.13900 235.36400
 6 5 21 08 43 47460.60000 76.90700000 2870.25000 280.19000 39.13900 235.36400
 6 5 21 08 43 47460.60000 76.70500000 2869.44000 280.02000 39.13900 235.36400
 6 5 21 08 44 47460.40000 76.62800000 2869.41000 280.00000 39.13900 235.36400
 6 5 21 08 44 47460.00000 76.50800000 2870.44000 280.01000 39.13900 235.36400
 6 5 21 08 44 47460.00000 76.67400000 2870.09000 280.00000 39.13900 235.36400
 6 5 21 08 45 47434.10000 76.25600000 2866.21000 279.41000 39.13900 235.35500
 6 5 21 08 45 47434.10000 76.40400000 2864.87000 279.24000 39.13900 234.85800
 6 5 21 08 46 47434.00000 76.36600000 2864.72000 279.32000 39.13900 234.85800
 6 5 21 08 46 47433.90000 76.44000000 2862.41000 279.14000 39.13900 234.85800
 6 5 21 08 47 47355.20000 76.82000000 2856.33000 278.28000 39.13900 234.42700
 6 5 21 08 47 47389.60000 76.87500000 2860.34000 278.28000 39.13900 234.11400
 6 5 21 08 47 47389.90000 76.93600000 2858.01000 278.61000 39.13900 234.11400
 6 5 21 08 48 47389.90000 77.04900000 2858.35000 278.90000 39.13900 234.11400
 6 5 21 08 48 47389.90000 77.02300000 2862.39000 279.17000 39.13900 234.49800
 6 5 21 08 49 47427.40000 77.02300000 2862.57000 279.68000 39.13900 234.49800
 6 5 21 08 49 47416.00000 77.02000000 2862.55000 278.79000 39.13900 234.49800
 6 5 21 08 50 47389.50000 76.84700000 2858.33000 278.54000 39.13900 233.80100
 6 5 21 08 50 47355.30000 76.57800000 2853.13000 278.04000 39.13900 233.80100
 6 5 21 08 50 47339.40000 76.37600000 2851.78000 277.51000 39.13900 233.80100
 6 5 21 08 51 47329.80000 76.50700000 2852.03000 277.73000 39.13900 233.80100
 6 5 21 08 51 47339.40000 76.54200000 2854.51000 277.74000 39.13900 233.80100
 6 5 21 08 52 47339.40000 76.53800000 2854.47000 278.11000 39.13900 233.80100
 6 5 21 08 52 47339.40000 76.44800000 2850.20000 277.41000 39.13900 233.80100
 6 5 21 08 53 47295.10000 76.51500000 2849.26000 276.85000 39.13900 233.80100
 6 5 21 08 53 47297.80000 76.81100000 2850.48000 278.18000 39.13900 233.80100
 6 5 21 08 53 47318.60000 76.67700000 2851.64000 278.38000 39.13900 233.80100
 6 5 21 08 54 47295.00000 76.73100000 2849.03000 277.69000 39.13900 232.41500
 6 5 21 08 54 47295.00000 76.71100000 2850.89000 277.56000 39.27100 232.41500
 6 5 21 08 55 47295.10000 76.93800000 2851.99000 277.77000 39.27100 232.41500
 6 5 21 08 55 47316.10000 76.86800000 2853.98000 278.16000 39.27100 232.41500
 6 5 21 08 56 47333.60000 77.11700000 2854.21000 278.25000 39.27100 232.41500
 6 5 21 08 56 47333.50000 77.23800000 2855.87000 278.08000 39.27100 232.41500
 6 5 21 08 56 47346.80000 77.32600000 2855.89000 278.51000 39.27100 232.41500
 6 5 21 08 57 47349.20000 77.37600000 2857.63000 278.95000 39.27100 233.00600
 6 5 21 08 57 47350.00000 77.41000000 2858.68000 278.43000 39.27100 233.00600
 6 5 21 08 58 47376.00000 77.22200000 2858.88000 278.39000 39.27100 233.00600
 6 5 21 08 58 47399.90000 77.52200000 2861.10000 278.54000 39.27100 233.00600
 6 5 21 08 59 47400.00000 77.19400000 2860.09000 278.72000 39.27100 233.00600
 6 5 21 08 59 47382.60000 77.34500000 2858.95000 278.50000 39.23900 233.00600
 6 5 21 08 59 47335.90000 76.99100000 2856.08000 278.32000 39.23900 233.00600
 6 5 21 09 00 47295.00000 76.70500000 2851.38000 277.83000 39.23900 232.50100
 6 5 21 09 00 47248.80000 76.57800000 2847.84000 277.72000 39.19100 232.51100
 6 5 21 09 01 47260.10000 76.61100000 2848.89000 277.34000 39.19100 232.22900
 6 5 21 09 01 47260.10000 76.82300000 2847.39000 277.19000 39.19100 232.22900
 6 5 21 09 02 47260.10000 77.00300000 2853.14000 277.73000 39.19100 232.17300
 6 5 21 09 02 47260.10000 76.97700000 2851.04000 277.73000 39.19100 232.17300
 6 5 21 09 02 47255.00000 77.01400000 2850.73000 278.04000 39.19100 232.17300
 6 5 21 09 03 47255.00000 77.00100000 2852.26000 277.51000 39.19100 232.17300
 6 5 21 09 03 47294.80000 77.11700000 2852.80000 278.33000 39.19100 232.17300
 6 5 21 09 04 47299.90000 77.64200000 2854.76000 278.78000 39.18900 232.72400
 6 5 21 09 04 47374.90000 77.68900000 2857.99000 278.78000 39.18900 232.72400
 6 5 21 09 05 47389.20000 77.76000000 2859.68000 279.30000 39.18900 233.27600
 6 5 21 09 05 47373.90000 77.79000000 2860.29000 279.95000 39.18900 233.27600
 6 5 21 09 05 47374.00000 77.73600000 2861.35000 280.01000 39.18900 233.27600
 6 5 21 09 06 47374.00000 77.61300000 2859.00000 279.86000 39.18900 233.15600
 6 5 21 09 06 47374.00000 77.61300000 2859.84000 279.73000 39.18900 233.27700
 6 5 21 09 07 47370.80000 77.61300000 2858.97000 280.05000 39.18900 233.27700
