M=[
 4 8 20 02 13 9656.00000 6.14000000 339.26000 50.20000 18.15000 71.30000
 4 8 20 02 14 9656.00000 6.14000000 339.20000 50.20000 18.15000 71.30000
 4 8 20 02 14 9654.80000 6.14000000 339.20000 50.20000 18.15000 71.30000
 4 8 20 02 15 9654.90000 6.14000000 339.18000 50.20000 18.16100 71.30000
 4 8 20 02 15 9654.90000 6.14000000 339.18000 50.20000 18.16100 71.30000
 4 8 20 02 16 9654.90000 6.14000000 339.18000 50.20000 18.20000 71.30000
 4 8 20 02 16 9653.50000 6.14000000 339.18000 50.20000 18.20000 71.30000
 4 8 20 02 17 9649.40000 6.14000000 339.01000 50.20000 18.25200 71.30000
 4 8 20 02 17 9646.70000 6.14000000 339.01000 50.20000 18.25000 71.30000
 4 8 20 02 17 9646.80000 6.14000000 339.00000 50.20000 18.25000 71.30000
 4 8 20 02 18 9650.30000 6.14000000 338.74000 50.20000 18.19500 71.30000
 4 8 20 02 19 9649.50000 6.14000000 338.54000 50.20000 18.20200 71.30000
 4 8 20 02 19 9648.10000 6.14000000 338.54000 50.18000 18.25200 71.30000
 4 8 20 02 19 9648.50000 6.14000000 338.50000 50.18000 18.25200 71.30000
 4 8 20 02 20 9651.30000 6.14000000 338.50000 50.18000 18.25200 71.30000
 4 8 20 02 20 9651.60000 6.14000000 338.95000 50.18000 18.27600 71.30000
 4 8 20 02 21 9651.60000 6.14000000 338.95000 50.18000 18.27600 71.30000
 4 8 20 02 21 9651.60000 6.14000000 339.02000 50.18000 18.27600 71.30000
 4 8 20 02 22 9651.70000 6.14000000 338.99000 50.18000 18.27600 71.30000
 4 8 20 02 22 9651.70000 6.14000000 339.00000 50.18000 18.27600 71.30000
 4 8 20 02 23 9651.70000 6.14000000 339.00000 50.18000 18.25000 71.30000
 4 8 20 02 23 9657.00000 6.14000000 339.31000 50.20000 18.23300 71.30000
 4 8 20 02 24 9661.40000 6.14000000 339.31000 50.20000 18.23300 71.30000
 4 8 20 02 24 9661.40000 6.14000000 339.31000 50.20000 18.23300 71.30000
 4 8 20 02 25 9661.60000 6.14000000 339.31000 50.20000 18.23300 71.30000
 4 8 20 02 25 9661.70000 6.14000000 339.31000 50.20000 18.24000 71.30000
 4 8 20 02 26 9664.20000 6.14000000 339.33000 50.27000 18.24000 71.30000
 4 8 20 02 26 9664.20000 6.14000000 339.33000 50.27000 18.24000 71.30000
 4 8 20 02 27 9662.50000 6.14000000 339.28000 50.27000 18.26100 71.30000
 4 8 20 02 27 9663.50000 6.14000000 339.30000 50.27000 18.26100 71.30000
 4 8 20 02 28 9661.50000 6.14000000 339.30000 50.27000 18.24300 71.30000
 4 8 20 02 28 9662.10000 6.14000000 339.20000 50.27000 18.24300 71.30000
 4 8 20 02 29 9662.10000 6.14000000 339.20000 50.27000 18.30000 71.30000
 4 8 20 02 29 9662.10000 6.14000000 339.27000 50.27000 18.36900 71.30000
 4 8 20 02 30 9666.80000 6.14000000 339.35000 50.27000 18.40000 71.30000
 4 8 20 02 30 9667.00000 6.14000000 339.10000 50.27000 18.40000 71.30000
 4 8 20 02 31 9666.90000 6.14000000 339.11000 50.27000 18.40000 71.50700
 4 8 20 02 31 9665.00000 6.14000000 339.11000 50.27000 18.42500 71.50700
 4 8 20 02 32 9665.00000 6.14000000 339.00000 50.27000 18.40000 71.50700
 4 8 20 02 32 9665.00000 6.14000000 339.04000 50.27000 18.42100 71.50700
 4 8 20 02 32 9659.50000 6.14000000 338.91000 50.27000 18.42100 71.50700
 4 8 20 02 33 9656.40000 6.14000000 338.91000 50.27000 18.43300 71.50700
 4 8 20 02 33 9660.50000 6.14000000 338.84000 50.22000 18.50000 71.50700
 4 8 20 02 34 9656.50000 6.14600000 338.83000 50.22000 18.50000 71.50700
 4 8 20 02 34 9656.50000 6.14600000 338.62000 50.22000 18.46900 71.50700
 4 8 20 02 35 9656.50000 6.13400000 338.43000 50.22000 18.46900 71.50700
 4 8 20 02 35 9652.40000 6.13400000 338.42000 50.15000 18.46900 71.50700
 4 8 20 02 36 9652.40000 6.13400000 338.42000 50.08000 18.46900 71.50700
 4 8 20 02 36 9652.40000 6.13400000 337.99000 50.08000 18.46900 71.50700
 4 8 20 02 37 9637.20000 6.13400000 337.58000 50.02000 18.46900 71.50700
 4 8 20 02 37 9621.70000 6.13400000 336.29000 49.89000 18.43300 71.22000
 4 8 20 02 38 9618.20000 6.13400000 336.30000 49.94000 18.43300 71.22000
 4 8 20 02 38 9620.90000 6.13400000 336.30000 49.94000 18.43300 71.22000
 4 8 20 02 39 9622.40000 6.13400000 336.98000 49.94000 18.43300 71.22000
 4 8 20 02 39 9622.50000 6.13400000 337.02000 49.94000 18.43300 71.22000
 4 8 20 02 40 9624.30000 6.13400000 336.73000 49.94000 18.43300 71.22000
 4 8 20 02 40 9617.70000 6.13400000 336.30000 49.94000 18.21900 71.22000
 4 8 20 02 41 9616.50000 6.13400000 336.49000 49.89000 18.00500 71.22000
 4 8 20 02 41 9615.20000 6.13400000 336.49000 49.84000 18.00500 70.95900
 4 8 20 02 42 9615.20000 6.13400000 336.49000 49.82000 18.00500 70.95900
 4 8 20 02 42 9615.20000 6.13400000 336.50000 49.82000 18.00500 70.95900
 4 8 20 02 43 9615.20000 6.13400000 336.50000 49.82000 18.00500 70.95900
 4 8 20 02 43 9615.10000 6.13400000 336.24000 49.82000 18.00500 70.95900
 4 8 20 02 44 9612.20000 6.13400000 336.17000 49.82000 18.00500 70.95900
 4 8 20 02 44 9612.30000 6.09000000 335.93000 49.80000 18.18700 70.95900
 4 8 20 02 45 9614.50000 6.09000000 336.41000 49.80000 18.18700 70.95900
 4 8 20 02 45 9616.10000 6.09000000 336.29000 49.80000 18.18700 70.88000
 4 8 20 02 46 9616.10000 6.09000000 336.37000 49.80000 18.18700 70.88000
 4 8 20 02 46 9616.10000 6.09000000 336.37000 49.80000 18.18700 70.88000
 4 8 20 02 47 9604.90000 6.09000000 335.59000 49.80000 18.18700 70.88000
 4 8 20 02 48 9604.90000 6.09000000 335.48000 49.80000 18.18700 70.88000
 4 8 20 02 48 9604.90000 6.09000000 335.64000 49.80000 18.18700 70.63100
 4 8 20 02 48 9602.20000 6.09000000 334.24000 49.80000 18.18700 70.72700
 4 8 20 02 49 9599.80000 6.09000000 334.77000 49.80000 18.18700 70.72700
 4 8 20 02 50 9600.10000 6.09000000 335.16000 49.80000 18.18700 70.72700
 4 8 20 02 50 9604.70000 6.09000000 335.43000 49.80000 18.18700 70.72700
 4 8 20 02 50 9604.70000 6.09000000 335.43000 49.80000 18.18700 70.72700
 4 8 20 02 51 9606.20000 6.09000000 335.80000 49.80000 18.13900 70.72700
 4 8 20 02 51 9606.30000 6.09000000 335.23000 49.80000 18.13900 70.72700
 4 8 20 02 52 9606.50000 6.09000000 335.48000 49.80000 18.13900 70.72700
 4 8 20 02 52 9606.50000 6.09000000 335.68000 49.80000 18.13900 70.72700
 4 8 20 02 53 9606.50000 6.09000000 335.41000 49.80000 18.11700 70.72700
 4 8 20 02 53 9601.60000 6.09000000 335.00000 49.80000 18.11700 70.72700
 4 8 20 02 54 9599.80000 6.09000000 335.00000 49.80000 18.11700 70.72700
 4 8 20 02 54 9599.80000 6.09000000 334.94000 49.80000 18.11700 70.72700
 4 8 20 02 55 9605.30000 6.09000000 335.01000 49.80000 18.11700 70.72700
 4 8 20 02 55 9606.40000 6.09000000 335.21000 49.90000 18.00400 70.72700
 4 8 20 02 56 9606.40000 6.09000000 335.61000 49.93000 17.98100 70.72700
 4 8 20 02 56 9606.40000 6.09000000 335.61000 49.93000 17.98100 70.72700
 4 8 20 02 57 9602.80000 6.09000000 335.61000 49.93000 17.98100 70.72700
 4 8 20 02 57 9593.00000 6.09400000 334.57000 49.93000 18.00000 70.72700
 4 8 20 02 58 9592.90000 6.08700000 334.01000 49.93000 17.88400 70.72700
 4 8 20 02 59 9586.00000 6.08400000 333.70000 49.93000 17.83300 70.72700
 4 8 20 02 59 9594.90000 6.08400000 334.23000 49.93000 17.90400 70.72700
 4 8 20 03 00 9593.80000 6.08400000 334.11000 49.79000 17.90400 70.72700
 4 8 20 03 00 9587.90000 6.08400000 333.77000 49.79000 17.90400 70.72700
 4 8 20 03 01 9587.90000 6.08400000 333.70000 49.77000 17.90400 70.72700
 4 8 20 03 01 9591.70000 6.08400000 333.95000 49.77000 17.90400 70.72700
 4 8 20 03 02 9591.60000 6.08400000 334.24000 49.77000 17.90400 70.72700
 4 8 20 03 02 9597.00000 6.08400000 334.37000 49.77000 17.90400 70.72700
 4 8 20 03 03 9597.90000 6.08400000 334.54000 49.77000 17.90400 70.72700
 4 8 20 03 03 9604.90000 6.08400000 334.39000 49.77000 17.90400 70.72700
 4 8 20 03 04 9604.90000 6.08400000 334.39000 49.77000 17.99700 70.72700
 4 8 20 03 04 9601.80000 6.08400000 334.39000 49.86000 17.99700 70.72700
 4 8 20 03 04 9601.30000 6.08400000 334.47000 49.86000 17.99700 70.72700
 4 8 20 03 05 9599.30000 6.08400000 334.45000 49.86000 17.99700 70.72700
 4 8 20 03 05 9599.30000 6.08400000 334.60000 49.86000 17.99700 70.72700
 4 8 20 03 06 9599.40000 6.08400000 334.60000 49.86000 17.99700 70.80000
 4 8 20 03 06 9599.50000 6.08400000 334.91000 49.86000 17.99700 70.80000
