M=[
27 4 21 17 05 45484.10000 27.86700000 2193.13000 213.85000 34.43800 193.96300
27 4 21 17 05 45457.50000 27.86700000 2191.16000 213.57000 34.43800 194.76000
27 4 21 17 06 45406.80000 27.86700000 2186.89000 212.85000 34.43800 194.76000
27 4 21 17 06 45386.70000 27.90400000 2187.94000 212.85000 34.43800 194.76000
27 4 21 17 07 45406.80000 27.90400000 2189.22000 213.03000 34.43800 194.76000
27 4 21 17 07 45382.60000 27.90400000 2188.91000 212.56000 34.43800 194.76000
27 4 21 17 08 45384.00000 27.90400000 2188.91000 212.78000 34.43800 193.95600
27 4 21 17 08 45356.90000 27.90400000 2189.62000 213.35000 34.43800 193.95600
27 4 21 17 08 45331.40000 27.90400000 2188.26000 212.61000 34.43800 193.95600
27 4 21 17 09 45330.20000 27.90400000 2187.21000 212.62000 34.43800 193.95600
27 4 21 17 09 45361.80000 27.90400000 2188.43000 212.60000 34.43800 193.96000
27 4 21 17 10 45369.30000 27.95700000 2189.99000 213.16000 34.43800 193.96000
27 4 21 17 10 45205.50000 27.90200000 2182.04000 212.40000 34.43800 193.41000
27 4 21 17 11 45100.00000 27.63000000 2173.53000 211.61000 34.43800 192.76700
27 4 21 17 11 45141.40000 27.63000000 2177.41000 212.11000 34.43800 192.73300
27 4 21 17 11 45205.40000 27.63000000 2182.86000 212.10000 34.58000 192.73300
27 4 21 17 12 45361.50000 27.63000000 2190.37000 213.56000 34.58000 192.73300
27 4 21 17 12 45408.20000 27.63000000 2191.03000 213.45000 34.58000 193.99500
27 4 21 17 13 45408.20000 27.63000000 2188.33000 213.41000 34.58000 193.99500
27 4 21 17 13 45402.90000 27.92200000 2186.86000 213.41000 34.58000 193.99500
27 4 21 17 14 45423.40000 27.92200000 2186.04000 213.30000 34.58000 193.99500
27 4 21 17 14 45381.50000 27.92200000 2185.46000 213.09000 34.58000 193.99500
27 4 21 17 14 45290.10000 27.92200000 2182.92000 212.69000 34.58000 193.99500
27 4 21 17 15 45280.00000 27.92200000 2181.35000 212.69000 34.58000 193.99500
27 4 21 17 15 45242.30000 27.92200000 2179.48000 212.12000 34.58000 193.99500
27 4 21 17 16 45283.30000 27.92200000 2183.15000 212.37000 34.58000 193.25400
27 4 21 17 16 45330.90000 27.92200000 2188.94000 212.55000 34.58000 193.25400
27 4 21 17 17 45413.60000 27.92200000 2188.49000 212.55000 34.57000 193.25400
27 4 21 17 17 45376.50000 27.92200000 2185.90000 212.55000 34.57000 193.25400
27 4 21 17 17 45419.40000 27.92200000 2187.68000 212.55000 34.57000 193.25400
27 4 21 17 18 45431.40000 27.92200000 2189.17000 213.44000 34.57800 193.25400
27 4 21 17 18 45425.80000 27.92200000 2187.76000 213.28000 34.24900 193.25400
27 4 21 17 19 45455.50000 27.92200000 2188.72000 213.37000 34.24900 194.12900
27 4 21 17 19 45461.00000 27.92200000 2186.41000 213.37000 34.55700 194.12900
27 4 21 17 20 45432.30000 27.92500000 2187.25000 213.37000 34.55700 194.12900
27 4 21 17 20 45400.00000 27.92500000 2185.51000 213.30000 34.55700 194.31100
27 4 21 17 20 45449.60000 27.92500000 2186.41000 213.26000 34.55700 194.31100
27 4 21 17 21 45463.50000 27.92500000 2186.41000 213.39000 34.55700 194.68500
27 4 21 17 21 45442.70000 27.92500000 2186.55000 213.39000 34.55700 194.68500
27 4 21 17 22 45481.00000 27.92500000 2186.74000 213.45000 34.55700 194.60700
27 4 21 17 22 45499.90000 27.92500000 2187.99000 213.42000 34.55700 194.60700
27 4 21 17 23 45500.00000 27.92500000 2188.36000 214.38000 34.55700 194.60700
27 4 21 17 23 45532.50000 27.92500000 2189.03000 214.77000 34.55700 194.60700
27 4 21 17 23 45568.90000 28.05300000 2189.13000 214.86000 34.55700 194.60700
27 4 21 17 24 45564.90000 28.05300000 2189.40000 214.86000 34.55700 194.60700
27 4 21 17 24 45547.90000 28.02400000 2189.84000 214.86000 34.55700 194.60700
27 4 21 17 25 45527.60000 28.02400000 2190.15000 214.86000 34.55700 194.60700
27 4 21 17 25 45569.70000 28.02400000 2190.51000 215.01000 34.55700 194.60700
27 4 21 17 26 45503.60000 28.02400000 2189.65000 214.97000 34.55700 194.60700
27 4 21 17 26 45500.00000 28.02400000 2189.00000 214.41000 34.55700 194.60700
27 4 21 17 26 45495.40000 28.02400000 2188.28000 214.59000 34.55700 194.60700
27 4 21 17 27 45504.70000 28.02400000 2189.13000 214.39000 34.55700 194.60700
27 4 21 17 27 45503.60000 28.02400000 2188.80000 214.39000 34.55700 194.60700
27 4 21 17 28 45509.80000 27.96000000 2188.80000 214.27000 34.55700 195.20600
27 4 21 17 28 45522.70000 27.96000000 2190.36000 214.59000 34.55700 195.20600
27 4 21 17 29 45500.30000 27.96000000 2188.75000 214.59000 34.55700 195.20600
27 4 21 17 29 45500.10000 27.96000000 2189.40000 214.47000 34.55700 195.20600
27 4 21 17 29 45500.30000 27.96000000 2189.39000 214.23000 34.55700 195.20600
27 4 21 17 30 45514.60000 27.96000000 2190.37000 214.22000 34.55700 195.55100
27 4 21 17 30 45500.10000 27.96000000 2189.09000 214.09000 34.55700 195.55100
27 4 21 17 31 45503.00000 27.96000000 2188.57000 214.18000 34.11500 195.55100
27 4 21 17 31 45500.10000 27.96000000 2188.07000 214.18000 34.11500 195.55100
27 4 21 17 32 45500.10000 27.96000000 2187.16000 214.18000 34.11500 194.96300
27 4 21 17 32 45485.70000 27.96000000 2185.47000 213.68000 34.11500 195.45200
27 4 21 17 32 45489.80000 27.96000000 2185.96000 213.68000 34.11500 195.45200
27 4 21 17 33 45490.80000 27.96000000 2186.66000 213.82000 34.11500 195.45200
27 4 21 17 33 45467.20000 27.96000000 2184.25000 213.48000 34.11500 195.45200
27 4 21 17 34 45470.60000 27.96000000 2184.08000 213.48000 34.11500 195.11000
27 4 21 17 34 45497.90000 27.96000000 2185.11000 213.48000 34.11500 194.85500
27 4 21 17 35 45502.60000 27.96000000 2185.19000 213.48000 34.11500 194.85500
27 4 21 17 35 45524.70000 27.90800000 2186.02000 214.18000 34.11500 194.85500
27 4 21 17 35 45540.90000 27.90800000 2187.60000 214.10000 34.11500 194.85500
27 4 21 17 36 45550.30000 27.90800000 2187.59000 214.32000 34.11500 194.85500
27 4 21 17 36 45531.30000 27.90800000 2189.82000 214.20000 34.17000 194.85500
27 4 21 17 37 45520.90000 27.90800000 2187.33000 214.20000 34.17000 194.85500
27 4 21 17 37 45505.90000 27.98500000 2187.00000 214.11000 34.48800 195.31300
27 4 21 17 38 45511.90000 27.98500000 2187.71000 214.11000 34.48800 195.31300
27 4 21 17 38 45507.90000 27.98500000 2188.09000 214.10000 34.48800 195.31300
27 4 21 17 38 45507.10000 27.98500000 2187.99000 214.11000 34.48800 195.31300
27 4 21 17 39 45509.00000 27.98500000 2188.03000 214.03000 34.48800 195.31300
27 4 21 17 39 45500.00000 27.98500000 2189.00000 214.03000 34.48800 195.31300
27 4 21 17 40 45518.00000 27.98500000 2189.49000 214.03000 34.48800 195.43200
27 4 21 17 40 45520.00000 27.98500000 2189.49000 214.26000 34.48800 195.43200
27 4 21 17 41 45509.30000 27.98500000 2189.48000 214.14000 34.48800 195.43200
27 4 21 17 41 45430.50000 27.98500000 2189.47000 214.31000 34.48800 195.50000
27 4 21 17 41 45484.30000 27.98500000 2188.78000 214.11000 34.48800 195.50000
27 4 21 17 42 45476.80000 27.98500000 2188.80000 214.10000 34.48800 195.50000
27 4 21 17 42 45485.20000 27.98500000 2189.49000 213.96000 34.48800 195.50000
27 4 21 17 43 45486.40000 28.00000000 2189.50000 213.96000 34.17000 195.50000
27 4 21 17 43 45479.20000 28.00000000 2189.28000 213.96000 34.17000 195.50000
27 4 21 17 44 45493.80000 28.00000000 2189.26000 213.96000 34.17000 195.50000
27 4 21 17 44 45481.10000 28.00000000 2189.26000 214.26000 34.17000 195.50000
27 4 21 17 44 45479.00000 28.00000000 2189.26000 214.14000 34.17000 195.50000
27 4 21 17 45 45488.00000 28.00000000 2189.27000 214.19000 34.19800 195.50000
27 4 21 17 45 45493.30000 28.00000000 2189.26000 214.19000 34.19800 195.50000
27 4 21 17 46 45474.60000 28.00000000 2189.24000 214.19000 34.19800 195.50000
27 4 21 17 46 45452.60000 28.00000000 2185.68000 213.90000 34.19800 195.50000
27 4 21 17 47 45430.60000 27.89100000 2183.46000 213.53000 34.19800 195.50000
27 4 21 17 47 45403.10000 27.89100000 2183.43000 213.28000 34.19800 195.50000
27 4 21 17 47 45399.90000 27.89100000 2183.43000 213.42000 34.19800 195.50000
27 4 21 17 48 45399.90000 27.86300000 2182.98000 213.30000 34.47200 195.50000
27 4 21 17 48 45398.40000 27.86300000 2181.20000 213.11000 34.47200 195.50000
