M=[
20 4 21 20 56 47310.00000 28.28100000 1922.19000 220.48000 34.81000 201.49400
20 4 21 20 57 47265.00000 28.21100000 1920.01000 220.43000 34.81000 201.49400
20 4 21 20 57 47272.90000 28.21100000 1920.99000 220.37000 34.81000 201.49400
20 4 21 20 57 47272.50000 28.21100000 1922.17000 220.66000 34.81000 201.49400
20 4 21 20 58 47279.70000 28.21100000 1922.14000 220.66000 34.81000 201.44900
20 4 21 20 58 47300.00000 28.21100000 1922.70000 221.76000 34.81000 201.44900
20 4 21 20 59 47299.90000 28.30200000 1921.51000 221.65000 35.07800 201.44900
20 4 21 20 59 47274.60000 28.25500000 1921.51000 221.44000 35.07800 201.44900
20 4 21 21 00 47230.30000 28.16500000 1920.01000 221.44000 35.06000 200.77600
20 4 21 21 00 47236.40000 28.16500000 1921.50000 221.99000 35.04300 200.27500
20 4 21 21 00 47250.00000 28.19300000 1923.00000 222.42000 35.04300 200.38800
20 4 21 21 01 47289.20000 28.19300000 1924.00000 223.00000 35.04300 200.38800
20 4 21 21 01 47250.00000 28.19300000 1927.25000 222.71000 35.04300 200.38800
20 4 21 21 02 47277.50000 28.39100000 1928.84000 222.50000 35.04300 201.34900
20 4 21 21 02 47289.10000 28.39100000 1929.00000 222.50000 35.04300 201.34900
20 4 21 21 03 47285.20000 28.39100000 1930.19000 222.61000 35.04300 201.34900
20 4 21 21 03 47285.30000 28.43500000 1931.51000 223.02000 35.04300 201.34900
20 4 21 21 03 47278.40000 28.43500000 1931.33000 222.69000 35.04300 201.34900
20 4 21 21 04 47271.40000 28.43100000 1930.88000 222.70000 35.04300 202.39900
20 4 21 21 04 47259.70000 28.43100000 1929.33000 222.70000 35.04300 202.59500
20 4 21 21 05 47206.50000 28.43100000 1920.67000 222.70000 35.04300 202.59500
20 4 21 21 05 47206.40000 28.43100000 1920.28000 222.70000 35.04300 202.59500
20 4 21 21 06 47200.10000 28.43100000 1919.69000 221.77000 35.04300 202.59500
20 4 21 21 06 47200.00000 28.43100000 1923.00000 222.02000 35.04300 202.59500
20 4 21 21 06 47235.50000 28.43100000 1929.79000 222.50000 35.04300 202.59500
20 4 21 21 07 47279.50000 28.43100000 1929.97000 222.50000 35.04300 202.59500
20 4 21 21 07 47285.40000 28.43100000 1930.11000 222.50000 35.04300 202.59500
20 4 21 21 08 47279.00000 28.31700000 1930.65000 222.50000 35.04300 202.45600
20 4 21 21 08 47279.10000 28.31700000 1930.35000 222.50000 35.04300 202.00800
20 4 21 21 09 47278.00000 28.31700000 1930.66000 221.81000 35.04300 202.00800
20 4 21 21 09 47264.80000 28.31700000 1929.31000 221.58000 35.04300 202.00800
20 4 21 21 09 47263.40000 28.31700000 1928.90000 221.72000 35.04300 202.00800
20 4 21 21 10 47260.50000 28.24100000 1928.15000 221.62000 35.04300 200.33000
20 4 21 21 10 47255.20000 28.24100000 1928.50000 221.62000 35.04300 200.33000
20 4 21 21 11 47272.60000 28.24100000 1928.50000 221.46000 35.04300 201.53200
20 4 21 21 11 47269.60000 28.24100000 1928.66000 221.47000 35.04300 201.53200
20 4 21 21 12 47279.30000 28.24100000 1931.99000 221.34000 35.04300 201.53200
20 4 21 21 12 47279.40000 28.32700000 1932.95000 221.02000 34.80300 201.53200
20 4 21 21 12 47285.30000 28.32700000 1933.89000 221.02000 34.80300 201.53200
20 4 21 21 13 47278.60000 28.32700000 1934.81000 220.41000 34.80300 201.53200
20 4 21 21 13 47268.10000 28.32700000 1934.77000 220.49000 34.80300 201.53200
20 4 21 21 14 47239.20000 28.28600000 1935.00000 219.55000 34.80300 201.61300
20 4 21 21 14 47259.80000 28.28600000 1935.98000 219.55000 34.80300 201.61300
20 4 21 21 15 47257.30000 28.22500000 1938.64000 219.43000 34.80300 201.61300
20 4 21 21 15 47256.20000 28.22500000 1940.01000 219.90000 34.80300 201.61300
20 4 21 21 15 47259.40000 28.22800000 1942.89000 220.36000 34.80300 201.61300
20 4 21 21 16 47242.00000 28.29300000 1941.60000 220.82000 34.99900 200.97800
20 4 21 21 16 47289.40000 28.29300000 1938.62000 220.79000 34.99900 200.97800
20 4 21 21 17 47285.00000 28.29300000 1939.99000 220.79000 34.99900 201.85700
20 4 21 21 17 47293.00000 28.40200000 1938.63000 220.77000 34.99900 201.85700
20 4 21 21 18 47284.40000 28.40200000 1938.62000 220.77000 34.99900 201.85700
20 4 21 21 18 47251.10000 28.30300000 1936.56000 221.30000 34.99900 201.79700
20 4 21 21 18 47250.60000 28.30300000 1936.53000 221.30000 34.80300 201.79700
20 4 21 21 19 47172.20000 28.30300000 1936.12000 220.50000 34.80300 201.79700
20 4 21 21 19 47134.10000 28.12300000 1935.62000 220.53000 34.80300 201.79700
20 4 21 21 20 47080.00000 28.01600000 1935.40000 220.13000 34.80300 200.69100
20 4 21 21 20 47080.00000 28.04600000 1935.00000 220.08000 34.80300 200.69100
20 4 21 21 21 47132.10000 28.04600000 1935.00000 219.68000 34.80300 200.69100
20 4 21 21 21 47132.10000 27.95100000 1935.19000 219.56000 34.80300 200.69100
20 4 21 21 21 47132.20000 27.92200000 1935.53000 219.56000 34.80300 200.66000
20 4 21 21 22 47101.40000 27.92200000 1935.01000 219.65000 34.80300 200.93900
20 4 21 21 22 47096.00000 27.92200000 1932.34000 219.54000 34.80300 200.93900
20 4 21 21 23 47091.90000 27.84000000 1931.01000 219.54000 34.80300 200.93900
20 4 21 21 23 47056.50000 27.84000000 1928.50000 218.78000 34.80300 200.93900
20 4 21 21 24 47005.20000 27.80500000 1924.22000 217.80000 34.80300 200.93900
20 4 21 21 24 47004.50000 27.80500000 1923.70000 218.47000 34.80300 199.68400
20 4 21 21 24 47004.20000 27.82500000 1924.24000 217.83000 34.80300 199.71900
20 4 21 21 25 46997.00000 27.80900000 1922.41000 217.93000 34.80300 199.71900
20 4 21 21 25 47003.30000 27.82900000 1925.00000 218.14000 34.80300 199.71900
20 4 21 21 26 47061.50000 27.79600000 1928.26000 218.48000 34.80300 199.70000
20 4 21 21 26 47069.30000 27.79600000 1932.08000 218.78000 34.80300 199.97200
20 4 21 21 27 47081.40000 27.79600000 1934.09000 218.74000 34.80300 199.97200
20 4 21 21 27 47083.10000 27.79600000 1935.00000 218.90000 34.80300 199.97200
20 4 21 21 27 47061.00000 27.79600000 1934.08000 218.91000 34.80300 199.97200
20 4 21 21 28 47060.60000 27.79600000 1931.87000 218.63000 34.80300 199.83700
20 4 21 21 28 47047.10000 27.79600000 1933.44000 218.63000 34.80300 199.83700
20 4 21 21 29 47027.30000 27.79600000 1934.00000 218.64000 34.80300 199.83700
20 4 21 21 29 47025.10000 27.79600000 1928.95000 218.60000 34.80300 199.83700
20 4 21 21 30 47010.80000 27.79600000 1927.64000 218.60000 34.80300 199.83700
20 4 21 21 30 47002.90000 27.78200000 1927.95000 218.60000 34.80300 199.83700
20 4 21 21 30 47003.00000 27.78200000 1927.58000 218.62000 34.80300 199.83700
20 4 21 21 31 47002.90000 27.78200000 1929.31000 218.88000 34.80300 199.83700
20 4 21 21 31 47002.90000 27.78200000 1932.02000 219.07000 34.80300 199.83700
20 4 21 21 32 47058.10000 27.85800000 1932.09000 219.11000 34.80300 199.83700
20 4 21 21 32 47085.20000 27.85800000 1934.96000 219.11000 34.99100 199.83700
20 4 21 21 33 47094.50000 27.96600000 1932.96000 219.36000 34.99100 200.70000
20 4 21 21 33 47092.80000 27.96600000 1933.17000 219.46000 34.99100 201.19000
20 4 21 21 33 47101.60000 27.90000000 1934.69000 219.49000 34.99100 201.19000
20 4 21 21 34 47101.70000 27.98400000 1938.50000 219.69000 34.99100 201.63800
20 4 21 21 34 47101.60000 28.00900000 1939.20000 219.78000 34.99100 201.78300
20 4 21 21 35 47101.60000 28.00900000 1939.67000 219.78000 34.99100 201.78300
20 4 21 21 35 47101.70000 28.00900000 1939.30000 220.18000 34.99100 201.78300
20 4 21 21 36 47107.70000 28.00900000 1939.64000 220.18000 34.99100 201.78300
20 4 21 21 36 47111.90000 27.88900000 1941.70000 220.45000 34.99100 202.30700
20 4 21 21 36 47111.70000 27.90300000 1940.99000 220.48000 34.99100 202.30700
20 4 21 21 37 47116.70000 27.90300000 1940.84000 220.48000 34.99100 202.40500
20 4 21 21 37 47121.90000 27.90300000 1940.30000 220.87000 34.99100 202.40500
20 4 21 21 38 47120.60000 27.90300000 1940.06000 221.08000 34.99100 203.04200
20 4 21 21 38 47117.50000 27.91300000 1940.06000 221.09000 34.99100 203.04200
20 4 21 21 39 47131.70000 27.91300000 1942.31000 221.09000 34.99100 203.04200
20 4 21 21 39 47138.20000 27.91300000 1944.88000 221.34000 34.99100 203.04200
20 4 21 21 39 47150.00000 27.91300000 1948.21000 221.62000 34.99100 203.04200
