M=[
13 7 21 05 16 27725.90000 40.30000000 1682.00000 111.68000 16.70000 89.65300
13 7 21 05 17 27717.90000 40.30000000 1679.97000 111.68000 16.70000 89.65300
13 7 21 05 17 27707.90000 40.30000000 1680.69000 111.40000 16.70000 89.65300
13 7 21 05 18 27674.80000 40.30000000 1678.10000 111.06000 16.70000 89.65300
13 7 21 05 18 27681.90000 40.15800000 1681.07000 111.00000 16.70000 89.26700
13 7 21 05 18 27687.60000 40.15800000 1682.63000 111.01000 16.70000 89.26700
13 7 21 05 19 27674.90000 40.15800000 1678.38000 110.82000 16.70000 89.15000
13 7 21 05 19 27687.60000 40.15800000 1678.38000 110.57000 16.70000 89.15000
13 7 21 05 20 27687.50000 40.15800000 1679.37000 110.67000 16.70000 89.25100
13 7 21 05 20 27687.60000 40.15900000 1680.35000 110.69000 16.70000 89.25100
13 7 21 05 21 27687.60000 40.15900000 1681.51000 110.71000 16.70000 89.25100
13 7 21 05 21 27733.40000 40.15900000 1681.51000 110.71000 16.70000 89.25100
13 7 21 05 21 27734.30000 40.15900000 1682.79000 110.71000 16.70000 89.25100
13 7 21 05 22 27748.50000 40.15900000 1684.24000 110.84000 16.70000 89.25100
13 7 21 05 22 27754.30000 40.15900000 1683.27000 110.84000 16.70000 89.25100
13 7 21 05 23 27735.60000 40.15900000 1683.06000 110.79000 16.70000 89.25100
13 7 21 05 23 27742.10000 40.15900000 1683.06000 110.79000 16.70000 89.25100
13 7 21 05 24 27745.30000 40.15900000 1683.06000 110.79000 16.70000 89.25100
13 7 21 05 24 27745.50000 40.15900000 1683.06000 110.79000 16.70000 89.25100
13 7 21 05 24 27733.70000 40.15900000 1683.05000 110.79000 16.70000 89.25100
13 7 21 05 25 27733.50000 40.26100000 1679.67000 110.79000 16.70000 89.25100
13 7 21 05 25 27747.10000 40.26100000 1680.37000 110.79000 16.70000 89.25100
13 7 21 05 26 27750.30000 40.21900000 1681.36000 110.79000 16.70000 89.25100
13 7 21 05 26 27750.30000 40.21900000 1680.41000 110.79000 16.70000 89.25100
13 7 21 05 27 27747.50000 40.21900000 1680.00000 110.79000 16.70000 89.25100
13 7 21 05 27 27741.20000 40.21900000 1679.69000 110.79000 16.70000 89.25100
13 7 21 05 27 27728.60000 40.21900000 1677.37000 110.79000 16.70000 89.25100
13 7 21 05 28 27687.60000 40.21900000 1675.00000 110.48000 16.70000 89.25100
13 7 21 05 28 27697.90000 40.21900000 1676.04000 110.48000 16.70000 89.25100
13 7 21 05 29 27699.30000 40.21900000 1677.52000 110.48000 16.70000 89.25100
13 7 21 05 29 27703.70000 40.21900000 1677.82000 110.48000 16.70000 89.25100
13 7 21 05 30 27704.30000 40.21900000 1677.50000 110.60000 16.70000 89.25100
13 7 21 05 30 27726.30000 40.21900000 1677.86000 110.67000 16.70000 89.25100
13 7 21 05 30 27733.30000 40.21900000 1679.55000 110.69000 16.70000 89.25100
13 7 21 05 31 27735.40000 40.21900000 1678.10000 110.60000 16.70000 89.25100
13 7 21 05 31 27707.10000 40.21900000 1676.05000 110.60000 16.70000 89.25100
13 7 21 05 32 27701.00000 40.21900000 1675.00000 110.33000 16.70000 89.25100
13 7 21 05 32 27708.40000 40.21900000 1675.00000 110.37000 16.70000 89.25100
13 7 21 05 33 27702.70000 40.21900000 1674.64000 110.37000 16.70000 89.25100
13 7 21 05 33 27701.00000 40.06300000 1672.08000 110.37000 16.70000 89.25100
13 7 21 05 33 27695.70000 40.06300000 1672.95000 110.22000 16.70000 89.25100
13 7 21 05 34 27695.80000 40.06300000 1674.44000 110.30000 16.70000 89.25100
13 7 21 05 34 27679.00000 40.06300000 1672.50000 110.30000 16.70000 89.25100
13 7 21 05 35 27641.50000 39.97500000 1670.01000 110.00000 16.70000 89.25100
13 7 21 05 35 27646.90000 39.97500000 1671.00000 110.00000 16.70000 89.25100
13 7 21 05 36 27683.00000 39.97500000 1674.06000 110.31000 16.70000 89.25100
13 7 21 05 36 27703.70000 39.97500000 1677.15000 110.31000 16.60800 89.25100
13 7 21 05 36 27703.70000 39.97500000 1677.39000 110.48000 16.60800 89.25100
13 7 21 05 37 27717.30000 39.97500000 1677.29000 110.48000 16.60800 89.25100
13 7 21 05 37 27717.30000 39.97500000 1675.76000 110.48000 16.60800 89.25100
13 7 21 05 38 27706.80000 39.97500000 1675.01000 110.48000 16.60800 89.25100
13 7 21 05 38 27663.60000 39.97500000 1675.00000 109.91000 16.60800 89.25100
13 7 21 05 39 27663.00000 39.97500000 1673.14000 109.97000 16.60800 89.25100
13 7 21 05 39 27657.90000 39.87900000 1672.48000 109.93000 16.60800 89.25100
13 7 21 05 40 27663.10000 39.87900000 1674.42000 109.93000 16.60800 89.25100
13 7 21 05 40 27690.20000 39.87900000 1674.42000 109.93000 16.60800 89.25100
13 7 21 05 40 27685.00000 39.87900000 1676.73000 109.93000 16.60800 89.25100
13 7 21 05 41 27681.30000 39.87900000 1675.95000 109.93000 16.60800 89.25100
13 7 21 05 41 27663.10000 39.87300000 1674.56000 109.99000 16.60800 89.25100
13 7 21 05 42 27641.60000 39.80000000 1674.46000 109.87000 16.60800 89.25100
13 7 21 05 42 27641.60000 39.80000000 1670.33000 109.87000 16.60800 89.25100
13 7 21 05 43 27642.80000 39.80000000 1671.11000 109.87000 16.60800 89.25100
13 7 21 05 43 27650.20000 39.80000000 1672.57000 109.87000 16.60800 89.25100
13 7 21 05 43 27671.20000 39.80000000 1672.70000 109.87000 16.60800 89.25100
13 7 21 05 44 27669.10000 39.80000000 1672.33000 109.87000 16.60800 89.25100
13 7 21 05 44 27669.10000 39.80000000 1672.44000 110.08000 16.60800 89.25100
13 7 21 05 45 27686.00000 39.80000000 1673.30000 110.08000 16.60800 89.25100
13 7 21 05 45 27689.60000 39.80000000 1674.31000 110.08000 16.60800 89.25100
13 7 21 05 46 27698.80000 39.80000000 1674.73000 110.08000 16.60800 89.25100
13 7 21 05 46 27685.70000 39.80000000 1674.73000 110.08000 16.60800 89.25100
13 7 21 05 46 27684.90000 39.80000000 1674.17000 110.08000 16.60800 89.25100
13 7 21 05 47 27672.90000 39.80000000 1674.17000 109.72000 16.60800 89.25100
13 7 21 05 47 27688.90000 39.80000000 1673.27000 109.83000 16.60800 89.25100
13 7 21 05 48 27692.10000 39.83700000 1674.25000 109.83000 16.60800 89.25100
13 7 21 05 48 27692.20000 39.83700000 1674.67000 110.02000 16.60800 89.25100
13 7 21 05 49 27693.80000 39.83700000 1674.67000 110.02000 16.60800 89.25100
13 7 21 05 49 27692.30000 39.83700000 1671.34000 110.02000 16.60800 89.25100
13 7 21 05 49 27680.00000 39.83700000 1672.26000 109.75000 16.60800 89.25100
13 7 21 05 50 27673.10000 39.83700000 1670.71000 109.75000 16.60800 89.25100
13 7 21 05 50 27673.10000 39.83700000 1671.88000 109.75000 16.60800 89.25100
13 7 21 05 51 27684.50000 39.83700000 1674.05000 109.75000 16.60800 89.25100
13 7 21 05 51 27683.70000 39.83700000 1673.68000 109.75000 16.60800 89.25100
13 7 21 05 52 27694.50000 39.81800000 1673.68000 109.89000 16.60800 89.25100
13 7 21 05 52 27691.00000 39.81800000 1673.68000 109.89000 16.60800 89.25100
13 7 21 05 52 27691.00000 39.81800000 1673.48000 109.89000 16.60800 89.25100
13 7 21 05 53 27691.00000 39.80000000 1674.86000 109.89000 16.60800 89.25100
13 7 21 05 53 27690.90000 39.80000000 1671.94000 109.89000 16.60800 89.25100
13 7 21 05 54 27690.90000 39.80000000 1671.15000 109.89000 16.60800 89.25100
13 7 21 05 54 27690.90000 39.80000000 1671.00000 109.89000 16.60800 89.00000
13 7 21 05 55 27691.00000 39.80000000 1670.01000 109.89000 16.60800 89.00000
13 7 21 05 55 27691.00000 39.80000000 1671.23000 109.68000 16.60800 89.00000
13 7 21 05 55 27691.00000 39.80000000 1670.69000 109.68000 16.60800 89.00000
13 7 21 05 56 27691.00000 39.80000000 1671.62000 109.68000 16.60800 89.00000
13 7 21 05 56 27690.90000 39.80000000 1671.73000 109.68000 16.60800 89.00000
13 7 21 05 57 27691.00000 39.80000000 1671.57000 109.69000 16.60800 89.00000
13 7 21 05 57 27690.90000 39.80000000 1671.57000 109.69000 16.60800 89.00000
13 7 21 05 58 27691.00000 39.80000000 1672.55000 109.69000 16.60800 89.00000
13 7 21 05 58 27691.00000 39.80000000 1673.12000 109.69000 16.60800 89.00000
13 7 21 05 58 27691.00000 39.80000000 1673.12000 109.82000 16.60800 89.00000
13 7 21 05 59 27691.00000 39.80000000 1673.39000 109.82000 16.60800 89.00000
13 7 21 05 59 27690.90000 39.75900000 1673.39000 109.81000 16.60800 89.00000
13 7 21 06 00 27692.40000 39.68600000 1672.85000 109.81000 16.60800 89.00000
13 7 21 06 00 27694.00000 39.68600000 1673.96000 109.81000 16.60800 89.03700
