M=[
23 6 20 01 34 8567.60000 5.64700000 214.98000 39.24000 16.18700 47.15700
23 6 20 01 34 8567.50000 5.64700000 215.03000 39.24000 16.14000 47.15700
23 6 20 01 35 8567.50000 5.64700000 215.09000 39.24000 16.14000 47.15700
23 6 20 01 35 8567.50000 5.64700000 215.09000 39.24000 16.06500 47.15700
23 6 20 01 36 8567.50000 5.66600000 215.09000 39.24000 16.09400 47.15700
23 6 20 01 36 8567.50000 5.64700000 215.09000 39.24000 16.09400 47.01700
23 6 20 01 37 8567.50000 5.64700000 214.96000 39.24000 16.09400 47.04100
23 6 20 01 37 8563.40000 5.64700000 214.96000 39.24000 16.09400 47.04100
23 6 20 01 38 8563.90000 5.64700000 214.96000 39.24000 16.09400 47.04100
23 6 20 01 38 8554.00000 5.64700000 214.77000 39.24000 16.09400 46.99000
23 6 20 01 39 8549.70000 5.64700000 214.69000 39.16000 16.11000 46.99000
23 6 20 01 39 8549.40000 5.64700000 214.69000 39.16000 16.11000 46.96900
23 6 20 01 40 8554.30000 5.64700000 214.69000 39.16000 15.99900 46.96900
23 6 20 01 40 8544.30000 5.64700000 214.68000 39.16000 15.99900 46.96900
23 6 20 01 41 8555.80000 5.64700000 214.56000 39.13000 15.99900 46.96900
23 6 20 01 41 8551.20000 5.64700000 214.39000 39.13000 15.99900 46.96500
23 6 20 01 42 8548.60000 5.64700000 214.39000 39.13000 15.99900 47.01800
23 6 20 01 42 8553.10000 5.64400000 214.47000 39.13000 15.99900 46.96500
23 6 20 01 43 8553.10000 5.64400000 214.47000 39.13000 16.06700 46.96500
23 6 20 01 43 8550.90000 5.64400000 214.47000 39.13000 16.06700 46.91700
23 6 20 01 44 8550.90000 5.64700000 214.38000 39.13000 16.06700 46.91700
23 6 20 01 44 8550.90000 5.64400000 214.38000 39.13000 16.06700 46.91700
23 6 20 01 45 8556.60000 5.64400000 214.38000 39.13000 16.06700 46.91700
23 6 20 01 45 8556.60000 5.64400000 214.58000 39.13000 16.06700 46.91700
23 6 20 01 46 8551.50000 5.64400000 214.58000 39.13000 16.06700 46.91700
23 6 20 01 46 8551.50000 5.64400000 214.59000 39.13000 16.06700 46.91700
23 6 20 01 47 8551.40000 5.64400000 214.59000 39.13000 16.06700 46.91700
23 6 20 01 47 8551.40000 5.64400000 214.59000 39.13000 16.06700 46.91700
23 6 20 01 47 8551.40000 5.63700000 214.59000 39.13000 16.07200 46.91700
23 6 20 01 48 8551.40000 5.63700000 214.59000 39.13000 16.07200 46.91700
23 6 20 01 48 8551.40000 5.63700000 214.59000 39.13000 16.07200 46.91700
23 6 20 01 49 8558.30000 5.63700000 214.59000 39.13000 16.07200 46.91700
23 6 20 01 49 8551.80000 5.63700000 214.59000 39.13000 16.07200 46.91700
23 6 20 01 50 8549.90000 5.63700000 214.52000 39.13000 16.07200 46.91700
23 6 20 01 50 8549.20000 5.63700000 214.59000 39.13000 16.07200 46.91700
23 6 20 01 51 8549.20000 5.63700000 214.52000 39.13000 16.07200 46.91700
23 6 20 01 51 8549.60000 5.63700000 214.52000 39.13000 16.07200 46.91700
23 6 20 01 52 8556.80000 5.63700000 214.52000 39.13000 16.07200 46.91700
23 6 20 01 52 8557.80000 5.63700000 214.52000 39.13000 16.07200 46.91700
23 6 20 01 53 8558.30000 5.63700000 214.52000 39.18000 16.07200 46.91700
23 6 20 01 53 8552.80000 5.63700000 214.70000 39.18000 16.07200 46.91700
23 6 20 01 54 8552.80000 5.63700000 214.70000 39.18000 16.07200 46.91700
23 6 20 01 54 8552.80000 5.63700000 214.87000 39.18000 16.07200 46.91700
23 6 20 01 55 8557.20000 5.63700000 214.87000 39.18000 16.07200 46.91700
23 6 20 01 55 8556.00000 5.63700000 214.87000 39.18000 16.07200 46.91700
23 6 20 01 56 8564.40000 5.63700000 214.87000 39.18000 16.13100 46.91700
23 6 20 01 56 8561.30000 5.63700000 214.87000 39.18000 16.13100 46.91700
23 6 20 01 57 8560.90000 5.63700000 214.87000 39.18000 16.13100 46.91700
23 6 20 01 57 8560.90000 5.63700000 214.89000 39.18000 16.13100 46.91700
23 6 20 01 57 8560.90000 5.63700000 214.86000 39.18000 16.13100 46.91700
23 6 20 01 58 8560.80000 5.63700000 214.86000 39.18000 16.13100 46.91700
23 6 20 01 58 8560.70000 5.63700000 214.90000 39.18000 16.13100 46.91700
23 6 20 01 59 8560.80000 5.63700000 214.90000 39.18000 16.13100 46.91700
23 6 20 01 59 8560.70000 5.63700000 214.90000 39.18000 16.13100 46.91700
23 6 20 02 00 8560.70000 5.63700000 215.04000 39.18000 16.13100 46.91700
23 6 20 02 00 8560.80000 5.63700000 214.99000 39.18000 16.13100 46.91700
23 6 20 02 01 8560.70000 5.63700000 214.99000 39.18000 16.13100 46.91700
23 6 20 02 01 8560.70000 5.63700000 214.99000 39.18000 16.13100 46.91700
23 6 20 02 01 8560.70000 5.63700000 214.99000 39.18000 16.13100 46.91700
23 6 20 02 02 8560.80000 5.63700000 214.99000 39.16000 16.13100 46.91700
23 6 20 02 02 8560.80000 5.63700000 214.99000 39.16000 16.13100 46.82800
23 6 20 02 03 8560.80000 5.63700000 214.99000 39.16000 16.13100 46.86100
23 6 20 02 03 8560.80000 5.63700000 214.99000 39.13000 16.13100 46.86100
23 6 20 02 04 8560.80000 5.63700000 214.99000 39.13000 16.13100 46.86100
23 6 20 02 04 8560.70000 5.63700000 214.79000 39.13000 16.13100 46.86100
23 6 20 02 05 8560.80000 5.63700000 214.79000 39.13000 16.13100 46.86100
23 6 20 02 05 8560.80000 5.63700000 214.79000 39.13000 16.13100 46.86100
23 6 20 02 06 8560.70000 5.63700000 214.79000 39.13000 16.07800 46.86100
23 6 20 02 06 8560.70000 5.63700000 214.79000 39.13000 16.07800 46.86100
23 6 20 02 07 8560.80000 5.63700000 214.79000 39.13000 16.07800 46.86100
23 6 20 02 07 8560.70000 5.63700000 214.79000 39.13000 16.07800 46.86100
23 6 20 02 08 8560.70000 5.63700000 214.68000 39.12000 16.07800 46.82000
23 6 20 02 08 8560.70000 5.63700000 214.69000 39.12000 16.07800 46.82000
23 6 20 02 08 8557.40000 5.63700000 214.69000 39.12000 16.07800 46.82000
23 6 20 02 09 8557.50000 5.63700000 214.69000 39.12000 16.07800 46.82000
23 6 20 02 09 8557.40000 5.63700000 214.68000 39.12000 16.07800 46.78000
23 6 20 02 10 8557.50000 5.63700000 214.68000 39.12000 16.07800 46.78000
23 6 20 02 10 8557.50000 5.63700000 214.68000 39.12000 16.07800 46.78000
23 6 20 02 11 8557.50000 5.63700000 214.68000 39.12000 16.07800 46.78000
23 6 20 02 11 8557.50000 5.63700000 214.68000 39.12000 16.01200 46.78000
23 6 20 02 12 8557.40000 5.63700000 214.68000 39.12000 16.01200 46.78000
23 6 20 02 12 8556.10000 5.63700000 214.60000 39.12000 15.98500 46.78000
23 6 20 02 13 8556.30000 5.63700000 214.60000 39.12000 15.98600 46.78000
23 6 20 02 13 8557.70000 5.63700000 214.60000 39.12000 15.98600 46.78000
23 6 20 02 13 8557.70000 5.63700000 214.60000 39.13000 15.98600 46.78000
23 6 20 02 14 8557.70000 5.63700000 214.60000 39.12000 15.98600 46.78000
23 6 20 02 14 8558.20000 5.63700000 214.60000 39.12000 15.98600 46.78000
23 6 20 02 15 8558.20000 5.63700000 214.67000 39.12000 15.98600 46.78000
23 6 20 02 15 8558.20000 5.63700000 214.67000 39.12000 15.98600 46.78000
23 6 20 02 16 8558.20000 5.63700000 214.67000 39.12000 15.98600 46.78000
23 6 20 02 16 8558.50000 5.63700000 214.68000 39.12000 15.98600 46.78000
23 6 20 02 17 8558.50000 5.63700000 214.80000 39.12000 15.98500 46.78000
23 6 20 02 17 8558.70000 5.63700000 214.94000 39.12000 15.95300 46.78000
23 6 20 02 18 8558.70000 5.63700000 214.94000 39.12000 16.01200 46.88400
23 6 20 02 18 8560.70000 5.63700000 214.94000 39.12000 16.01200 46.88400
23 6 20 02 19 8564.10000 5.63700000 214.94000 39.12000 16.01200 46.88400
23 6 20 02 19 8565.50000 5.63700000 214.94000 39.12000 16.01200 46.96500
23 6 20 02 20 8561.90000 5.63700000 214.94000 39.12000 16.01200 46.99700
23 6 20 02 20 8561.90000 5.63700000 215.04000 39.12000 16.01200 46.99700
23 6 20 02 20 8561.90000 5.63700000 215.04000 39.12000 16.01200 47.00700
23 6 20 02 21 8560.50000 5.63700000 215.04000 39.12000 16.01200 47.00700
23 6 20 02 21 8559.80000 5.63700000 215.04000 39.12000 16.01200 47.01900
23 6 20 02 22 8558.80000 5.63700000 215.04000 39.12000 16.01200 46.96900
23 6 20 02 22 8558.80000 5.64000000 215.04000 39.12000 16.01200 46.96900
23 6 20 02 23 8562.00000 5.64000000 215.04000 39.12000 16.01200 46.96900
23 6 20 02 23 8562.00000 5.64000000 215.16000 39.12000 16.01200 46.96900
23 6 20 02 24 8560.00000 5.64000000 215.16000 39.12000 16.01200 46.96900
23 6 20 02 24 8556.70000 5.64000000 215.16000 39.12000 16.01200 46.96900
23 6 20 02 25 8556.80000 5.64000000 215.16000 39.12000 16.01200 46.96900
