M=[
14 6 20 19 35 8340.90000 5.65000000 208.58000 39.33000 14.48100 45.48000
14 6 20 19 35 8340.70000 5.65000000 208.53000 39.33000 14.48100 45.48000
14 6 20 19 35 8340.70000 5.65000000 208.52000 39.33000 14.48100 45.48000
14 6 20 19 36 8340.50000 5.65000000 208.56000 39.34000 14.49400 45.48000
14 6 20 19 36 8340.50000 5.65000000 208.56000 39.34000 14.49400 45.48000
14 6 20 19 37 8340.40000 5.65000000 208.50000 39.34000 14.49400 45.48000
14 6 20 19 37 8340.20000 5.65000000 208.47000 39.34000 14.34200 45.48000
14 6 20 19 38 8340.20000 5.65000000 208.49000 39.30000 14.49400 45.48000
14 6 20 19 38 8339.90000 5.65000000 208.49000 39.34000 14.49400 45.48000
14 6 20 19 39 8339.80000 5.65000000 208.46000 39.34000 14.49400 45.48000
14 6 20 19 39 8339.80000 5.65000000 208.49000 39.34000 14.49400 45.48000
14 6 20 19 39 8339.90000 5.65000000 208.50000 39.34000 14.49400 45.48000
14 6 20 19 40 8343.40000 5.65000000 208.73000 39.34000 14.49400 45.48000
14 6 20 19 40 8343.70000 5.65000000 208.73000 39.34000 14.49400 45.48000
14 6 20 19 41 8343.80000 5.65000000 208.74000 39.34000 14.49400 45.46700
14 6 20 19 41 8343.90000 5.65000000 208.67000 39.34000 14.49800 45.46700
14 6 20 19 42 8343.90000 5.65000000 208.69000 39.28000 14.49800 45.46700
14 6 20 19 42 8343.80000 5.65000000 208.70000 39.34000 14.49800 45.47500
14 6 20 19 43 8343.90000 5.65000000 208.77000 39.34000 14.49800 45.47500
14 6 20 19 43 8343.80000 5.65000000 208.77000 39.42000 14.49800 45.47500
14 6 20 19 44 8343.90000 5.65000000 208.76000 39.42000 14.49800 45.47500
14 6 20 19 44 8343.80000 5.65000000 208.80000 39.42000 14.49800 45.47500
14 6 20 19 44 8345.30000 5.65000000 208.67000 39.30000 14.49800 45.47500
14 6 20 19 45 8346.00000 5.65000000 208.80000 39.42000 14.49800 45.47500
14 6 20 19 45 8346.00000 5.65000000 208.80000 39.42000 14.49800 45.47500
14 6 20 19 46 8347.30000 5.65000000 208.62000 39.42000 14.49800 45.47500
14 6 20 19 46 8347.20000 5.65000000 208.73000 39.42000 14.49800 45.54000
14 6 20 19 47 8347.10000 5.65000000 208.66000 39.28000 14.49800 45.54000
14 6 20 19 47 8347.10000 5.65000000 208.64000 39.42000 14.47900 45.54000
14 6 20 19 48 8347.20000 5.65000000 208.66000 39.42000 14.47900 45.54000
14 6 20 19 48 8347.20000 5.65000000 208.61000 39.42000 14.49800 45.54000
14 6 20 19 48 8347.20000 5.65000000 208.63000 39.42000 14.47900 45.54000
14 6 20 19 49 8347.20000 5.65000000 208.66000 39.42000 14.47900 45.54000
14 6 20 19 49 8347.70000 5.65000000 208.66000 39.42000 14.49800 45.54000
14 6 20 19 50 8350.00000 5.65000000 208.66000 39.42000 14.51400 45.54000
14 6 20 19 50 8347.20000 5.65000000 208.75000 39.42000 14.51400 45.54000
14 6 20 19 51 8349.90000 5.65000000 208.75000 39.42000 14.51400 45.54000
14 6 20 19 51 8350.00000 5.65000000 208.75000 39.42000 14.51400 45.54000
14 6 20 19 51 8350.00000 5.65000000 208.75000 39.42000 14.51400 45.54000
14 6 20 19 52 8349.90000 5.65000000 208.75000 39.42000 14.50000 45.54000
14 6 20 19 52 8349.90000 5.65000000 208.75000 39.42000 14.51400 45.54000
14 6 20 19 53 8350.00000 5.65000000 208.72000 39.42000 14.51400 45.54000
14 6 20 19 53 8350.00000 5.65000000 208.72000 39.34000 14.49800 45.54000
14 6 20 19 54 8350.00000 5.65000000 208.80000 39.42000 14.51400 45.54000
14 6 20 19 54 8349.90000 5.65000000 208.84000 39.42000 14.51400 45.54000
14 6 20 19 55 8350.00000 5.65000000 208.90000 39.42000 14.51400 45.54000
14 6 20 19 55 8350.00000 5.65000000 208.92000 39.42000 14.51400 45.54000
14 6 20 19 56 8350.00000 5.65000000 208.90000 39.42000 14.51400 45.54000
14 6 20 19 56 8350.00000 5.65000000 209.05000 39.42000 14.51400 45.54000
14 6 20 19 56 8349.90000 5.65000000 209.05000 39.42000 14.51400 45.54000
14 6 20 19 57 8349.90000 5.65000000 208.91000 39.42000 14.49800 45.54000
14 6 20 19 57 8349.90000 5.65000000 208.91000 39.42000 14.51400 45.54000
14 6 20 19 58 8349.80000 5.65000000 209.06000 39.40000 14.51400 45.54000
14 6 20 19 58 8348.00000 5.65000000 208.85000 39.40000 14.51400 45.54000
14 6 20 19 59 8349.50000 5.65000000 208.85000 39.40000 14.50000 45.54000
14 6 20 19 59 8347.30000 5.65000000 208.85000 39.40000 14.51400 45.50000
14 6 20 20 00 8349.50000 5.65000000 209.00000 39.30000 14.49800 45.54000
14 6 20 20 00 8349.90000 5.65000000 208.85000 39.40000 14.47900 45.54000
14 6 20 20 01 8349.80000 5.65000000 209.03000 39.40000 14.49800 45.54000
14 6 20 20 01 8350.00000 5.65000000 209.03000 39.40000 14.51400 45.54000
14 6 20 20 02 8350.00000 5.65000000 208.97000 39.40000 14.50000 45.54000
14 6 20 20 02 8350.00000 5.65000000 208.97000 39.40000 14.51400 45.54000
14 6 20 20 02 8350.00000 5.65000000 209.00000 39.40000 14.51400 45.54000
14 6 20 20 03 8349.90000 5.65000000 208.93000 39.42000 14.51400 45.54000
14 6 20 20 03 8350.00000 5.65000000 208.97000 39.42000 14.47900 45.54000
14 6 20 20 04 8350.00000 5.65000000 208.92000 39.42000 14.51400 45.54000
14 6 20 20 04 8350.00000 5.65000000 209.04000 39.42000 14.50000 45.54000
14 6 20 20 05 8354.00000 5.65000000 209.11000 39.42000 14.50000 45.54000
14 6 20 20 05 8354.00000 5.65000000 209.10000 39.42000 14.51400 45.54000
14 6 20 20 06 8354.70000 5.65000000 209.10000 39.42000 14.51400 45.54000
14 6 20 20 06 8354.70000 5.65000000 209.01000 39.42000 14.51400 45.54000
14 6 20 20 07 8354.70000 5.65000000 209.02000 39.42000 14.51400 45.54000
14 6 20 20 07 8357.10000 5.65000000 209.02000 39.42000 14.51400 45.54000
14 6 20 20 07 8357.70000 5.65000000 209.02000 39.42000 14.51400 45.54000
14 6 20 20 08 8358.00000 5.65000000 209.02000 39.42000 14.51400 45.54000
14 6 20 20 08 8358.00000 5.65000000 209.02000 39.42000 14.51400 45.54000
14 6 20 20 09 8358.00000 5.65000000 209.02000 39.40000 14.49000 45.54000
14 6 20 20 09 8357.60000 5.65000000 209.02000 39.42000 14.49800 45.54000
14 6 20 20 10 8353.20000 5.65000000 209.01000 39.42000 14.49000 45.54000
14 6 20 20 10 8353.30000 5.65000000 209.01000 39.42000 14.49000 45.54000
14 6 20 20 11 8353.30000 5.65000000 209.01000 39.42000 14.49000 45.54000
14 6 20 20 11 8354.90000 5.65000000 208.89000 39.42000 14.49000 45.54000
14 6 20 20 12 8354.00000 5.65000000 208.90000 39.42000 14.49000 45.54000
14 6 20 20 12 8354.90000 5.65000000 208.84000 39.42000 14.49000 45.54000
14 6 20 20 13 8355.00000 5.65000000 208.90000 39.42000 14.49000 45.54000
14 6 20 20 13 8355.00000 5.65000000 208.90000 39.38000 14.54300 45.54000
14 6 20 20 13 8354.90000 5.65000000 208.90000 39.38000 14.54300 45.54000
14 6 20 20 14 8355.00000 5.65000000 208.90000 39.38000 14.54300 45.54000
14 6 20 20 14 8354.30000 5.65000000 208.85000 39.42000 14.54300 45.54000
14 6 20 20 15 8354.30000 5.65000000 208.79000 39.42000 14.54300 45.54000
14 6 20 20 15 8354.10000 5.65000000 208.79000 39.42000 14.54300 45.54000
14 6 20 20 16 8350.60000 5.65000000 208.78000 39.42000 14.54300 45.54000
14 6 20 20 16 8348.60000 5.65000000 208.79000 39.42000 14.54300 45.54000
14 6 20 20 17 8349.90000 5.65000000 208.78000 39.42000 14.49800 45.54000
14 6 20 20 17 8351.00000 5.65000000 208.82000 39.42000 14.54300 45.54000
14 6 20 20 17 8352.50000 5.65000000 208.82000 39.42000 14.54300 45.54000
14 6 20 20 18 8352.50000 5.65000000 208.82000 39.42000 14.54300 45.54000
14 6 20 20 18 8350.10000 5.65000000 208.82000 39.42000 14.54300 45.54000
14 6 20 20 19 8350.30000 5.65000000 208.82000 39.42000 14.54300 45.54000
14 6 20 20 19 8350.30000 5.65000000 208.82000 39.42000 14.54300 45.54000
14 6 20 20 20 8350.20000 5.65000000 208.82000 39.42000 14.54300 45.54000
14 6 20 20 20 8350.00000 5.65000000 208.87000 39.42000 14.54300 45.54000
14 6 20 20 21 8348.60000 5.65000000 208.87000 39.42000 14.54300 45.54000
14 6 20 20 21 8347.90000 5.65000000 208.87000 39.42000 14.48500 45.54000
14 6 20 20 21 8344.80000 5.65000000 208.87000 39.42000 14.48500 45.54000
14 6 20 20 22 8347.10000 5.65000000 208.82000 39.42000 14.48500 45.54000
14 6 20 20 22 8347.00000 5.65000000 208.82000 39.42000 14.48500 45.54000
14 6 20 20 23 8347.30000 5.65000000 208.82000 39.42000 14.48500 45.54000
14 6 20 20 23 8346.90000 5.65000000 208.74000 39.42000 14.54300 45.54000
