M=[
28 3 21 22 44 46956.50000 10.05000000 1422.61000 154.99000 30.30200 116.29600
28 3 21 22 44 46953.90000 10.05000000 1422.61000 155.00000 30.30200 116.29600
28 3 21 22 45 46957.90000 10.05000000 1422.61000 155.00000 30.30200 116.29600
28 3 21 22 45 46993.90000 10.05000000 1423.72000 155.00000 30.30200 116.26500
28 3 21 22 45 47001.00000 10.05000000 1423.72000 155.06000 30.30200 116.26500
28 3 21 22 46 47043.80000 10.05000000 1424.73000 155.06000 30.30200 116.26500
28 3 21 22 46 47057.90000 10.05000000 1424.73000 155.06000 30.30200 116.26500
28 3 21 22 47 47058.00000 10.05000000 1424.74000 155.06000 30.30200 116.26500
28 3 21 22 47 47058.50000 10.05000000 1424.97000 155.06000 30.30200 116.26500
28 3 21 22 48 47068.00000 10.05000000 1426.03000 155.06000 30.30200 116.26500
28 3 21 22 48 47068.20000 10.05000000 1426.30000 155.06000 30.30200 116.26500
28 3 21 22 48 47068.20000 10.05000000 1426.30000 155.06000 30.30200 116.26500
28 3 21 22 49 47068.30000 10.05000000 1427.03000 155.12000 30.30200 116.26500
28 3 21 22 49 47105.90000 10.05000000 1426.67000 155.19000 30.30200 116.26500
28 3 21 22 50 47093.70000 10.05000000 1425.89000 155.19000 30.30200 116.26500
28 3 21 22 50 47060.00000 10.05000000 1425.28000 155.19000 30.30200 116.26500
28 3 21 22 51 47058.00000 10.05000000 1425.11000 155.19000 30.30200 116.26500
28 3 21 22 51 47074.80000 10.05000000 1425.18000 155.19000 30.30200 116.26500
28 3 21 22 51 47069.80000 10.05000000 1425.18000 155.19000 30.30200 116.26500
28 3 21 22 52 47069.00000 10.05000000 1425.41000 155.19000 30.30200 116.26500
28 3 21 22 52 47055.10000 10.05000000 1425.39000 155.19000 30.30200 116.26500
28 3 21 22 53 47055.10000 10.05000000 1425.39000 155.19000 30.30200 116.26500
28 3 21 22 53 47067.50000 10.05000000 1425.44000 155.19000 30.30200 116.26500
28 3 21 22 54 47044.20000 10.05000000 1425.43000 155.30000 30.30200 116.26500
28 3 21 22 54 47069.00000 10.05000000 1425.35000 155.30000 30.30200 116.26500
28 3 21 22 54 47068.90000 10.05000000 1425.34000 155.30000 30.30200 116.26500
28 3 21 22 55 47062.00000 10.05000000 1425.34000 155.29000 30.26100 116.26500
28 3 21 22 55 47062.00000 10.05000000 1425.34000 155.29000 30.26100 116.26500
28 3 21 22 56 47069.00000 10.05000000 1426.54000 155.30000 30.26100 116.26500
28 3 21 22 56 47069.00000 10.05000000 1427.25000 155.30000 30.26100 116.26500
28 3 21 22 57 47134.20000 10.05000000 1427.26000 155.30000 30.26100 116.28300
28 3 21 22 57 47134.10000 10.05000000 1427.50000 155.43000 30.26100 116.28300
28 3 21 22 57 47134.20000 10.05000000 1427.98000 155.43000 30.26100 116.28300
28 3 21 22 58 47134.20000 10.05000000 1427.98000 155.43000 30.26100 116.28300
28 3 21 22 58 47135.00000 10.05000000 1427.98000 155.43000 30.26100 116.28300
28 3 21 22 59 47147.50000 10.05000000 1427.98000 155.50000 30.26100 116.28300
28 3 21 22 59 47190.70000 10.05000000 1428.30000 155.76000 30.26100 116.28300
28 3 21 23 00 47190.60000 10.05000000 1429.00000 155.76000 30.26100 116.28300
28 3 21 23 00 47190.60000 10.05000000 1428.99000 155.77000 30.26100 116.76000
28 3 21 23 00 47240.90000 10.05000000 1429.31000 155.77000 30.26100 116.76000
28 3 21 23 01 47247.30000 10.05000000 1429.31000 155.77000 30.26100 116.76000
28 3 21 23 01 47207.10000 10.05000000 1428.34000 155.77000 30.26100 118.27100
28 3 21 23 02 47221.30000 10.05000000 1427.98000 155.77000 30.26100 118.92200
28 3 21 23 02 47223.70000 10.05000000 1427.77000 155.77000 30.26100 119.17400
28 3 21 23 03 47227.00000 10.05000000 1427.94000 155.77000 30.26100 119.50000
28 3 21 23 03 47233.30000 10.05000000 1429.15000 155.77000 30.26100 119.79000
28 3 21 23 03 47241.30000 10.05000000 1430.27000 155.77000 30.26100 119.90000
28 3 21 23 04 47241.40000 10.05000000 1430.27000 155.77000 30.39200 119.85000
28 3 21 23 04 47241.40000 10.05000000 1430.27000 155.77000 30.39200 119.85000
28 3 21 23 05 47235.90000 10.05000000 1429.28000 155.77000 30.39200 119.46600
28 3 21 23 05 47174.70000 10.05000000 1428.46000 155.77000 30.39200 121.02000
28 3 21 23 06 47175.60000 10.05000000 1428.47000 155.77000 30.39200 121.81300
28 3 21 23 06 47184.40000 10.05000000 1428.47000 155.77000 30.39200 122.02500
28 3 21 23 06 47184.40000 10.05000000 1427.74000 155.77000 30.39200 122.25600
28 3 21 23 07 47175.60000 10.05000000 1427.74000 155.76000 30.39200 122.04300
28 3 21 23 07 47175.70000 10.05000000 1427.74000 155.76000 30.39200 122.04300
28 3 21 23 08 47147.30000 10.05000000 1427.74000 155.76000 30.39200 122.31300
28 3 21 23 08 47154.40000 10.05000000 1427.74000 155.76000 30.39200 122.46000
28 3 21 23 09 47147.40000 10.05000000 1427.79000 155.76000 30.39200 122.06600
28 3 21 23 09 47147.40000 10.05000000 1427.78000 155.76000 30.39200 122.06600
28 3 21 23 09 47132.20000 10.05000000 1427.78000 155.76000 30.39200 122.22600
28 3 21 23 10 47137.30000 10.05000000 1427.70000 155.63000 30.39200 122.22600
28 3 21 23 10 47153.00000 10.05000000 1427.70000 155.63000 30.39200 122.22600
28 3 21 23 11 47156.00000 10.05000000 1427.70000 155.66000 30.39200 122.22600
28 3 21 23 11 47157.50000 10.05000000 1427.70000 155.66000 30.39200 122.22600
28 3 21 23 12 47157.50000 10.05000000 1427.01000 155.59000 30.39200 122.22600
28 3 21 23 12 47160.00000 10.05000000 1427.01000 155.61000 30.39200 122.22600
28 3 21 23 12 47160.00000 10.05000000 1427.57000 155.61000 30.39200 122.22600
28 3 21 23 13 47153.00000 10.05000000 1427.58000 155.61000 30.39200 122.32000
28 3 21 23 13 47165.30000 10.05000000 1427.58000 155.61000 30.39200 122.34100
28 3 21 23 14 47199.00000 10.05000000 1427.58000 155.61000 30.39200 121.65200
28 3 21 23 14 47238.80000 10.05000000 1427.90000 155.61000 30.39200 121.65200
28 3 21 23 15 47223.80000 10.05000000 1427.90000 155.61000 30.39200 121.54000
28 3 21 23 15 47224.40000 10.05000000 1427.90000 155.66000 30.39200 121.40000
28 3 21 23 15 47224.30000 10.05000000 1427.90000 155.66000 30.39200 121.40000
28 3 21 23 16 47163.00000 10.05000000 1427.15000 155.66000 30.39200 121.35100
28 3 21 23 16 47160.90000 10.05000000 1427.15000 155.66000 30.39200 121.34200
28 3 21 23 17 47174.70000 10.05000000 1427.15000 155.66000 30.39200 121.34200
28 3 21 23 17 47174.70000 10.05000000 1427.01000 155.66000 30.39200 121.34200
28 3 21 23 18 47131.80000 10.05000000 1427.01000 155.49000 30.39200 121.12900
28 3 21 23 18 47131.90000 10.05000000 1426.85000 155.44000 30.39200 121.31900
28 3 21 23 18 47131.90000 10.05000000 1426.85000 155.44000 30.39200 121.31900
28 3 21 23 19 47131.90000 10.07200000 1425.77000 155.44000 30.39200 121.31900
28 3 21 23 19 47131.80000 10.07200000 1425.77000 155.44000 30.39200 121.31900
28 3 21 23 20 47187.20000 10.07200000 1427.64000 155.44000 30.39200 120.96300
28 3 21 23 20 47181.20000 10.07200000 1427.64000 155.44000 30.39200 120.96300
28 3 21 23 21 47181.20000 10.07200000 1427.63000 155.44000 30.39200 121.80200
28 3 21 23 21 47217.80000 10.07200000 1427.63000 155.44000 30.39200 121.80200
28 3 21 23 21 47220.20000 10.07200000 1427.63000 155.44000 30.39200 122.08900
28 3 21 23 22 47224.40000 10.07200000 1427.63000 155.44000 30.39200 122.08900
28 3 21 23 22 47224.40000 10.07200000 1427.63000 155.44000 30.39200 122.08900
28 3 21 23 23 47241.30000 10.07200000 1427.89000 155.44000 30.39200 122.08900
28 3 21 23 23 47231.60000 10.07200000 1428.46000 155.44000 30.39200 122.08900
28 3 21 23 24 47231.60000 10.07200000 1428.72000 155.44000 30.39200 122.08900
28 3 21 23 24 47231.60000 10.07200000 1428.72000 155.78000 30.39200 122.08900
28 3 21 23 24 47206.10000 10.07200000 1428.00000 155.74000 30.39200 122.08900
28 3 21 23 25 47206.10000 10.07200000 1427.24000 155.74000 30.39200 122.08900
28 3 21 23 25 47196.70000 10.07200000 1427.24000 155.76000 30.39200 122.08900
28 3 21 23 26 47195.60000 10.07200000 1427.24000 155.76000 30.39200 122.08900
28 3 21 23 26 47199.00000 10.07200000 1427.24000 155.76000 30.39200 122.08900
28 3 21 23 27 47198.90000 10.07200000 1428.28000 155.76000 30.39200 122.08900
28 3 21 23 27 47246.10000 10.07200000 1428.41000 155.76000 30.39200 122.08900
