M=[
 1 10 20 06 16 9241.60000 4.87000000 309.45000 39.68000 12.48400 56.20000
 1 10 20 06 16 9241.60000 4.87000000 309.29000 39.68000 12.48400 56.18900
 1 10 20 06 17 9241.20000 4.87000000 309.29000 39.68000 12.48400 56.18900
 1 10 20 06 17 9239.20000 4.87000000 309.29000 39.67000 12.48400 56.18900
 1 10 20 06 17 9239.10000 4.87000000 309.29000 39.67000 12.48400 56.18900
 1 10 20 06 18 9240.20000 4.87000000 309.19000 39.67000 12.48400 56.18900
 1 10 20 06 18 9241.50000 4.87000000 309.51000 39.67000 12.48400 56.18900
 1 10 20 06 19 9243.20000 4.87000000 309.55000 39.67000 12.48400 56.18900
 1 10 20 06 19 9242.80000 4.87000000 309.55000 39.64000 12.48400 56.18900
 1 10 20 06 20 9242.80000 4.87000000 309.55000 39.64000 12.48400 56.18900
 1 10 20 06 20 9245.00000 4.87000000 309.63000 39.64000 12.48400 56.18900
 1 10 20 06 20 9245.00000 4.87000000 309.63000 39.64000 12.48400 56.18900
 1 10 20 06 21 9245.40000 4.87000000 309.57000 39.66000 12.48400 56.18900
 1 10 20 06 21 9244.60000 4.87000000 309.57000 39.68000 12.48400 56.18900
 1 10 20 06 22 9244.60000 4.87000000 309.50000 39.68000 12.48400 56.18900
 1 10 20 06 22 9244.60000 4.87000000 309.47000 39.68000 12.48400 56.18900
 1 10 20 06 23 9244.60000 4.87000000 309.43000 39.68000 12.48400 56.18900
 1 10 20 06 23 9244.60000 4.87000000 309.43000 39.64000 12.48400 56.18900
 1 10 20 06 23 9244.70000 4.87000000 309.43000 39.64000 12.48400 56.18900
 1 10 20 06 24 9242.20000 4.87000000 309.43000 39.65000 12.48400 56.18900
 1 10 20 06 24 9242.20000 4.87000000 309.20000 39.65000 12.48400 56.18900
 1 10 20 06 25 9238.10000 4.87000000 309.14000 39.65000 12.48400 56.18900
 1 10 20 06 25 9238.10000 4.87000000 309.14000 39.65000 12.48400 56.18900
 1 10 20 06 26 9238.10000 4.87000000 309.12000 39.65000 12.48400 56.18900
 1 10 20 06 26 9238.00000 4.87000000 309.12000 39.65000 12.48400 56.18900
 1 10 20 06 26 9236.40000 4.87000000 309.12000 39.61000 12.48400 56.18900
 1 10 20 06 27 9236.50000 4.87000000 309.12000 39.61000 12.48400 56.18900
 1 10 20 06 27 9236.40000 4.87000000 309.11000 39.64000 12.48400 56.18900
 1 10 20 06 28 9236.50000 4.87000000 309.11000 39.64000 12.48400 56.18900
 1 10 20 06 28 9236.40000 4.87000000 309.39000 39.64000 12.48400 56.18900
 1 10 20 06 29 9236.40000 4.87000000 309.39000 39.64000 12.48400 56.18900
 1 10 20 06 29 9236.40000 4.87000000 309.11000 39.64000 12.48400 56.18900
 1 10 20 06 29 9236.00000 4.87000000 308.88000 39.64000 12.48400 56.18900
 1 10 20 06 30 9236.00000 4.87000000 308.85000 39.64000 12.48400 56.18900
 1 10 20 06 30 9236.10000 4.87000000 308.85000 39.63000 12.48400 56.18900
 1 10 20 06 31 9236.00000 4.87000000 308.85000 39.63000 12.48400 56.18900
 1 10 20 06 31 9236.00000 4.87000000 309.01000 39.63000 12.48400 56.18900
 1 10 20 06 32 9236.00000 4.87000000 309.01000 39.63000 12.48400 56.18900
 1 10 20 06 32 9236.10000 4.87000000 309.03000 39.63000 12.48400 56.18900
 1 10 20 06 32 9236.10000 4.87000000 308.98000 39.63000 12.48400 56.18900
 1 10 20 06 33 9232.50000 4.87000000 308.97000 39.63000 12.48400 56.18900
 1 10 20 06 33 9232.40000 4.87000000 308.97000 39.68000 12.48400 56.18900
 1 10 20 06 34 9232.40000 4.87000000 308.97000 39.68000 12.48400 56.18900
 1 10 20 06 34 9231.20000 4.87000000 308.99000 39.68000 12.48400 56.24400
 1 10 20 06 35 9231.30000 4.87000000 308.98000 39.68000 12.48400 56.24400
 1 10 20 06 35 9233.00000 4.87000000 308.98000 39.68000 12.48400 56.24400
 1 10 20 06 36 9232.90000 4.87000000 309.13000 39.68000 12.48400 56.36500
 1 10 20 06 36 9232.90000 4.87000000 309.13000 39.73000 12.48400 56.38000
 1 10 20 06 36 9232.90000 4.87000000 309.13000 39.74000 12.48400 56.39600
 1 10 20 06 37 9235.00000 4.87000000 309.24000 39.74000 12.58000 56.39700
 1 10 20 06 37 9235.10000 4.87000000 309.24000 39.74000 12.58000 56.39700
 1 10 20 06 38 9237.40000 4.87000000 309.24000 39.74000 12.58000 56.47100
 1 10 20 06 38 9237.30000 4.87000000 309.24000 39.74000 12.58000 56.47100
 1 10 20 06 39 9234.20000 4.87000000 309.24000 39.74000 12.58000 56.47100
 1 10 20 06 39 9234.30000 4.87000000 309.24000 39.74000 12.58000 56.47100
 1 10 20 06 39 9234.00000 4.87000000 309.24000 39.72000 12.58000 56.47100
 1 10 20 06 40 9234.10000 4.87000000 309.24000 39.72000 12.58000 56.47100
 1 10 20 06 40 9234.10000 4.87000000 309.29000 39.72000 12.58000 56.47100
 1 10 20 06 41 9234.00000 4.89000000 309.43000 39.71000 12.58000 56.47100
 1 10 20 06 41 9234.10000 4.89000000 309.43000 39.71000 12.58000 56.47100
 1 10 20 06 42 9234.10000 4.89000000 309.45000 39.73000 12.58000 56.47100
 1 10 20 06 42 9237.70000 4.89000000 309.56000 39.73000 12.58000 56.47100
 1 10 20 06 42 9235.60000 4.89000000 309.59000 39.73000 12.58000 56.47100
 1 10 20 06 43 9234.90000 4.89000000 309.50000 39.73000 12.58000 56.47100
 1 10 20 06 43 9234.90000 4.89000000 309.41000 39.73000 12.58000 56.47100
 1 10 20 06 44 9234.00000 4.89000000 309.41000 39.70000 12.58000 56.47100
 1 10 20 06 44 9234.10000 4.89000000 309.41000 39.70000 12.58000 56.47100
 1 10 20 06 45 9236.00000 4.89000000 309.38000 39.70000 12.58000 56.47100
 1 10 20 06 45 9234.10000 4.89000000 309.38000 39.70000 12.58000 56.47100
 1 10 20 06 45 9235.70000 4.89000000 309.39000 39.75000 12.58000 56.47100
 1 10 20 06 46 9234.00000 4.89000000 309.34000 39.75000 12.58000 56.47100
 1 10 20 06 46 9234.00000 4.89000000 309.33000 39.75000 12.58000 56.47100
 1 10 20 06 47 9234.10000 4.87000000 309.33000 39.73000 12.58000 56.47100
 1 10 20 06 47 9234.10000 4.87000000 309.50000 39.73000 12.58000 56.47100
 1 10 20 06 48 9234.10000 4.87000000 309.29000 39.73000 12.58000 56.47100
 1 10 20 06 48 9234.10000 4.87000000 309.29000 39.73000 12.58000 56.47100
 1 10 20 06 48 9234.10000 4.87000000 309.29000 39.73000 12.58000 56.47100
 1 10 20 06 49 9234.10000 4.87000000 309.28000 39.73000 12.58000 56.47100
 1 10 20 06 49 9228.30000 4.87000000 309.28000 39.73000 12.58000 56.47100
 1 10 20 06 50 9228.30000 4.87000000 309.29000 39.73000 12.58000 56.47100
 1 10 20 06 50 9228.30000 4.87000000 309.28000 39.73000 12.58000 56.47100
 1 10 20 06 51 9228.20000 4.87000000 308.96000 39.73000 12.49900 56.47100
 1 10 20 06 51 9227.40000 4.87000000 308.87000 39.73000 12.51200 56.47100
 1 10 20 06 52 9227.50000 4.87000000 308.87000 39.69000 12.51200 56.24100
 1 10 20 06 52 9228.10000 4.87000000 309.13000 39.71000 12.51200 56.24100
 1 10 20 06 52 9228.40000 4.87000000 309.12000 39.71000 12.51200 56.24100
 1 10 20 06 53 9228.10000 4.87000000 309.12000 39.71000 12.56000 56.24100
 1 10 20 06 53 9225.50000 4.87000000 309.12000 39.71000 12.56000 56.24100
 1 10 20 06 54 9225.60000 4.87000000 308.96000 39.71000 12.56000 56.24100
 1 10 20 06 54 9225.60000 4.88800000 309.05000 39.71000 12.56000 56.24100
 1 10 20 06 55 9225.60000 4.88800000 309.05000 39.70000 12.56000 56.24100
 1 10 20 06 55 9225.60000 4.88800000 309.05000 39.70000 12.56000 56.24100
 1 10 20 06 55 9227.60000 4.88800000 309.10000 39.70000 12.56000 56.24100
 1 10 20 06 56 9225.90000 4.88800000 309.09000 39.70000 12.56900 56.24100
 1 10 20 06 56 9227.70000 4.88800000 309.00000 39.70000 12.56900 56.24100
 1 10 20 06 57 9227.70000 4.88800000 308.86000 39.70000 12.56900 56.24100
 1 10 20 06 57 9227.70000 4.88800000 308.86000 39.70000 12.56900 56.24100
 1 10 20 06 58 9227.60000 4.88800000 308.86000 39.69000 12.57500 56.24100
 1 10 20 06 58 9223.40000 4.88800000 308.86000 39.69000 12.53100 56.24100
 1 10 20 06 58 9223.30000 4.88800000 309.07000 39.71000 12.53100 56.24100
 1 10 20 06 59 9223.10000 4.88800000 309.07000 39.71000 12.53100 56.18300
 1 10 20 06 59 9221.20000 4.87200000 308.96000 39.71000 12.53100 56.18300
 1 10 20 07 00 9220.80000 4.87300000 308.94000 39.70000 12.53100 56.18300
 1 10 20 07 00 9224.60000 4.87600000 308.98000 39.70000 12.53100 56.18300
 1 10 20 07 01 9226.90000 4.87600000 309.06000 39.73000 12.53100 56.18300
 1 10 20 07 01 9227.00000 4.87600000 309.06000 39.73000 12.53100 56.18300
 1 10 20 07 01 9226.90000 4.87600000 309.06000 39.73000 12.53100 56.18300
 1 10 20 07 02 9227.60000 4.87600000 309.07000 39.73000 12.49500 56.18300
