M=[
 8 7 21 17 04 27874.40000 42.75200000 1833.86000 111.77000 16.84300 96.15100
 8 7 21 17 04 27865.60000 42.75200000 1833.56000 111.75000 16.84300 96.15100
 8 7 21 17 05 27874.50000 42.72300000 1833.56000 111.75000 16.84300 96.15100
 8 7 21 17 05 27874.50000 42.72300000 1833.55000 111.75000 16.84300 96.15100
 8 7 21 17 06 27828.70000 42.70000000 1829.72000 111.57000 16.84300 96.15100
 8 7 21 17 06 27816.30000 42.70000000 1829.21000 111.57000 16.84300 96.15100
 8 7 21 17 06 27810.40000 42.70000000 1828.88000 111.57000 16.84300 96.15100
 8 7 21 17 07 27794.50000 42.70000000 1828.23000 111.46000 16.84300 95.71300
 8 7 21 17 07 27797.60000 42.70000000 1826.98000 111.46000 16.84300 95.71300
 8 7 21 17 08 27814.50000 42.70000000 1827.49000 111.41000 16.84300 95.71300
 8 7 21 17 08 27804.90000 42.70000000 1826.78000 111.41000 16.84300 95.71300
 8 7 21 17 09 27798.00000 42.70000000 1826.37000 111.41000 16.84300 95.71300
 8 7 21 17 09 27789.80000 42.70000000 1826.36000 111.41000 16.84300 95.71300
 8 7 21 17 10 27796.20000 42.70000000 1826.79000 111.41000 16.84300 95.71300
 8 7 21 17 10 27795.10000 42.70000000 1826.49000 111.41000 16.84300 95.69800
 8 7 21 17 10 27794.90000 42.70000000 1826.49000 111.43000 16.84300 95.69800
 8 7 21 17 11 27787.70000 42.70000000 1826.44000 111.43000 16.84300 95.69800
 8 7 21 17 11 27760.40000 42.70000000 1826.11000 111.34000 16.84300 95.69800
 8 7 21 17 12 27754.70000 42.70000000 1824.01000 111.34000 16.84300 95.69800
 8 7 21 17 12 27743.60000 42.70000000 1824.01000 111.34000 16.84300 95.69800
 8 7 21 17 13 27743.60000 42.70000000 1824.01000 111.15000 16.84300 95.69800
 8 7 21 17 13 27743.50000 42.70000000 1823.21000 111.15000 16.84300 95.69800
 8 7 21 17 13 27743.60000 42.70000000 1823.21000 111.18000 16.84300 95.69800
 8 7 21 17 14 27743.50000 42.70000000 1823.20000 111.20000 16.84300 95.69800
 8 7 21 17 14 27743.60000 42.70000000 1822.71000 111.20000 16.84500 95.69800
 8 7 21 17 15 27743.60000 42.70000000 1822.70000 111.12000 16.84500 95.69800
 8 7 21 17 15 27743.50000 42.70000000 1822.70000 111.18000 16.84500 95.69800
 8 7 21 17 16 27753.50000 42.70000000 1823.13000 111.18000 16.84500 95.69800
 8 7 21 17 16 27748.00000 42.70000000 1823.13000 111.18000 16.84500 95.69800
 8 7 21 17 16 27748.00000 42.70000000 1822.19000 111.31000 16.84500 95.69800
 8 7 21 17 17 27743.50000 42.70000000 1821.53000 111.31000 16.84500 95.69800
 8 7 21 17 17 27743.60000 42.70000000 1822.74000 111.21000 16.84500 95.69800
 8 7 21 17 18 27723.70000 42.70000000 1822.22000 111.21000 16.84500 95.69800
 8 7 21 17 18 27720.90000 42.70000000 1823.02000 111.21000 16.84500 95.69800
 8 7 21 17 19 27734.60000 42.70000000 1823.39000 111.21000 16.84500 95.69800
 8 7 21 17 19 27734.70000 42.70000000 1822.60000 111.21000 16.84500 95.69800
 8 7 21 17 20 27725.60000 42.70000000 1822.57000 111.21000 16.84500 95.69800
 8 7 21 17 20 27729.80000 42.70000000 1822.55000 111.13000 16.84500 95.69800
 8 7 21 17 20 27730.00000 42.70000000 1823.80000 111.15000 16.84500 95.69800
 8 7 21 17 21 27746.40000 42.54200000 1824.38000 111.27000 16.84500 95.69800
 8 7 21 17 21 27750.10000 42.54200000 1824.20000 111.24000 16.84500 95.69800
 8 7 21 17 22 27750.00000 42.54200000 1824.59000 111.24000 16.84500 95.69800
 8 7 21 17 22 27759.80000 42.54200000 1824.79000 111.24000 16.84500 95.69800
 8 7 21 17 23 27759.70000 42.54200000 1825.11000 111.24000 16.84500 95.69800
 8 7 21 17 23 27759.80000 42.54200000 1825.79000 111.24000 16.84500 95.74500
 8 7 21 17 23 27759.80000 42.62400000 1825.79000 111.24000 16.84500 95.74500
 8 7 21 17 24 27760.40000 42.62400000 1826.74000 111.34000 16.84500 95.74500
 8 7 21 17 24 27771.10000 42.62400000 1826.31000 111.34000 16.84500 95.74500
 8 7 21 17 25 27767.00000 42.62400000 1824.74000 111.34000 16.84500 95.74500
 8 7 21 17 25 27767.10000 42.62400000 1824.44000 111.26000 16.84500 95.74500
 8 7 21 17 26 27768.10000 42.62400000 1825.41000 111.26000 16.84500 95.74500
 8 7 21 17 26 27800.10000 42.62400000 1826.32000 111.40000 16.84500 95.74500
 8 7 21 17 27 27792.70000 42.62400000 1827.08000 111.40000 16.84500 95.74500
 8 7 21 17 27 27788.80000 42.62400000 1826.19000 111.40000 16.84500 95.74500
 8 7 21 17 27 27774.30000 42.62400000 1825.00000 111.40000 16.84500 95.74500
 8 7 21 17 28 27770.40000 42.62400000 1825.00000 111.40000 16.84500 95.74500
 8 7 21 17 28 27774.20000 42.62400000 1825.00000 111.28000 16.84500 95.74500
 8 7 21 17 29 27780.70000 42.62400000 1825.00000 111.28000 16.84500 95.74500
 8 7 21 17 29 27786.00000 42.62400000 1825.00000 111.28000 16.84500 95.74500
 8 7 21 17 30 27781.80000 42.62400000 1825.00000 111.28000 16.84500 95.74500
 8 7 21 17 30 27769.90000 42.56200000 1825.00000 111.29000 16.84500 95.74500
 8 7 21 17 30 27775.00000 42.56200000 1824.97000 111.29000 16.84500 95.74500
 8 7 21 17 31 27775.00000 42.61900000 1826.44000 111.50000 16.84500 95.74500
 8 7 21 17 31 27806.40000 42.61900000 1827.51000 111.50000 16.84500 95.67000
 8 7 21 17 32 27814.60000 42.61900000 1827.52000 111.50000 16.84500 95.67000
 8 7 21 17 32 27817.50000 42.61900000 1827.43000 111.60000 16.84500 95.67000
 8 7 21 17 33 27817.50000 42.61900000 1828.26000 111.60000 16.84500 95.67000
 8 7 21 17 33 27813.90000 42.61900000 1827.67000 111.60000 16.84500 95.67000
 8 7 21 17 33 27829.20000 42.61900000 1828.33000 111.64000 16.84500 95.67000
 8 7 21 17 34 27842.20000 42.61900000 1828.28000 111.88000 16.84500 95.67000
 8 7 21 17 34 27852.10000 42.71200000 1830.11000 111.88000 16.84500 95.67000
 8 7 21 17 35 27852.20000 42.71200000 1828.83000 111.89000 16.84500 95.67000
 8 7 21 17 35 27827.80000 42.67500000 1829.06000 111.84000 16.84500 95.67000
 8 7 21 17 36 27834.10000 42.67500000 1830.02000 111.84000 16.84500 95.67000
 8 7 21 17 36 27831.00000 42.67500000 1829.76000 111.84000 16.84500 95.67000
 8 7 21 17 36 27825.30000 42.67500000 1829.76000 111.84000 16.84500 95.67000
 8 7 21 17 37 27825.10000 42.67500000 1829.08000 111.84000 16.84500 95.67000
 8 7 21 17 37 27825.00000 42.67500000 1829.08000 111.84000 16.84500 95.67000
 8 7 21 17 38 27832.40000 42.67500000 1829.73000 111.87000 16.84500 95.67000
 8 7 21 17 38 27845.00000 42.67500000 1829.00000 111.87000 16.84500 95.67000
 8 7 21 17 39 27835.30000 42.67500000 1830.62000 111.87000 16.84500 95.67000
 8 7 21 17 39 27861.70000 42.67500000 1830.62000 111.87000 16.84500 95.67000
 8 7 21 17 40 27867.70000 42.67500000 1831.81000 112.07000 16.84500 95.67000
 8 7 21 17 40 27846.40000 42.67500000 1830.46000 112.03000 16.84500 95.67000
 8 7 21 17 40 27858.80000 42.67500000 1830.77000 112.01000 16.84500 95.67000
 8 7 21 17 41 27866.00000 42.67500000 1830.54000 112.04000 16.84500 95.67000
 8 7 21 17 41 27869.50000 42.67500000 1830.23000 112.04000 16.84500 95.67000
 8 7 21 17 42 27874.10000 42.67500000 1830.54000 112.04000 16.84500 95.67000
 8 7 21 17 42 27858.20000 42.67500000 1829.49000 112.04000 16.84500 95.67000
 8 7 21 17 43 27871.70000 42.73000000 1828.98000 111.84000 16.84500 95.67000
 8 7 21 17 43 27872.30000 42.73000000 1828.75000 111.90000 16.84500 95.67000
 8 7 21 17 43 27859.90000 42.73000000 1828.75000 111.80000 16.84500 95.67000
 8 7 21 17 44 27858.20000 42.73000000 1828.75000 111.80000 16.84500 95.67000
 8 7 21 17 44 27854.40000 42.73000000 1828.50000 111.80000 16.84500 95.67000
 8 7 21 17 45 27847.30000 42.73000000 1828.31000 111.80000 16.84500 95.67000
 8 7 21 17 45 27861.40000 42.73000000 1828.46000 111.80000 16.84500 95.67500
 8 7 21 17 46 27852.20000 42.69900000 1829.02000 111.80000 16.84500 95.67500
 8 7 21 17 46 27852.50000 42.69900000 1828.77000 111.83000 16.84500 95.67500
 8 7 21 17 46 27874.30000 42.69900000 1830.26000 111.92000 16.84500 95.67500
 8 7 21 17 47 27874.50000 42.69900000 1831.11000 111.92000 16.84500 95.67500
 8 7 21 17 47 27883.60000 42.69900000 1831.08000 111.92000 16.84500 95.67500
 8 7 21 17 48 27888.10000 42.69900000 1830.88000 111.92000 16.84500 95.67500
 8 7 21 17 48 27881.90000 42.69900000 1830.80000 111.92000 16.84500 95.67500
