M=[
11 6 20 18 37 8270.40000 5.60100000 207.54000 38.56000 13.16200 44.61400
11 6 20 18 38 8267.80000 5.60100000 207.52000 38.60000 13.16200 44.61400
11 6 20 18 38 8271.00000 5.60500000 207.54000 38.60000 13.16200 44.61400
11 6 20 18 39 8267.00000 5.60100000 207.51000 38.62000 13.09500 44.61400
11 6 20 18 39 8266.10000 5.59100000 207.51000 38.58000 13.09900 44.73000
11 6 20 18 40 8266.20000 5.59100000 207.51000 38.60000 13.09500 44.61400
11 6 20 18 40 8267.00000 5.59100000 207.53000 38.60000 13.09500 44.61400
11 6 20 18 41 8260.60000 5.59100000 207.45000 38.60000 13.09500 44.61400
11 6 20 18 41 8260.40000 5.59100000 207.28000 38.60000 13.09500 44.61400
11 6 20 18 42 8261.90000 5.59100000 207.37000 38.60000 13.09500 44.61400
11 6 20 18 42 8260.80000 5.59100000 207.41000 38.55000 13.09500 44.61400
11 6 20 18 43 8263.40000 5.59100000 207.37000 38.58000 13.09500 44.61400
11 6 20 18 43 8261.20000 5.59100000 207.40000 38.55000 13.09500 44.61400
11 6 20 18 44 8261.00000 5.60100000 207.43000 38.57000 13.02300 44.61400
11 6 20 18 45 8260.90000 5.59100000 207.28000 38.57000 12.91100 44.61400
11 6 20 18 45 8246.70000 5.59100000 207.16000 38.49000 12.91100 44.61400
11 6 20 18 46 8245.00000 5.59100000 207.00000 38.49000 12.91100 44.62300
11 6 20 18 46 8228.60000 5.59100000 207.00000 38.49000 13.02300 44.62300
11 6 20 18 47 8227.30000 5.59100000 206.75000 38.48000 12.91100 44.41800
11 6 20 18 48 8245.10000 5.56000000 206.67000 38.49000 12.91100 44.41800
11 6 20 18 48 8226.40000 5.56000000 206.40000 38.43000 12.90000 44.41800
11 6 20 18 49 8230.20000 5.56000000 206.43000 38.43000 12.90000 44.41800
11 6 20 18 50 8228.60000 5.56000000 206.42000 38.55000 12.90000 44.41800
11 6 20 18 50 8238.20000 5.56000000 206.60000 38.55000 12.90100 44.41800
11 6 20 18 51 8259.50000 5.56000000 207.49000 38.67000 12.90000 44.41800
11 6 20 18 51 8259.00000 5.56000000 207.40000 38.71000 12.90000 44.41800
11 6 20 18 52 8258.80000 5.56000000 207.38000 38.75000 12.90100 44.41800
11 6 20 18 52 8259.50000 5.56000000 207.38000 38.75000 12.90100 44.41800
11 6 20 18 53 8265.10000 5.56000000 207.69000 38.78000 12.90100 44.41800
11 6 20 18 54 8279.40000 5.56000000 207.75000 38.78000 12.90100 44.41800
11 6 20 18 54 8272.40000 5.56000000 207.79000 38.78000 12.90100 44.41800
11 6 20 18 55 8271.90000 5.56000000 207.79000 38.83000 12.90100 44.41800
11 6 20 18 55 8270.20000 5.56000000 207.73000 38.83000 12.90100 44.61400
11 6 20 18 56 8259.30000 5.56000000 207.55000 38.83000 12.90100 44.41800
11 6 20 18 56 8259.20000 5.56000000 207.37000 38.83000 12.90100 44.41800
11 6 20 18 57 8245.40000 5.56000000 207.14000 38.83000 12.92000 44.62300
11 6 20 18 58 8245.40000 5.56000000 207.15000 38.70000 12.92000 44.41800
11 6 20 18 58 8243.00000 5.56000000 206.95000 38.70000 12.92000 44.41800
11 6 20 18 59 8243.00000 5.56000000 206.92000 38.70000 12.92000 44.44000
11 6 20 18 59 8245.00000 5.56000000 206.92000 38.70000 12.92000 44.44000
11 6 20 19 00 8248.70000 5.59800000 206.92000 38.70000 12.92000 44.44000
11 6 20 19 00 8249.30000 5.59800000 207.18000 38.71000 12.91400 44.44000
11 6 20 19 01 8247.80000 5.59600000 207.12000 38.72000 12.91400 44.44000
11 6 20 19 01 8248.30000 5.59700000 207.03000 38.72000 12.91400 44.44000
11 6 20 19 02 8246.20000 5.59700000 207.04000 38.67000 12.94100 44.44000
11 6 20 19 02 8248.10000 5.59700000 207.03000 38.71000 12.94100 44.44000
11 6 20 19 03 8251.80000 5.59700000 207.15000 38.71000 12.94100 44.44000
11 6 20 19 04 8251.90000 5.59700000 207.02000 38.71000 12.94100 44.41800
11 6 20 19 04 8251.80000 5.59700000 207.13000 38.74000 12.94100 44.44000
11 6 20 19 05 8251.80000 5.59700000 207.13000 38.75000 12.94100 44.44000
11 6 20 19 05 8251.70000 5.59700000 207.14000 38.75000 12.94100 44.44000
11 6 20 19 06 8248.40000 5.59700000 207.13000 38.74000 12.94100 44.44000
11 6 20 19 06 8248.40000 5.59700000 207.00000 38.61000 12.94100 44.44000
11 6 20 19 07 8242.70000 5.59200000 207.00000 38.61000 12.94100 44.44000
11 6 20 19 07 8242.80000 5.59200000 206.65000 38.74000 12.94100 44.44000
11 6 20 19 08 8245.30000 5.59200000 206.69000 38.61000 12.94100 44.44000
11 6 20 19 08 8244.90000 5.59200000 206.68000 38.61000 12.94100 44.44000
11 6 20 19 09 8245.00000 5.59200000 206.71000 38.61000 12.94100 44.44000
11 6 20 19 09 8245.00000 5.59200000 206.72000 38.59000 12.94100 44.44000
11 6 20 19 10 8242.90000 5.59200000 206.72000 38.59000 12.94100 44.44000
11 6 20 19 10 8245.10000 5.59200000 206.72000 38.59000 12.94100 44.44000
11 6 20 19 11 8244.60000 5.59200000 206.77000 38.59000 12.94100 44.44000
11 6 20 19 11 8244.20000 5.59200000 206.66000 38.56000 12.94100 44.44000
11 6 20 19 12 8243.00000 5.59200000 206.66000 38.58000 12.94100 44.44000
11 6 20 19 12 8248.30000 5.59200000 206.92000 38.57000 12.94100 44.44000
11 6 20 19 13 8249.00000 5.59200000 207.02000 38.57000 12.94100 44.44000
11 6 20 19 13 8249.90000 5.59200000 207.02000 38.57000 12.94100 44.41800
11 6 20 19 14 8252.90000 5.59200000 207.02000 38.57000 12.94100 44.44000
11 6 20 19 14 8252.50000 5.59200000 207.02000 38.57000 12.94100 44.44000
11 6 20 19 15 8248.10000 5.59200000 207.02000 38.57000 12.94100 44.44000
11 6 20 19 15 8252.40000 5.59200000 206.88000 38.61000 12.94100 44.44000
11 6 20 19 16 8250.90000 5.59200000 207.01000 38.65000 12.94100 44.44000
11 6 20 19 16 8250.80000 5.59000000 207.01000 38.65000 12.94100 44.44000
11 6 20 19 17 8253.60000 5.59000000 207.10000 38.66000 12.94100 44.44000
11 6 20 19 18 8250.90000 5.59000000 207.05000 38.66000 12.94100 44.44000
11 6 20 19 18 8251.00000 5.59000000 206.99000 38.66000 12.94100 44.41800
11 6 20 19 19 8250.90000 5.59000000 206.99000 38.57000 12.94100 44.73000
11 6 20 19 19 8250.80000 5.59000000 206.75000 38.60000 12.94100 44.44000
11 6 20 19 20 8250.10000 5.59200000 206.76000 38.57000 12.94100 44.44000
11 6 20 19 20 8244.60000 5.59000000 206.71000 38.57000 12.94100 44.44000
11 6 20 19 21 8243.40000 5.59000000 206.55000 38.57000 12.94100 44.44000
11 6 20 19 21 8241.20000 5.59000000 206.42000 38.58000 12.94100 44.44000
11 6 20 19 22 8244.50000 5.59000000 206.58000 38.56000 12.94100 44.44000
11 6 20 19 22 8244.60000 5.59000000 206.46000 38.53000 12.94100 44.44000
11 6 20 19 23 8243.80000 5.59000000 206.56000 38.50000 12.94100 44.44000
11 6 20 19 23 8235.70000 5.59000000 206.34000 38.50000 12.94100 44.43900
11 6 20 19 24 8231.60000 5.56000000 206.11000 38.50000 12.94100 44.41800
11 6 20 19 25 8234.40000 5.56000000 206.11000 38.45000 12.94100 44.43900
11 6 20 19 25 8235.80000 5.59000000 206.11000 38.45000 12.94100 44.43900
11 6 20 19 26 8235.80000 5.56000000 206.08000 38.46000 12.94100 44.43900
11 6 20 19 26 8236.00000 5.56000000 206.16000 38.51000 12.91400 44.43900
11 6 20 19 27 8235.30000 5.59000000 206.26000 38.51000 12.94100 44.43900
11 6 20 19 27 8234.50000 5.56000000 206.17000 38.47000 12.94100 44.43900
11 6 20 19 28 8228.10000 5.56000000 206.08000 38.47000 12.90000 44.43900
11 6 20 19 29 8242.50000 5.56000000 206.43000 38.45000 12.87800 44.43900
11 6 20 19 29 8236.00000 5.56000000 206.61000 38.54000 12.90000 44.43900
11 6 20 19 30 8234.30000 5.56900000 206.52000 38.45000 12.85000 44.43900
11 6 20 19 30 8243.30000 5.56900000 206.60000 38.54000 12.85000 44.43900
11 6 20 19 31 8235.90000 5.56900000 206.68000 38.54000 12.85000 44.44000
11 6 20 19 31 8234.70000 5.56900000 206.67000 38.54000 12.85000 44.43900
11 6 20 19 32 8239.00000 5.56900000 206.53000 38.54000 12.85000 44.43900
11 6 20 19 32 8238.10000 5.56700000 206.53000 38.54000 12.85000 44.43900
11 6 20 19 33 8237.50000 5.56700000 206.66000 38.54000 12.85000 44.59000
11 6 20 19 33 8233.10000 5.56700000 206.65000 38.48000 12.85000 44.59000
11 6 20 19 34 8231.80000 5.56700000 206.44000 38.46000 12.90000 44.59000
11 6 20 19 35 8231.60000 5.56700000 206.67000 38.46000 12.85000 44.59000
11 6 20 19 35 8230.60000 5.56700000 206.39000 38.46000 12.85000 44.59000
11 6 20 19 36 8228.00000 5.56700000 206.45000 38.49000 12.85000 44.59000
11 6 20 19 36 8222.10000 5.56700000 206.09000 38.49000 12.85000 44.51000
