M=[
12 7 20 18 47 8171.50000 5.68500000 211.45000 39.19000 17.19300 52.54900
12 7 20 18 48 8172.60000 5.68500000 211.44000 39.19000 17.19300 52.54900
12 7 20 18 48 8172.60000 5.68500000 211.45000 39.19000 17.19300 52.54900
12 7 20 18 49 8172.60000 5.68500000 211.45000 39.19000 17.19300 52.54900
12 7 20 18 49 8172.60000 5.68500000 211.45000 39.19000 17.19300 52.54900
12 7 20 18 50 8171.50000 5.68500000 211.45000 39.19000 17.19300 52.35000
12 7 20 18 50 8172.50000 5.68500000 211.44000 39.19000 17.19300 52.35000
12 7 20 18 50 8172.80000 5.68500000 211.39000 39.19000 17.19300 52.35000
12 7 20 18 51 8173.10000 5.68500000 211.39000 39.19000 17.24000 52.35000
12 7 20 18 51 8173.30000 5.68500000 211.39000 39.19000 17.24000 52.35000
12 7 20 18 52 8173.30000 5.68500000 211.40000 39.19000 17.24000 52.35000
12 7 20 18 52 8173.20000 5.68500000 211.40000 39.19000 17.24000 52.35000
12 7 20 18 53 8173.10000 5.68500000 211.41000 39.19000 17.22100 52.35000
12 7 20 18 53 8173.70000 5.68500000 211.41000 39.19000 17.22100 52.35000
12 7 20 18 54 8173.30000 5.68500000 211.41000 39.19000 17.22100 52.35000
12 7 20 18 54 8172.10000 5.68500000 211.44000 39.19000 17.22100 52.35000
12 7 20 18 55 8170.30000 5.68500000 211.44000 39.19000 17.22100 52.35000
12 7 20 18 55 8168.60000 5.68500000 211.42000 39.19000 17.22100 52.35000
12 7 20 18 55 8168.00000 5.68500000 211.52000 39.19000 17.22100 52.35000
12 7 20 18 56 8170.20000 5.68500000 211.52000 39.19000 17.22100 52.35000
12 7 20 18 56 8170.20000 5.68500000 211.52000 39.19000 17.22100 52.49000
12 7 20 18 57 8170.20000 5.68500000 211.52000 39.19000 17.22100 52.50000
12 7 20 18 57 8170.20000 5.68500000 211.52000 39.19000 17.22100 52.50000
12 7 20 18 58 8170.20000 5.68500000 211.52000 39.19000 17.22100 52.50000
12 7 20 18 58 8170.20000 5.68500000 211.63000 39.19000 17.22100 52.50000
12 7 20 18 59 8170.30000 5.68500000 211.63000 39.19000 17.22100 52.50000
12 7 20 18 59 8170.30000 5.68500000 211.63000 39.19000 17.22100 52.50000
12 7 20 18 59 8170.30000 5.68500000 211.69000 39.19000 17.22100 52.50000
12 7 20 19 00 8170.20000 5.68500000 211.32000 39.19000 17.22100 52.50000
12 7 20 19 01 8168.70000 5.68700000 211.33000 39.19000 17.22100 52.50000
12 7 20 19 01 8168.00000 5.68700000 211.33000 39.19000 17.22100 52.50000
12 7 20 19 01 8168.70000 5.68700000 211.33000 39.19000 17.22100 52.50000
12 7 20 19 02 8168.00000 5.68700000 211.29000 39.19000 17.22100 52.50000
12 7 20 19 02 8168.00000 5.68700000 211.29000 39.19000 17.22100 52.50000
12 7 20 19 03 8168.00000 5.68700000 211.29000 39.19000 17.22100 52.50000
12 7 20 19 03 8168.10000 5.68700000 211.30000 39.19000 17.22100 52.50000
12 7 20 19 04 8168.10000 5.68700000 211.30000 39.19000 17.22100 52.35600
12 7 20 19 04 8166.10000 5.68700000 211.30000 39.19000 17.22100 52.35600
12 7 20 19 05 8166.90000 5.68700000 211.30000 39.19000 17.22100 52.35600
12 7 20 19 05 8166.40000 5.68700000 211.30000 39.19000 17.22100 52.36600
12 7 20 19 05 8166.40000 5.68700000 211.28000 39.19000 17.22100 52.36600
12 7 20 19 06 8166.00000 5.68700000 211.27000 39.19000 17.22100 52.36600
12 7 20 19 06 8166.00000 5.68700000 211.27000 39.14000 17.22100 52.36600
12 7 20 19 07 8166.00000 5.68700000 211.25000 39.14000 17.27000 52.36600
12 7 20 19 07 8166.00000 5.68700000 211.25000 39.14000 17.26800 52.34900
12 7 20 19 08 8166.00000 5.68700000 211.25000 39.14000 17.26800 52.34900
12 7 20 19 08 8166.10000 5.68700000 211.23000 39.14000 17.26800 52.34900
12 7 20 19 09 8166.60000 5.68700000 211.23000 39.14000 17.26800 52.34900
12 7 20 19 09 8166.60000 5.68700000 211.21000 39.14000 17.26800 52.33000
12 7 20 19 10 8166.00000 5.68700000 211.21000 39.14000 17.26800 52.33000
12 7 20 19 10 8165.90000 5.68700000 211.21000 39.14000 17.26800 52.33000
12 7 20 19 11 8165.90000 5.68700000 211.21000 39.14000 17.26800 52.33000
12 7 20 19 11 8165.10000 5.68700000 211.21000 39.14000 17.23600 52.33000
12 7 20 19 11 8165.00000 5.68700000 211.20000 39.14000 17.21000 52.33000
12 7 20 19 12 8165.10000 5.68700000 211.20000 39.14000 17.21000 52.33000
12 7 20 19 12 8165.10000 5.68700000 211.20000 39.09000 17.21000 52.20000
12 7 20 19 13 8165.10000 5.68700000 211.08000 39.09000 17.18300 52.20000
12 7 20 19 13 8165.10000 5.68700000 211.01000 39.09000 17.18300 52.20000
12 7 20 19 14 8165.00000 5.68700000 211.00000 39.09000 17.18300 52.18000
12 7 20 19 14 8165.10000 5.68700000 210.96000 39.09000 17.18300 52.18000
12 7 20 19 15 8165.10000 5.68700000 210.95000 39.09000 17.18300 52.18000
12 7 20 19 15 8158.40000 5.68700000 210.82000 39.06000 17.18300 52.18000
12 7 20 19 16 8155.10000 5.68700000 210.68000 39.06000 17.18300 51.98000
12 7 20 19 16 8155.10000 5.68700000 210.61000 39.06000 17.18300 51.98000
12 7 20 19 17 8155.10000 5.68700000 210.72000 39.06000 17.18300 51.92000
12 7 20 19 17 8157.60000 5.66000000 210.72000 39.06000 17.18300 51.93000
12 7 20 19 18 8161.60000 5.66000000 210.72000 39.06000 17.18300 51.93000
12 7 20 19 18 8162.70000 5.66000000 211.00000 39.06000 17.18300 51.93000
12 7 20 19 19 8162.60000 5.66000000 211.00000 39.06000 17.18300 51.93000
12 7 20 19 19 8161.60000 5.66000000 211.00000 39.06000 17.18300 51.93000
12 7 20 19 20 8161.60000 5.66000000 210.81000 39.06000 17.18300 51.93000
12 7 20 19 20 8157.90000 5.66000000 210.81000 39.06000 17.18300 51.93000
12 7 20 19 21 8155.30000 5.66000000 210.95000 39.06000 17.18300 51.93000
12 7 20 19 21 8156.40000 5.66000000 210.88000 39.06000 17.18300 51.93000
12 7 20 19 22 8157.00000 5.66000000 210.75000 39.06000 17.18300 51.93000
12 7 20 19 22 8160.00000 5.66000000 210.81000 39.06000 17.18300 51.93000
12 7 20 19 23 8160.00000 5.66000000 210.81000 39.06000 17.15600 51.93000
12 7 20 19 23 8159.60000 5.66000000 210.89000 39.06000 17.15600 51.93000
12 7 20 19 24 8160.00000 5.66000000 210.88000 39.06000 17.15600 51.93000
12 7 20 19 24 8159.90000 5.66000000 210.96000 39.06000 17.15600 51.93000
12 7 20 19 25 8160.00000 5.66000000 210.98000 39.06000 17.15600 51.93000
12 7 20 19 25 8159.90000 5.66000000 210.89000 39.06000 17.15600 52.02500
12 7 20 19 26 8157.80000 5.66000000 210.89000 39.06000 17.15600 52.02500
12 7 20 19 26 8157.60000 5.66000000 210.89000 39.06000 17.15600 52.02500
12 7 20 19 26 8157.60000 5.66000000 210.94000 39.06000 17.15600 52.02500
12 7 20 19 27 8157.50000 5.66000000 210.94000 39.06000 17.15600 52.02500
12 7 20 19 27 8158.30000 5.66000000 210.97000 39.06000 17.15600 52.02500
12 7 20 19 28 8156.40000 5.66000000 210.82000 39.06000 17.15600 52.02500
12 7 20 19 28 8159.20000 5.66000000 210.82000 39.06000 17.15600 52.02500
12 7 20 19 29 8157.70000 5.66000000 210.82000 39.06000 17.15600 52.02500
12 7 20 19 29 8156.50000 5.66000000 210.83000 39.06000 17.15600 52.02500
12 7 20 19 30 8150.00000 5.65300000 210.76000 39.02000 17.15600 51.80400
12 7 20 19 31 8135.60000 5.65000000 210.31000 39.00000 17.15600 51.68000
12 7 20 19 31 8135.60000 5.65000000 210.31000 39.00000 17.15600 51.57000
12 7 20 19 32 8139.80000 5.65000000 210.31000 39.00000 17.15600 51.57000
12 7 20 19 33 8138.10000 5.65000000 210.60000 39.02000 17.15600 51.57000
12 7 20 19 33 8149.00000 5.65000000 210.75000 39.02000 17.15600 51.57000
12 7 20 19 34 8149.00000 5.65000000 210.75000 39.02000 17.15600 51.57000
12 7 20 19 34 8149.70000 5.65000000 210.81000 39.02000 17.15600 51.57000
12 7 20 19 35 8152.70000 5.65400000 210.80000 39.02000 17.15600 51.72900
12 7 20 19 35 8150.50000 5.65400000 210.80000 39.02000 17.15600 51.72900
12 7 20 19 36 8143.00000 5.65400000 210.67000 39.02000 17.15600 51.72900
12 7 20 19 36 8144.70000 5.65400000 210.67000 39.02000 17.15600 51.63800
12 7 20 19 37 8142.80000 5.64800000 210.54000 39.02000 17.15600 51.57500
12 7 20 19 37 8150.00000 5.64800000 210.55000 39.04000 17.15600 51.57500
12 7 20 19 38 8149.20000 5.64800000 210.54000 39.04000 17.15600 51.57500
12 7 20 19 38 8149.30000 5.64800000 210.54000 39.04000 17.15600 51.57500
12 7 20 19 39 8149.30000 5.64800000 210.72000 39.04000 17.15600 51.57500
12 7 20 19 39 8153.00000 5.64800000 210.80000 39.15000 17.15600 51.57500
