M=[
 3 12 20 11 46 16005.20000 5.25700000 505.24000 74.36000 13.77100 62.87700
 3 12 20 11 47 15999.90000 5.25700000 505.03000 74.36000 13.77100 62.87700
 3 12 20 11 47 15985.00000 5.25700000 505.05000 74.36000 13.77100 62.87700
 3 12 20 11 48 15978.40000 5.25700000 505.00000 74.24000 13.77100 62.87700
 3 12 20 11 48 15977.30000 5.25700000 505.00000 74.24000 13.77100 62.87700
 3 12 20 11 49 15970.10000 5.25700000 504.52000 74.15000 13.77100 62.87700
 3 12 20 11 49 15962.50000 5.25700000 504.51000 74.10000 13.77100 62.87700
 3 12 20 11 49 15953.40000 5.25700000 504.51000 74.10000 13.77100 62.87700
 3 12 20 11 50 15955.00000 5.25700000 504.51000 74.10000 13.77100 62.87700
 3 12 20 11 50 15955.00000 5.25700000 504.74000 74.10000 13.77100 62.60000
 3 12 20 11 51 15966.80000 5.25700000 504.73000 74.10000 13.77100 62.60000
 3 12 20 11 51 15966.90000 5.25700000 504.51000 74.00000 13.77100 62.60000
 3 12 20 11 52 15967.30000 5.25700000 504.52000 73.93000 13.77100 62.60000
 3 12 20 11 52 15968.90000 5.25700000 504.60000 73.93000 13.77100 62.60000
 3 12 20 11 52 15968.20000 5.25700000 504.61000 73.93000 13.77100 62.60000
 3 12 20 11 53 15962.90000 5.25700000 504.61000 73.93000 13.77100 62.60000
 3 12 20 11 53 15969.50000 5.25700000 504.60000 73.93000 13.77100 62.60000
 3 12 20 11 54 15972.70000 5.25700000 505.01000 74.05000 13.77100 62.60000
 3 12 20 11 54 15970.10000 5.25700000 504.83000 74.05000 13.77100 62.60000
 3 12 20 11 55 15962.30000 5.25700000 504.83000 74.00000 13.77100 62.60000
 3 12 20 11 55 15965.60000 5.25700000 504.85000 73.99000 13.77100 62.60000
 3 12 20 11 56 15970.00000 5.25700000 504.85000 73.99000 13.70700 62.60000
 3 12 20 11 56 15970.10000 5.25700000 505.17000 73.93000 13.70700 62.60600
 3 12 20 11 56 15977.70000 5.25700000 505.05000 73.96000 13.70700 62.60600
 3 12 20 11 57 15989.60000 5.25700000 505.57000 73.95000 13.70700 62.60600
 3 12 20 11 57 15983.40000 5.25700000 505.30000 73.95000 13.70700 62.60600
 3 12 20 11 58 15980.10000 5.25700000 504.85000 73.96000 13.70700 62.60600
 3 12 20 11 58 15980.10000 5.24800000 505.34000 73.96000 13.70700 62.60600
 3 12 20 11 59 15980.10000 5.24800000 505.68000 73.96000 13.70700 62.60600
 3 12 20 11 59 16005.10000 5.24800000 506.00000 73.96000 13.70700 62.60600
 3 12 20 11 59 16007.00000 5.24800000 506.61000 73.96000 13.70700 62.60600
 3 12 20 12 00 16009.80000 5.24800000 506.56000 74.13000 13.70700 62.60600
 3 12 20 12 00 16017.00000 5.23700000 506.88000 74.21000 13.70700 62.60600
 3 12 20 12 01 16016.60000 5.23700000 506.93000 74.23000 13.70700 62.60600
 3 12 20 12 01 16022.50000 5.23700000 507.00000 74.41000 13.70700 62.60600
 3 12 20 12 02 16018.40000 5.23700000 507.00000 74.42000 13.70700 62.60600
 3 12 20 12 02 16000.20000 5.23700000 506.90000 74.41000 13.70700 62.60600
 3 12 20 12 02 16005.70000 5.23700000 506.96000 74.36000 13.70700 62.60600
 3 12 20 12 03 15975.10000 5.23700000 505.48000 74.02000 13.70700 62.60600
 3 12 20 12 03 15908.40000 5.23700000 505.19000 74.00000 13.70700 62.60600
 3 12 20 12 04 15925.00000 5.23700000 504.79000 73.85000 13.70700 62.60600
 3 12 20 12 04 15914.10000 5.23700000 503.73000 73.50000 13.70700 62.60000
 3 12 20 12 05 15933.60000 5.23700000 504.39000 73.60000 13.70700 62.60000
 3 12 20 12 05 15940.00000 5.23700000 504.34000 73.66000 13.70700 62.60000
 3 12 20 12 05 15940.10000 5.23700000 504.51000 73.72000 13.70700 62.60000
 3 12 20 12 06 15935.10000 5.23700000 504.97000 73.55000 13.70700 62.60000
 3 12 20 12 06 15947.60000 5.23700000 505.29000 73.71000 13.70700 62.60000
 3 12 20 12 07 15947.70000 5.23700000 505.57000 73.60000 13.70700 62.60000
 3 12 20 12 07 15940.20000 5.23700000 504.46000 73.41000 13.70700 62.60000
 3 12 20 12 08 15940.00000 5.23700000 503.93000 73.26000 13.70700 62.52300
 3 12 20 12 08 15940.10000 5.23700000 503.93000 73.38000 13.70700 62.52300
 3 12 20 12 09 15944.70000 5.22900000 503.93000 73.41000 13.70700 62.52300
 3 12 20 12 09 15953.60000 5.22900000 504.65000 73.51000 13.70700 62.52300
 3 12 20 12 09 15945.10000 5.22900000 504.51000 73.50000 13.70700 62.52300
 3 12 20 12 10 15944.80000 5.22900000 504.49000 73.28000 13.70700 62.52300
 3 12 20 12 10 15951.20000 5.22900000 504.69000 73.58000 13.70700 62.52300
 3 12 20 12 11 15955.00000 5.22900000 504.65000 73.50000 13.70700 62.52300
 3 12 20 12 11 15955.20000 5.22900000 504.65000 73.50000 13.70700 62.52300
 3 12 20 12 12 15955.10000 5.22900000 504.57000 73.60000 13.70700 62.52300
 3 12 20 12 12 15958.50000 5.22900000 504.68000 73.58000 13.70700 62.52300
 3 12 20 12 12 15956.50000 5.22900000 504.51000 73.58000 13.70700 62.52300
 3 12 20 12 13 15944.10000 5.22900000 504.20000 73.48000 13.70700 62.52300
 3 12 20 12 13 15920.10000 5.22900000 504.19000 73.40000 13.70700 62.52300
 3 12 20 12 14 15924.00000 5.22900000 503.90000 73.39000 13.70700 62.52300
 3 12 20 12 14 15929.00000 5.23600000 504.10000 73.39000 13.70700 62.52300
 3 12 20 12 15 15921.30000 5.23600000 503.84000 73.25000 13.70700 62.23700
 3 12 20 12 15 15927.10000 5.23600000 504.22000 73.33000 13.70700 62.23700
 3 12 20 12 15 15925.10000 5.23600000 503.78000 73.25000 13.70700 62.23700
 3 12 20 12 16 15910.20000 5.22700000 502.70000 73.10000 13.70700 62.28900
 3 12 20 12 16 15897.00000 5.22200000 501.29000 73.01000 13.70700 62.21100
 3 12 20 12 17 15911.60000 5.22200000 500.35000 73.05000 13.70700 62.18000
 3 12 20 12 17 15880.30000 5.20800000 500.30000 73.00000 13.70700 62.18000
 3 12 20 12 18 15895.00000 5.20800000 501.00000 73.24000 13.70700 62.18000
 3 12 20 12 18 15907.90000 5.20800000 501.00000 73.32000 13.70700 62.12000
 3 12 20 12 18 15908.90000 5.20800000 501.80000 73.12000 13.70700 62.18700
 3 12 20 12 19 15930.40000 5.20800000 501.98000 73.23000 13.70700 62.18700
 3 12 20 12 19 15916.60000 5.20800000 501.71000 73.23000 13.70700 62.24000
 3 12 20 12 20 15905.10000 5.20800000 501.51000 73.23000 13.70700 62.24000
 3 12 20 12 20 15911.20000 5.20800000 501.41000 73.21000 13.70700 62.04000
 3 12 20 12 21 15922.90000 5.20800000 502.10000 73.21000 13.76700 62.04000
 3 12 20 12 21 15921.90000 5.20800000 502.10000 73.29000 13.76700 62.04000
 3 12 20 12 22 15916.80000 5.20800000 502.08000 73.27000 13.76700 62.04800
 3 12 20 12 22 15915.80000 5.20800000 501.86000 73.24000 13.76700 62.04800
 3 12 20 12 22 15917.60000 5.20800000 501.39000 73.24000 13.76700 62.04800
 3 12 20 12 23 15923.00000 5.20800000 501.94000 73.31000 13.76700 62.04800
 3 12 20 12 23 15928.40000 5.20800000 502.44000 73.38000 13.76700 62.04800
 3 12 20 12 24 15931.00000 5.20800000 501.45000 73.36000 13.76700 62.04800
 3 12 20 12 24 15916.90000 5.20800000 501.94000 73.28000 13.76700 62.04800
 3 12 20 12 25 15933.20000 5.20800000 502.19000 73.28000 13.76700 62.04800
 3 12 20 12 25 15934.30000 5.20800000 502.52000 73.42000 13.76700 62.04800
 3 12 20 12 25 15931.30000 5.20800000 502.20000 73.43000 13.76700 62.04800
 3 12 20 12 26 15940.80000 5.20800000 502.32000 73.53000 13.76700 62.06900
 3 12 20 12 26 15942.70000 5.20800000 502.33000 73.58000 13.76700 62.31200
 3 12 20 12 27 15938.10000 5.20800000 502.32000 73.58000 13.76700 62.31200
 3 12 20 12 27 15942.30000 5.20800000 502.32000 73.57000 13.76700 62.31200
 3 12 20 12 28 15939.70000 5.20800000 502.32000 73.57000 13.76700 62.31200
 3 12 20 12 28 15937.80000 5.20800000 502.32000 73.56000 13.76700 62.31200
 3 12 20 12 28 15937.70000 5.20800000 502.32000 73.56000 13.76700 62.31200
 3 12 20 12 29 15930.00000 5.20800000 502.11000 73.55000 13.76700 62.31200
 3 12 20 12 29 15930.10000 5.20800000 502.11000 73.48000 13.76700 62.31200
 3 12 20 12 30 15936.20000 5.20800000 502.32000 73.54000 13.76700 62.31200
 3 12 20 12 30 15940.00000 5.20800000 502.69000 73.53000 13.76700 62.31200
 3 12 20 12 31 15939.90000 5.24400000 502.72000 73.53000 13.76700 62.31200
 3 12 20 12 31 15930.20000 5.24400000 502.69000 73.47000 13.76700 62.31200
 3 12 20 12 31 15921.10000 5.24400000 502.03000 73.46000 13.76700 62.31200
 3 12 20 12 32 15910.10000 5.23800000 501.76000 73.43000 13.76700 62.19000
