M=[
13 3 21 18 34 49804.00000 11.47600000 1580.00000 188.46000 26.75900 129.76700
13 3 21 18 35 49804.00000 11.47600000 1580.00000 188.23000 26.75900 129.76700
13 3 21 18 35 49812.20000 11.50000000 1581.50000 188.23000 26.75900 129.76700
13 3 21 18 36 49812.20000 11.50000000 1581.94000 188.53000 26.75900 129.76700
13 3 21 18 36 49812.30000 11.50000000 1581.99000 188.53000 26.75900 129.66700
13 3 21 18 36 49812.30000 11.52500000 1579.94000 188.53000 26.75900 129.66700
13 3 21 18 37 49800.60000 11.52500000 1579.99000 188.53000 26.75900 129.66700
13 3 21 18 37 49800.30000 11.52500000 1580.65000 188.40000 26.75900 129.66700
13 3 21 18 38 49812.10000 11.53000000 1582.00000 188.52000 26.75900 129.66700
13 3 21 18 38 49812.10000 11.56600000 1583.50000 188.52000 26.75900 129.66700
13 3 21 18 39 49818.90000 11.56600000 1582.46000 188.52000 26.75900 129.66700
13 3 21 18 39 49812.20000 11.52900000 1582.17000 188.52000 26.75900 129.73800
13 3 21 18 39 49800.00000 11.52900000 1581.16000 188.41000 26.75900 129.73800
13 3 21 18 40 49793.70000 11.52900000 1581.17000 188.54000 26.75900 129.73800
13 3 21 18 40 49794.60000 11.56600000 1580.76000 188.54000 26.75900 129.73800
13 3 21 18 41 49801.40000 11.56600000 1582.00000 188.62000 26.75900 129.73800
13 3 21 18 41 49819.70000 11.56600000 1582.00000 188.62000 26.75900 129.73800
13 3 21 18 42 49826.20000 11.60000000 1583.19000 188.76000 26.75900 129.73800
13 3 21 18 42 49825.20000 11.60300000 1582.16000 188.64000 26.75900 129.73800
13 3 21 18 42 49831.40000 11.60300000 1582.17000 188.64000 26.80500 129.60600
13 3 21 18 43 49830.50000 11.62700000 1582.11000 188.62000 26.80500 129.60600
13 3 21 18 43 49830.00000 11.62700000 1582.09000 188.62000 26.80500 129.60600
13 3 21 18 44 49824.10000 11.62700000 1581.68000 188.66000 26.80500 129.60600
13 3 21 18 44 49824.20000 11.62700000 1581.01000 188.63000 26.80500 129.60600
13 3 21 18 44 49829.90000 11.61900000 1581.85000 188.63000 26.80500 129.50000
13 3 21 18 45 49829.90000 11.64700000 1582.30000 188.81000 26.80300 129.50000
13 3 21 18 45 49830.00000 11.64700000 1582.97000 188.76000 26.80300 129.60900
13 3 21 18 46 49829.90000 11.69000000 1582.31000 188.66000 26.80300 129.60900
13 3 21 18 46 49821.00000 11.69000000 1581.39000 188.63000 26.80300 129.60900
13 3 21 18 47 49825.00000 11.70000000 1581.39000 188.31000 26.80300 129.60900
13 3 21 18 47 49838.10000 11.68000000 1581.70000 188.31000 26.80300 129.60900
13 3 21 18 47 49843.00000 11.72100000 1581.70000 188.31000 26.80300 129.60900
13 3 21 18 48 49855.70000 11.78000000 1582.44000 188.58000 26.80300 129.70000
13 3 21 18 48 49864.80000 11.78000000 1582.43000 188.46000 26.80300 129.70000
13 3 21 18 49 49870.30000 11.79000000 1582.43000 188.56000 26.80300 129.70000
13 3 21 18 49 49870.90000 11.75200000 1582.42000 188.86000 26.80300 129.70000
13 3 21 18 50 49884.30000 11.80900000 1582.96000 188.85000 26.80300 129.70000
13 3 21 18 50 49884.20000 11.71000000 1582.02000 188.67000 26.80300 129.70000
13 3 21 18 50 49876.40000 11.75200000 1582.02000 188.67000 26.80300 130.39700
13 3 21 18 51 49876.50000 11.77200000 1581.88000 188.38000 26.80300 130.39700
13 3 21 18 51 49870.10000 11.76000000 1581.71000 188.38000 26.80300 130.39700
13 3 21 18 52 49828.90000 11.78000000 1581.69000 188.37000 26.80300 130.39700
13 3 21 18 52 49829.10000 11.77100000 1580.90000 188.37000 26.80300 130.09000
13 3 21 18 53 49822.80000 11.78000000 1580.10000 188.09000 26.80300 130.09000
13 3 21 18 53 49822.80000 11.78000000 1578.94000 188.09000 26.80300 130.09000
13 3 21 18 53 49781.10000 11.78000000 1578.63000 187.98000 26.80300 130.09000
13 3 21 18 54 49773.90000 11.72200000 1578.28000 187.95000 26.80300 130.09000
13 3 21 18 54 49752.10000 11.65700000 1576.55000 187.30000 26.80300 130.09000
13 3 21 18 55 49752.10000 11.64300000 1577.59000 187.30000 26.78100 130.09000
13 3 21 18 55 49777.30000 11.59600000 1577.58000 187.73000 26.78100 129.27700
13 3 21 18 56 49777.30000 11.74300000 1577.59000 187.76000 26.78100 129.27700
13 3 21 18 56 49777.40000 11.69700000 1577.58000 187.77000 26.78100 129.27700
13 3 21 18 56 49785.30000 11.69700000 1578.72000 187.77000 26.78100 129.21800
13 3 21 18 57 49807.90000 11.67300000 1578.74000 187.78000 26.78100 129.21800
13 3 21 18 57 49819.10000 11.69400000 1579.65000 187.91000 26.78100 129.21800
13 3 21 18 58 49853.40000 11.68200000 1580.29000 188.12000 26.78100 129.00000
13 3 21 18 58 49853.80000 11.71800000 1581.23000 188.22000 26.78100 129.00000
13 3 21 18 59 49854.90000 11.71800000 1581.68000 188.15000 26.78100 129.00000
13 3 21 18 59 49879.40000 11.73000000 1582.99000 188.25000 26.78100 129.00000
13 3 21 18 59 49879.50000 11.78300000 1582.99000 188.32000 26.78100 129.00000
13 3 21 19 00 49890.00000 11.73100000 1582.66000 188.34000 26.78100 129.00000
13 3 21 19 00 49890.00000 11.73100000 1581.36000 188.33000 26.78100 129.00000
13 3 21 19 01 49889.90000 11.65800000 1581.34000 188.33000 26.78100 129.00000
13 3 21 19 01 49875.10000 11.65800000 1580.11000 187.72000 26.78100 129.00000
13 3 21 19 02 49881.00000 11.65800000 1580.51000 188.01000 26.78100 129.15800
13 3 21 19 02 49882.10000 11.67800000 1579.19000 187.98000 26.84000 129.21500
13 3 21 19 02 49882.10000 11.65000000 1579.19000 187.88000 26.84000 129.21500
13 3 21 19 03 49835.20000 11.65000000 1579.56000 187.57000 26.84000 129.21500
13 3 21 19 03 49853.30000 11.65000000 1578.90000 187.54000 26.84000 129.21500
13 3 21 19 04 49888.10000 11.65000000 1580.63000 187.74000 26.84000 129.38200
13 3 21 19 04 49876.00000 11.65000000 1580.48000 187.52000 26.84000 129.38200
13 3 21 19 05 49889.40000 11.65000000 1581.16000 187.52000 26.84000 129.38200
13 3 21 19 05 49896.90000 11.64600000 1580.36000 187.67000 26.67300 129.38200
13 3 21 19 05 49896.80000 11.64600000 1581.52000 187.67000 26.67300 129.09800
13 3 21 19 06 49897.00000 11.64600000 1581.67000 187.57000 26.67300 129.06900
13 3 21 19 06 49897.00000 11.63700000 1582.53000 187.52000 26.67300 129.04200
13 3 21 19 07 49897.00000 11.64500000 1582.58000 187.40000 26.67300 129.04200
13 3 21 19 07 49897.00000 11.64500000 1582.52000 187.38000 26.67300 129.04200
13 3 21 19 08 49897.00000 11.61100000 1582.67000 187.37000 26.67300 129.04200
13 3 21 19 08 49896.90000 11.61100000 1582.67000 187.37000 26.67300 129.04200
13 3 21 19 08 49897.00000 11.61100000 1582.54000 187.32000 26.67300 129.04200
13 3 21 19 09 49896.90000 11.61100000 1582.54000 187.02000 26.67300 129.04200
13 3 21 19 09 49897.00000 11.61100000 1582.54000 187.35000 26.67300 129.04200
13 3 21 19 10 49897.00000 11.61100000 1581.90000 187.29000 26.67300 129.20000
13 3 21 19 10 49897.00000 11.68200000 1581.04000 187.26000 26.67300 129.20000
13 3 21 19 11 49897.00000 11.68200000 1581.04000 187.20000 26.67300 129.01600
13 3 21 19 11 49899.90000 11.69700000 1581.34000 187.20000 26.67300 129.01600
13 3 21 19 11 49899.90000 11.69400000 1581.24000 187.20000 26.67300 129.01600
13 3 21 19 12 49900.00000 11.69400000 1580.54000 187.22000 26.67300 129.01600
13 3 21 19 12 49893.80000 11.69400000 1579.71000 187.22000 26.67300 129.01600
13 3 21 19 13 49893.80000 11.69400000 1581.31000 187.25000 26.67300 129.01600
13 3 21 19 13 49843.10000 11.67500000 1579.50000 187.04000 26.67300 129.01600
13 3 21 19 14 49843.20000 11.67500000 1579.50000 187.02000 26.67300 129.01600
13 3 21 19 14 49828.30000 11.67500000 1579.50000 186.94000 26.67300 129.01600
13 3 21 19 14 49843.40000 11.67500000 1579.51000 186.76000 26.67300 129.01600
13 3 21 19 15 49843.30000 11.61000000 1579.50000 186.85000 26.67300 129.01600
13 3 21 19 15 49843.40000 11.61400000 1579.51000 187.27000 26.67300 129.29700
13 3 21 19 16 49855.90000 11.61400000 1579.51000 187.25000 26.67300 129.29300
13 3 21 19 16 49851.30000 11.61400000 1579.50000 187.02000 26.67300 129.23200
13 3 21 19 17 49855.70000 11.61400000 1579.50000 187.18000 26.67300 129.28000
13 3 21 19 17 49883.40000 11.61400000 1580.28000 187.18000 26.67300 129.28000
13 3 21 19 17 49883.70000 11.61400000 1580.27000 187.29000 26.67300 129.28000
