M=[
29 11 20 14 28 15161.20000 5.31300000 465.00000 63.44000 13.02400 62.62200
29 11 20 14 28 15159.30000 5.31300000 464.01000 63.43000 13.02400 62.62200
29 11 20 14 29 15166.10000 5.31300000 464.30000 63.43000 13.02400 62.62200
29 11 20 14 29 15165.80000 5.31300000 464.30000 63.43000 13.02400 62.62200
29 11 20 14 29 15170.30000 5.31300000 464.35000 63.43000 13.02400 62.62200
29 11 20 14 30 15170.00000 5.31300000 464.37000 63.43000 13.02400 62.62200
29 11 20 14 30 15163.00000 5.31300000 464.09000 63.43000 13.02400 62.62200
29 11 20 14 31 15157.70000 5.31600000 464.01000 63.43000 13.02400 62.62200
29 11 20 14 31 15160.00000 5.31600000 464.01000 63.34000 13.02400 62.62200
29 11 20 14 32 15162.20000 5.31600000 464.08000 63.34000 13.02400 62.62200
29 11 20 14 32 15163.80000 5.31600000 464.26000 63.34000 13.02400 62.62200
29 11 20 14 32 15163.80000 5.31600000 464.42000 63.34000 13.02400 62.62200
29 11 20 14 33 15168.70000 5.31600000 464.28000 63.34000 13.02400 62.62200
29 11 20 14 33 15160.10000 5.31600000 464.38000 63.34000 13.02400 62.62200
29 11 20 14 34 15160.10000 5.31600000 464.20000 63.21000 13.02400 62.62200
29 11 20 14 34 15160.10000 5.31600000 464.20000 63.24000 13.02400 62.62200
29 11 20 14 35 15160.00000 5.31600000 464.20000 63.24000 13.02400 62.62200
29 11 20 14 35 15162.20000 5.31600000 464.45000 63.24000 13.02400 62.62200
29 11 20 14 35 15163.40000 5.31600000 464.45000 63.24000 13.02400 62.62200
29 11 20 14 36 15165.00000 5.31600000 464.47000 63.24000 13.02400 62.62200
29 11 20 14 36 15165.00000 5.31600000 464.46000 63.24000 13.02400 62.62200
29 11 20 14 37 15159.90000 5.31600000 464.30000 63.26000 13.02400 62.62200
29 11 20 14 37 15159.90000 5.31600000 464.30000 63.26000 13.02400 62.62200
29 11 20 14 38 15160.00000 5.31600000 464.31000 63.26000 13.02400 62.62200
29 11 20 14 38 15159.90000 5.31600000 464.50000 63.26000 13.02400 62.62200
29 11 20 14 38 15159.90000 5.31600000 464.50000 63.26000 13.02400 62.62200
29 11 20 14 39 15159.90000 5.31600000 464.60000 63.26000 13.02400 62.62200
29 11 20 14 39 15160.00000 5.31600000 464.67000 63.26000 13.02400 62.62200
29 11 20 14 40 15160.00000 5.31600000 464.87000 63.26000 13.02400 62.62200
29 11 20 14 40 15160.00000 5.31600000 464.87000 63.30000 13.02400 62.60800
29 11 20 14 41 15160.00000 5.31600000 464.79000 63.30000 13.02400 62.60800
29 11 20 14 41 15160.00000 5.31600000 464.34000 63.26000 13.02400 62.60800
29 11 20 14 41 15159.90000 5.31600000 464.36000 63.26000 13.02400 62.60800
29 11 20 14 42 15159.90000 5.31600000 464.30000 63.26000 13.02400 62.60800
29 11 20 14 42 15159.90000 5.31600000 463.70000 63.19000 13.02400 62.40500
29 11 20 14 43 15150.10000 5.31600000 463.36000 63.07000 13.02400 62.40500
29 11 20 14 43 15150.00000 5.31600000 463.36000 63.07000 13.02400 62.40500
29 11 20 14 44 15150.10000 5.31600000 463.36000 63.07000 13.02400 62.40500
29 11 20 14 44 15131.10000 5.31600000 463.17000 62.99000 13.02400 62.40500
29 11 20 14 44 15115.90000 5.31600000 463.00000 62.98000 13.02400 62.40500
29 11 20 14 45 15115.80000 5.31600000 463.00000 62.86000 13.02400 62.40500
29 11 20 14 45 15115.80000 5.31600000 462.68000 62.98000 13.02400 62.40500
29 11 20 14 46 15115.90000 5.31600000 462.80000 62.99000 13.02400 62.40500
29 11 20 14 46 15115.80000 5.31600000 462.80000 63.05000 13.02400 62.40500
29 11 20 14 47 15131.80000 5.31600000 463.26000 63.07000 13.02400 62.40500
29 11 20 14 47 15118.20000 5.31600000 463.22000 63.07000 13.02400 62.40500
29 11 20 14 47 15116.00000 5.31600000 463.22000 63.07000 13.02400 62.24900
29 11 20 14 48 15125.00000 5.31600000 463.18000 63.07000 13.02400 62.24900
29 11 20 14 48 15120.60000 5.31600000 463.18000 63.10000 13.02400 62.24900
29 11 20 14 49 15131.20000 5.31600000 463.88000 63.14000 13.02400 62.24900
29 11 20 14 49 15121.30000 5.31600000 463.88000 63.14000 13.02400 62.24900
29 11 20 14 49 15123.40000 5.31600000 463.88000 63.09000 13.02400 62.24900
29 11 20 14 50 15131.10000 5.31600000 463.75000 63.09000 13.02400 62.24900
29 11 20 14 50 15120.60000 5.31600000 463.75000 63.05000 13.02400 62.24900
29 11 20 14 51 15120.50000 5.31600000 463.75000 63.00000 13.02400 62.24900
29 11 20 14 51 15120.60000 5.31600000 463.30000 63.01000 13.02400 62.24900
29 11 20 14 52 15119.10000 5.31600000 463.00000 63.01000 13.02400 62.24900
29 11 20 14 52 15123.50000 5.31600000 463.25000 63.01000 13.02400 62.24900
29 11 20 14 52 15125.20000 5.31600000 463.46000 63.01000 13.02400 62.24900
29 11 20 14 53 15126.50000 5.28600000 463.48000 63.01000 13.02400 62.24900
29 11 20 14 53 15127.90000 5.28600000 463.48000 63.01000 13.02400 62.24900
29 11 20 14 54 15128.50000 5.28600000 463.31000 63.01000 13.02400 62.24900
29 11 20 14 54 15132.00000 5.28600000 463.31000 63.01000 13.02400 62.24900
29 11 20 14 55 15132.00000 5.28600000 463.47000 63.01000 13.02400 62.24900
29 11 20 14 55 15116.60000 5.28600000 463.01000 63.01000 13.02400 62.24900
29 11 20 14 55 15115.90000 5.29600000 463.00000 63.04000 13.02400 62.24900
29 11 20 14 56 15124.10000 5.29600000 463.03000 62.99000 13.02400 62.24900
29 11 20 14 56 15132.80000 5.29600000 463.09000 62.99000 13.02400 62.24900
29 11 20 14 57 15123.50000 5.29600000 463.09000 62.99000 13.02400 62.24900
29 11 20 14 57 15122.80000 5.29600000 463.09000 63.02000 13.02400 62.24900
29 11 20 14 58 15124.40000 5.29600000 463.01000 63.02000 13.02400 62.24900
29 11 20 14 58 15124.10000 5.29600000 463.01000 63.02000 13.02400 62.24900
29 11 20 14 58 15126.60000 5.29600000 463.08000 63.02000 13.02400 62.24900
29 11 20 14 59 15125.50000 5.29600000 463.08000 62.98000 13.02400 62.24900
29 11 20 14 59 15127.90000 5.29600000 463.34000 62.98000 13.02400 62.24900
29 11 20 15 00 15127.90000 5.29600000 463.01000 63.00000 13.02400 62.10300
29 11 20 15 00 15104.70000 5.29600000 463.01000 62.90000 13.02400 62.10300
29 11 20 15 01 15100.50000 5.29600000 463.01000 62.85000 13.02400 62.07600
29 11 20 15 01 15092.30000 5.28000000 462.06000 62.83000 13.02400 62.07600
29 11 20 15 01 15075.10000 5.28000000 462.25000 62.73000 13.02400 62.07600
29 11 20 15 02 15086.20000 5.28000000 462.29000 62.73000 13.02400 62.07600
29 11 20 15 02 15087.90000 5.28000000 461.98000 62.73000 13.02400 62.07600
29 11 20 15 03 15082.40000 5.28000000 461.98000 62.61000 13.02400 62.07600
29 11 20 15 03 15076.40000 5.28000000 461.83000 62.61000 13.02400 62.07600
29 11 20 15 04 15056.80000 5.27200000 461.83000 62.61000 13.00100 61.61400
29 11 20 15 04 15072.20000 5.27200000 461.73000 62.66000 13.00100 61.61400
29 11 20 15 04 15102.60000 5.27200000 462.25000 62.66000 13.00100 61.61400
29 11 20 15 05 15096.70000 5.26600000 462.58000 62.66000 13.00100 61.61400
29 11 20 15 05 15109.20000 5.26600000 463.03000 62.66000 13.00100 61.61400
29 11 20 15 06 15142.70000 5.26600000 463.76000 62.92000 13.00100 61.61400
29 11 20 15 06 15134.90000 5.26600000 464.04000 62.92000 13.00100 61.61400
29 11 20 15 07 15147.70000 5.26600000 464.01000 62.92000 13.00100 61.61400
29 11 20 15 07 15132.50000 5.26600000 463.22000 62.93000 13.00100 61.61400
29 11 20 15 07 15142.50000 5.26600000 464.01000 62.93000 13.00100 61.61400
29 11 20 15 08 15140.00000 5.26600000 463.69000 62.93000 13.00100 61.61400
29 11 20 15 08 15134.30000 5.26600000 463.86000 62.93000 13.00100 61.61400
29 11 20 15 09 15133.00000 5.26600000 463.86000 62.93000 13.00100 61.61400
29 11 20 15 09 15125.40000 5.26600000 463.67000 62.93000 13.00100 61.61400
29 11 20 15 10 15137.60000 5.26600000 463.69000 62.93000 13.00100 61.61400
29 11 20 15 10 15143.00000 5.26600000 464.14000 63.07000 13.00100 61.61400
29 11 20 15 10 15142.90000 5.26600000 464.18000 63.04000 13.00100 61.61400
29 11 20 15 11 15164.10000 5.26600000 464.32000 63.04000 13.00100 62.10300
29 11 20 15 11 15159.60000 5.26600000 464.32000 63.04000 13.00100 62.10300
29 11 20 15 12 15169.60000 5.26600000 464.82000 63.09000 13.00100 62.10300
29 11 20 15 12 15169.70000 5.26600000 464.70000 63.23000 13.00100 62.10300
29 11 20 15 13 15169.70000 5.26600000 464.84000 63.23000 13.00100 62.10300
