M=[
21 7 21 21 57 26972.00000 35.75400000 1653.07000 98.78000 16.20000 78.32700
21 7 21 21 57 26971.90000 35.75400000 1653.07000 98.80000 16.20000 78.32700
21 7 21 21 58 26960.20000 35.75400000 1653.07000 98.80000 16.20000 78.32700
21 7 21 21 58 26965.40000 35.75400000 1653.07000 98.80000 16.20000 78.32700
21 7 21 21 59 26968.50000 35.75400000 1653.07000 98.77000 16.20000 78.32700
21 7 21 21 59 26971.80000 35.75400000 1653.07000 98.77000 16.20000 78.32700
21 7 21 22 00 26971.90000 35.75400000 1653.37000 98.77000 16.20000 78.32700
21 7 21 22 00 26976.80000 35.75400000 1653.37000 99.00000 16.20000 78.32700
21 7 21 22 00 26976.80000 35.75400000 1653.39000 98.91000 16.20000 78.32700
21 7 21 22 01 26972.10000 35.75400000 1653.39000 98.89000 16.20000 78.32700
21 7 21 22 01 26972.10000 35.75400000 1654.99000 98.90000 16.20000 78.32700
21 7 21 22 02 26976.80000 35.75400000 1654.99000 98.95000 16.20000 78.32700
21 7 21 22 02 26976.80000 35.75400000 1656.65000 98.95000 16.20000 78.32700
21 7 21 22 03 26999.90000 35.75400000 1657.32000 99.01000 16.20000 78.32700
21 7 21 22 03 27000.00000 35.75400000 1657.31000 98.91000 16.20000 78.32700
21 7 21 22 03 27006.30000 35.75400000 1656.83000 98.91000 16.20000 78.32700
21 7 21 22 04 27006.30000 35.75400000 1657.44000 98.94000 16.20000 78.32700
21 7 21 22 04 27021.10000 35.75400000 1658.08000 98.94000 16.20000 78.32700
21 7 21 22 05 26989.30000 35.75400000 1658.11000 99.03000 16.20000 78.32700
21 7 21 22 05 26978.10000 35.75400000 1657.48000 99.03000 16.20000 78.32700
21 7 21 22 06 26972.10000 35.75400000 1655.14000 99.03000 16.20000 78.71500
21 7 21 22 06 26972.10000 35.75400000 1655.14000 99.03000 16.20000 78.71500
21 7 21 22 06 26972.10000 35.75400000 1655.14000 99.03000 16.20000 78.71500
21 7 21 22 07 26973.30000 35.75400000 1655.93000 99.03000 16.20000 78.71500
21 7 21 22 07 26972.10000 35.75400000 1655.92000 99.03000 16.20000 78.71500
21 7 21 22 08 26972.10000 35.75400000 1655.92000 99.03000 16.20000 78.71500
21 7 21 22 08 26972.00000 35.88000000 1655.92000 99.03000 16.20000 78.71500
21 7 21 22 09 26964.20000 35.88000000 1656.24000 99.03000 16.20000 78.71500
21 7 21 22 09 26964.20000 35.88000000 1656.58000 99.03000 16.20000 78.71500
21 7 21 22 09 26965.80000 35.88000000 1655.31000 99.03000 16.20000 78.71500
21 7 21 22 10 26971.10000 36.01000000 1655.31000 99.18000 16.20000 78.71500
21 7 21 22 10 26979.90000 36.01000000 1659.07000 99.18000 16.20000 78.71500
21 7 21 22 11 26979.90000 36.01000000 1659.56000 99.27000 16.20000 78.71500
21 7 21 22 11 26980.00000 36.01000000 1659.56000 99.27000 16.20000 78.71500
21 7 21 22 12 26980.00000 36.01000000 1659.56000 99.27000 16.20000 78.71500
21 7 21 22 12 27026.90000 36.01000000 1659.56000 99.27000 16.20000 78.71500
21 7 21 22 13 27036.00000 36.01000000 1663.55000 99.27000 16.20000 78.71500
21 7 21 22 13 27032.70000 36.01000000 1662.17000 99.27000 16.20000 78.71500
21 7 21 22 13 27025.10000 36.01000000 1662.17000 99.28000 16.20000 78.71500
21 7 21 22 14 27040.90000 36.01000000 1663.03000 99.33000 16.20000 78.71500
21 7 21 22 14 27040.90000 36.01000000 1663.30000 99.33000 16.20000 78.71500
21 7 21 22 15 27040.90000 36.01000000 1663.30000 99.33000 16.20000 78.71500
21 7 21 22 15 27017.50000 36.01000000 1661.44000 99.33000 16.20000 78.71500
21 7 21 22 16 27006.80000 36.01000000 1660.08000 99.33000 16.20000 78.71500
21 7 21 22 16 26990.90000 36.01000000 1659.18000 99.33000 16.20000 78.71500
21 7 21 22 16 26994.60000 36.01000000 1659.01000 99.33000 16.20000 78.71500
21 7 21 22 17 26990.90000 36.01000000 1659.49000 99.33000 16.20000 78.71500
21 7 21 22 17 26990.90000 36.01000000 1659.49000 99.33000 16.20000 78.71500
21 7 21 22 18 27003.20000 36.01000000 1659.49000 99.33000 16.20000 79.13500
21 7 21 22 18 27012.50000 36.04700000 1662.21000 99.33000 16.20000 79.13500
21 7 21 22 19 27036.80000 36.16900000 1662.21000 99.44000 16.20000 79.13500
21 7 21 22 19 27063.00000 36.16900000 1664.76000 99.44000 16.20000 79.13500
21 7 21 22 19 27051.40000 36.16900000 1664.76000 99.44000 16.20000 79.13500
21 7 21 22 20 27045.50000 36.16900000 1664.82000 99.47000 16.20000 79.13500
21 7 21 22 20 27054.70000 36.16900000 1664.76000 99.47000 16.20000 79.13500
21 7 21 22 21 27069.90000 36.16900000 1666.47000 99.49000 16.20000 79.13500
21 7 21 22 21 27075.20000 36.16900000 1666.47000 99.49000 16.20000 79.13500
21 7 21 22 22 27083.70000 36.16900000 1666.26000 99.53000 16.20000 79.13500
21 7 21 22 22 27083.60000 36.16900000 1667.85000 99.53000 16.20000 79.13500
21 7 21 22 22 27083.70000 36.16900000 1667.86000 99.53000 16.20000 79.13500
21 7 21 22 23 27080.10000 36.16900000 1667.27000 99.56000 16.20000 79.13500
21 7 21 22 23 27083.60000 36.16900000 1667.27000 99.55000 16.20000 79.13500
21 7 21 22 24 27083.70000 36.13600000 1668.98000 99.57000 16.20000 79.13500
21 7 21 22 24 27137.00000 36.13600000 1670.08000 99.63000 16.20000 79.13500
21 7 21 22 25 27129.90000 36.13600000 1670.24000 99.64000 16.20000 79.13500
21 7 21 22 25 27122.10000 36.13600000 1669.17000 99.64000 16.20000 79.13500
21 7 21 22 25 27129.60000 36.13600000 1669.17000 99.64000 16.20000 79.13500
21 7 21 22 26 27136.90000 36.13600000 1669.57000 99.64000 16.20000 79.13500
21 7 21 22 26 27143.90000 36.13600000 1671.25000 99.64000 16.20000 79.13500
21 7 21 22 27 27167.10000 36.13600000 1671.34000 99.70000 16.20000 79.13500
21 7 21 22 27 27181.30000 36.31700000 1672.08000 99.70000 16.20000 79.89400
21 7 21 22 28 27199.90000 36.31700000 1672.07000 99.87000 16.20000 79.93900
21 7 21 22 28 27219.30000 36.31700000 1673.50000 99.88000 16.20000 79.93900
21 7 21 22 28 27228.60000 36.31700000 1672.50000 99.88000 16.20000 79.89600
21 7 21 22 29 27237.20000 36.31700000 1672.25000 99.83000 16.20000 79.89600
21 7 21 22 29 27228.50000 36.31700000 1670.66000 99.71000 16.20000 79.89600
21 7 21 22 30 27201.40000 36.31700000 1670.66000 99.71000 16.20000 79.89600
21 7 21 22 30 27185.40000 36.31700000 1669.14000 99.71000 16.20000 79.89600
21 7 21 22 31 27181.30000 36.31700000 1668.81000 99.63000 16.20000 79.89600
21 7 21 22 31 27194.20000 36.31700000 1668.81000 99.71000 16.20000 79.89600
21 7 21 22 31 27178.90000 36.31700000 1668.81000 99.71000 16.20000 79.89600
21 7 21 22 32 27149.60000 36.31700000 1669.46000 99.45000 16.20000 79.89600
21 7 21 22 32 27143.30000 36.31700000 1669.46000 99.47000 16.20000 79.89600
21 7 21 22 33 27158.80000 36.31700000 1668.34000 99.47000 16.20000 79.89600
21 7 21 22 33 27141.90000 36.31700000 1667.98000 99.47000 16.20000 79.89600
21 7 21 22 34 27135.10000 36.31700000 1668.68000 99.42000 16.20000 79.89600
21 7 21 22 34 27135.10000 36.31700000 1669.22000 99.42000 16.20000 79.89600
21 7 21 22 35 27135.10000 36.31700000 1669.21000 99.42000 16.20000 79.89600
21 7 21 22 35 27135.10000 36.31700000 1669.05000 99.42000 16.20000 79.89600
21 7 21 22 35 27135.00000 36.31700000 1669.05000 99.35000 16.20000 79.89600
21 7 21 22 36 27120.30000 36.31700000 1668.17000 99.32000 16.20000 79.68800
21 7 21 22 36 27119.80000 36.31700000 1668.17000 99.32000 16.20000 79.68800
21 7 21 22 37 27119.90000 36.31700000 1668.17000 99.32000 16.20000 79.68800
21 7 21 22 37 27120.70000 36.31700000 1668.17000 99.34000 16.20000 79.68800
21 7 21 22 38 27121.70000 36.31700000 1668.58000 99.34000 16.20000 79.68800
21 7 21 22 38 27123.70000 36.32900000 1668.79000 99.34000 16.20000 79.68800
21 7 21 22 38 27132.80000 36.32900000 1668.79000 99.34000 16.20000 79.68800
21 7 21 22 39 27137.30000 36.32900000 1668.79000 99.34000 16.20000 79.68800
21 7 21 22 39 27131.60000 36.32900000 1669.08000 99.34000 16.20000 79.68800
21 7 21 22 40 27133.30000 36.32900000 1668.43000 99.34000 16.20000 79.68800
21 7 21 22 40 27133.30000 36.32900000 1668.43000 99.31000 16.20000 79.68800
21 7 21 22 41 27128.00000 36.32900000 1668.18000 99.26000 16.20000 79.63000
21 7 21 22 41 27127.90000 36.32900000 1667.11000 99.20000 16.20000 79.63000
21 7 21 22 41 27127.90000 36.32900000 1667.11000 99.15000 16.20000 79.63000
21 7 21 22 42 27127.90000 36.32900000 1667.11000 99.15000 16.08000 79.72500
