M=[
20 2 21 07 35 45801.10000 13.70000000 1655.68000 197.40000 31.94400 145.80600
20 2 21 07 36 45800.40000 13.66500000 1653.98000 197.25000 31.94400 145.80600
20 2 21 07 36 45801.60000 13.66500000 1653.99000 197.36000 31.94400 145.80600
20 2 21 07 36 45801.60000 13.64900000 1653.98000 197.41000 31.94400 145.80600
20 2 21 07 37 45801.50000 13.66200000 1653.99000 197.48000 31.94400 145.80600
20 2 21 07 37 45780.00000 13.65100000 1653.01000 197.25000 31.94400 145.92100
20 2 21 07 38 45796.90000 13.65100000 1653.85000 197.56000 31.94600 145.78100
20 2 21 07 38 45795.00000 13.65000000 1653.01000 197.47000 31.94600 145.78100
20 2 21 07 39 45784.20000 13.67200000 1653.52000 197.47000 31.94600 145.78100
20 2 21 07 39 45758.10000 13.67100000 1652.91000 197.07000 31.94600 145.78100
20 2 21 07 39 45758.00000 13.67100000 1652.47000 197.09000 31.94600 145.60200
20 2 21 07 40 45740.80000 13.62700000 1652.45000 197.08000 31.94600 145.60200
20 2 21 07 40 45764.70000 13.63700000 1652.45000 197.15000 31.94600 145.63900
20 2 21 07 41 45756.20000 13.63400000 1653.83000 197.33000 31.94600 145.63900
20 2 21 07 41 45745.10000 13.63400000 1653.59000 197.18000 31.94600 145.63900
20 2 21 07 42 45730.40000 13.62300000 1653.31000 197.18000 31.94600 145.62700
20 2 21 07 42 45730.30000 13.59800000 1652.03000 197.20000 31.94600 145.64800
20 2 21 07 42 45693.00000 13.55300000 1651.00000 196.78000 31.94600 145.64800
20 2 21 07 43 45611.00000 13.45100000 1650.01000 196.34000 31.94600 145.64800
20 2 21 07 43 45611.00000 13.47300000 1650.00000 196.75000 31.94600 145.16500
20 2 21 07 44 45600.10000 13.50400000 1648.84000 196.82000 31.94600 145.15500
20 2 21 07 44 45609.10000 13.50400000 1648.82000 196.38000 31.94600 145.15500
20 2 21 07 45 45610.90000 13.50400000 1648.60000 196.35000 31.94600 145.15500
20 2 21 07 45 45603.60000 13.47900000 1648.04000 196.36000 31.88000 144.90000
20 2 21 07 45 45625.80000 13.46600000 1651.06000 196.82000 31.75600 144.82800
20 2 21 07 46 45664.20000 13.46600000 1653.20000 197.30000 31.75600 144.82800
20 2 21 07 46 45645.10000 13.49600000 1650.79000 197.24000 31.75600 144.82800
20 2 21 07 47 45637.40000 13.56100000 1649.41000 196.99000 31.75600 144.82800
20 2 21 07 47 45651.50000 13.56100000 1651.37000 196.99000 31.75600 144.82800
20 2 21 07 48 45625.10000 13.56100000 1650.41000 197.16000 31.75600 144.82800
20 2 21 07 48 45640.00000 13.56100000 1650.77000 197.09000 31.75600 144.99300
20 2 21 07 48 45654.30000 13.56100000 1650.77000 197.09000 31.75600 144.99300
20 2 21 07 49 45653.60000 13.56100000 1650.95000 196.87000 31.75600 144.86500
20 2 21 07 49 45641.30000 13.56100000 1650.40000 196.81000 31.75600 144.53000
20 2 21 07 50 45640.30000 13.56100000 1650.39000 196.78000 31.75600 144.67600
20 2 21 07 50 45640.30000 13.56100000 1649.27000 196.83000 31.40100 144.30200
20 2 21 07 51 45631.40000 13.56100000 1648.74000 197.00000 31.40100 144.42400
20 2 21 07 51 45683.30000 13.56100000 1650.40000 197.30000 31.40100 144.42400
20 2 21 07 51 45689.10000 13.56100000 1650.40000 197.30000 31.50000 144.42400
20 2 21 07 52 45676.10000 13.56100000 1650.40000 197.21000 31.81300 145.26100
20 2 21 07 52 45658.90000 13.56100000 1650.40000 197.37000 31.50100 145.26100
20 2 21 07 53 45645.40000 13.50600000 1650.40000 197.24000 31.50100 145.24500
20 2 21 07 53 45622.00000 13.50600000 1650.41000 197.11000 31.50000 145.24500
20 2 21 07 54 45625.30000 13.50600000 1651.09000 197.17000 31.50000 145.24500
20 2 21 07 54 45639.20000 13.50600000 1649.71000 197.22000 31.50000 144.82300
20 2 21 07 54 45641.80000 13.57200000 1649.59000 197.23000 31.50000 144.82300
20 2 21 07 55 45647.40000 13.57200000 1650.00000 197.45000 31.50000 144.82300
20 2 21 07 55 45698.50000 13.57200000 1651.85000 197.51000 31.50000 144.82300
20 2 21 07 56 45687.20000 13.56500000 1652.02000 197.66000 31.66800 144.82300
20 2 21 07 56 45647.10000 13.56500000 1650.59000 197.43000 31.66800 144.82300
20 2 21 07 57 45647.10000 13.56500000 1650.65000 197.17000 31.66800 144.82300
20 2 21 07 57 45622.10000 13.56500000 1649.03000 197.08000 31.66800 144.82300
20 2 21 07 57 45624.20000 13.56500000 1648.29000 196.61000 31.75000 144.98000
20 2 21 07 58 45607.60000 13.56500000 1648.01000 196.53000 31.75000 144.96700
20 2 21 07 58 45583.70000 13.56500000 1648.01000 196.49000 31.75000 144.82000
20 2 21 07 59 45582.00000 13.56100000 1647.01000 196.15000 31.53100 144.82000
20 2 21 07 59 45477.40000 13.56400000 1634.70000 195.59000 31.53100 144.54900
20 2 21 08 00 45479.30000 13.41700000 1634.87000 195.47000 31.53100 144.22600
20 2 21 08 00 45531.50000 13.41700000 1639.31000 195.87000 31.53100 144.08700
20 2 21 08 00 45545.90000 13.41000000 1639.32000 196.53000 31.53100 144.33000
20 2 21 08 01 45546.00000 13.41000000 1642.11000 197.28000 31.53100 144.33000
20 2 21 08 01 45564.90000 13.41000000 1643.63000 197.28000 31.53100 144.36300
20 2 21 08 02 45577.60000 13.48100000 1643.95000 196.94000 31.53100 144.36300
20 2 21 08 02 45581.90000 13.48700000 1643.59000 197.31000 31.53100 144.36300
20 2 21 08 03 45581.90000 13.48700000 1645.03000 197.46000 31.53100 144.36300
20 2 21 08 03 45599.90000 13.52200000 1644.59000 197.56000 31.53100 143.62700
20 2 21 08 03 45627.10000 13.52200000 1646.76000 197.45000 31.53100 143.65100
20 2 21 08 04 45622.70000 13.57200000 1645.74000 197.41000 31.53100 143.23900
20 2 21 08 04 45620.60000 13.57200000 1646.31000 197.55000 31.53100 143.23900
20 2 21 08 05 45647.10000 13.57200000 1647.00000 197.75000 31.69400 144.06800
20 2 21 08 05 45647.20000 13.57200000 1646.99000 197.64000 31.69400 144.06800
20 2 21 08 06 45651.70000 13.57200000 1647.00000 197.67000 31.69400 144.06800
20 2 21 08 06 45694.90000 13.58400000 1646.99000 197.68000 31.69400 144.18500
20 2 21 08 06 45666.20000 13.58400000 1648.36000 197.87000 31.69400 144.03800
20 2 21 08 07 45698.50000 13.58400000 1650.00000 197.94000 31.69400 144.03800
20 2 21 08 07 45698.40000 13.59500000 1649.99000 198.19000 31.73500 144.03800
20 2 21 08 08 45676.80000 13.59500000 1650.00000 197.94000 31.73500 144.03800
20 2 21 08 08 45651.70000 13.59500000 1649.60000 197.94000 31.73500 144.03800
20 2 21 08 08 45651.80000 13.54100000 1650.00000 197.60000 31.74400 144.11900
20 2 21 08 09 45647.20000 13.54100000 1649.13000 197.45000 31.75000 144.18500
20 2 21 08 09 45675.20000 13.54100000 1649.71000 197.57000 31.75000 144.18500
20 2 21 08 10 45656.60000 13.59400000 1649.13000 197.65000 31.75000 144.18600
20 2 21 08 10 45656.60000 13.59400000 1649.11000 197.29000 31.75000 144.32700
20 2 21 08 11 45656.70000 13.59400000 1648.97000 197.00000 31.75000 144.52000
20 2 21 08 11 45656.60000 13.59400000 1649.10000 197.27000 31.75000 144.52000
20 2 21 08 11 45646.70000 13.59400000 1648.87000 197.27000 31.75000 144.52000
20 2 21 08 12 45652.00000 13.59500000 1648.55000 197.27000 31.75000 144.31900
20 2 21 08 12 45650.00000 13.59500000 1647.51000 197.25000 31.54400 144.38400
20 2 21 08 13 45648.60000 13.59500000 1648.53000 197.34000 31.54400 144.24400
20 2 21 08 13 45648.50000 13.59500000 1648.54000 197.36000 31.54400 144.24400
20 2 21 08 14 45648.50000 13.59500000 1648.07000 197.56000 31.54400 144.72300
20 2 21 08 14 45660.50000 13.59500000 1648.22000 197.56000 31.54400 144.32900
20 2 21 08 14 45660.50000 13.59500000 1647.94000 197.43000 31.54400 144.32900
20 2 21 08 15 45673.80000 13.54600000 1648.44000 197.68000 31.54400 144.32900
20 2 21 08 15 45673.70000 13.54600000 1647.00000 197.68000 31.54400 144.32900
20 2 21 08 16 45687.50000 13.59500000 1647.80000 197.75000 31.54400 144.33000
20 2 21 08 16 45729.20000 13.60100000 1649.91000 198.00000 31.54400 144.33000
20 2 21 08 17 45729.20000 13.60100000 1650.05000 198.00000 31.54400 144.33000
20 2 21 08 17 45738.30000 13.60100000 1650.37000 197.95000 31.54400 144.33000
20 2 21 08 17 45738.30000 13.60100000 1649.83000 197.83000 31.54400 144.80000
20 2 21 08 18 45730.00000 13.60000000 1649.82000 197.77000 31.54400 144.84600
20 2 21 08 18 45733.90000 13.60000000 1649.83000 198.00000 31.54400 144.84600
