M=[
13 10 20 01 11 9718.00000 4.85700000 326.47000 42.59000 12.17500 61.62000
13 10 20 01 11 9718.00000 4.85700000 326.33000 42.57000 12.17500 61.62000
13 10 20 01 11 9712.90000 4.85700000 326.32000 42.57000 12.17500 61.62000
13 10 20 01 12 9713.90000 4.86800000 326.32000 42.57000 12.17500 61.62000
13 10 20 01 12 9712.60000 4.86800000 325.55000 42.57000 12.17500 61.62000
13 10 20 01 13 9712.60000 4.86800000 325.40000 42.57000 12.17500 61.62000
13 10 20 01 13 9712.60000 4.86800000 325.19000 42.57000 12.17500 61.62000
13 10 20 01 14 9712.60000 4.86800000 325.19000 42.57000 12.17500 61.62000
13 10 20 01 14 9701.60000 4.86800000 325.09000 42.57000 12.17500 61.62000
13 10 20 01 14 9704.10000 4.86800000 325.10000 42.57000 12.17500 61.62000
13 10 20 01 15 9712.80000 4.86800000 325.58000 42.51000 12.17500 61.62000
13 10 20 01 15 9716.80000 4.86800000 325.58000 42.51000 12.17500 61.62000
13 10 20 01 16 9715.30000 4.86800000 325.58000 42.51000 12.17500 61.62000
13 10 20 01 16 9718.80000 4.86800000 325.58000 42.51000 12.17500 61.62000
13 10 20 01 17 9721.70000 4.86800000 325.58000 42.51000 12.17500 61.62000
13 10 20 01 17 9721.70000 4.86800000 325.94000 42.51000 12.17500 61.62000
13 10 20 01 17 9716.90000 4.86800000 325.94000 42.51000 12.17500 61.62000
13 10 20 01 18 9716.90000 4.86800000 325.94000 42.51000 12.17500 61.62000
13 10 20 01 18 9716.90000 4.86800000 325.94000 42.51000 12.17500 61.62000
13 10 20 01 19 9716.90000 4.86800000 325.43000 42.51000 12.17500 61.62000
13 10 20 01 19 9718.40000 4.86800000 325.43000 42.51000 12.17500 61.62000
13 10 20 01 20 9718.40000 4.86800000 325.43000 42.51000 12.17500 61.62000
13 10 20 01 20 9718.40000 4.86800000 325.43000 42.51000 12.17500 61.62000
13 10 20 01 20 9717.10000 4.86800000 325.43000 42.51000 12.17500 61.62000
13 10 20 01 21 9717.10000 4.86800000 325.43000 42.51000 12.17500 61.62000
13 10 20 01 21 9717.10000 4.86800000 325.43000 42.51000 12.17500 61.62000
13 10 20 01 22 9717.10000 4.86800000 325.43000 42.51000 12.17500 61.62000
13 10 20 01 22 9712.80000 4.86800000 325.43000 42.51000 12.17500 61.62000
13 10 20 01 23 9712.80000 4.86800000 324.40000 42.51000 12.17500 61.62000
13 10 20 01 23 9706.20000 4.86800000 324.27000 42.51000 12.17500 61.62000
13 10 20 01 23 9700.10000 4.86800000 324.57000 42.45000 12.17500 61.62000
13 10 20 01 24 9700.80000 4.86800000 324.81000 42.45000 12.17500 61.62000
13 10 20 01 24 9707.50000 4.86800000 324.81000 42.45000 12.17500 61.62000
13 10 20 01 25 9701.40000 4.86800000 324.81000 42.49000 12.17500 61.62000
13 10 20 01 25 9700.40000 4.86800000 324.81000 42.49000 12.17500 61.62000
13 10 20 01 26 9700.40000 4.86800000 324.81000 42.49000 12.17500 61.62000
13 10 20 01 26 9700.40000 4.86800000 324.81000 42.49000 12.17500 61.62000
13 10 20 01 26 9709.70000 4.86800000 325.28000 42.49000 12.17500 61.62000
13 10 20 01 27 9706.20000 4.86800000 325.27000 42.49000 12.17500 61.62000
13 10 20 01 27 9711.20000 4.86800000 325.65000 42.49000 12.17500 61.62000
13 10 20 01 28 9716.70000 4.86800000 325.65000 42.49000 12.17500 61.62000
13 10 20 01 28 9715.40000 4.86800000 325.65000 42.49000 12.17500 61.62000
13 10 20 01 29 9715.40000 4.86800000 325.65000 42.49000 12.17500 61.62000
13 10 20 01 29 9719.70000 4.86800000 325.65000 42.49000 12.17500 61.62000
13 10 20 01 29 9720.30000 4.86800000 325.90000 42.49000 12.17500 61.62000
13 10 20 01 30 9718.30000 4.86800000 325.90000 42.49000 12.17500 61.62000
13 10 20 01 30 9716.70000 4.86800000 325.90000 42.49000 12.17500 61.62000
13 10 20 01 31 9716.70000 4.86800000 325.91000 42.49000 12.17500 61.62000
13 10 20 01 31 9714.20000 4.86800000 325.91000 42.49000 12.17500 61.62000
13 10 20 01 32 9714.20000 4.86800000 325.91000 42.58000 12.17500 61.62000
13 10 20 01 32 9720.20000 4.86800000 325.90000 42.58000 12.17500 61.62000
13 10 20 01 32 9720.20000 4.86800000 325.90000 42.58000 12.17500 61.62000
13 10 20 01 33 9720.20000 4.86800000 325.90000 42.58000 12.17500 61.62000
13 10 20 01 33 9713.10000 4.86800000 325.90000 42.58000 12.17500 61.62000
13 10 20 01 34 9713.10000 4.86800000 325.52000 42.58000 12.17500 61.62000
13 10 20 01 34 9713.10000 4.86800000 325.52000 42.58000 12.17500 61.62000
13 10 20 01 35 9713.10000 4.86800000 325.38000 42.58000 12.17500 61.62000
13 10 20 01 35 9710.10000 4.86800000 325.38000 42.58000 12.17500 61.62000
13 10 20 01 35 9710.10000 4.86800000 325.37000 42.58000 12.17500 61.62000
13 10 20 01 36 9710.10000 4.86800000 325.23000 42.58000 12.17500 61.62000
13 10 20 01 36 9712.90000 4.86800000 325.25000 42.58000 12.17500 61.62000
13 10 20 01 37 9712.90000 4.86800000 325.25000 42.58000 12.17500 61.62000
13 10 20 01 37 9712.90000 4.86800000 325.37000 42.58000 12.17500 61.62000
13 10 20 01 38 9718.40000 4.86800000 325.37000 42.58000 12.17500 61.62000
13 10 20 01 38 9722.50000 4.86800000 325.37000 42.58000 12.17500 61.62000
13 10 20 01 38 9722.50000 4.86800000 325.62000 42.58000 12.17500 61.62000
13 10 20 01 39 9720.90000 4.86800000 325.48000 42.58000 12.17500 61.62000
13 10 20 01 39 9720.80000 4.86800000 325.48000 42.58000 12.17500 61.62000
13 10 20 01 40 9720.80000 4.86800000 325.48000 42.58000 12.17500 61.62000
13 10 20 01 40 9720.80000 4.86800000 325.48000 42.58000 12.17500 61.62000
13 10 20 01 41 9720.80000 4.86800000 325.48000 42.58000 12.17500 61.62000
13 10 20 01 41 9713.70000 4.86800000 325.48000 42.58000 12.17500 61.62000
13 10 20 01 41 9713.50000 4.86800000 325.48000 42.58000 12.17500 61.62000
13 10 20 01 42 9713.50000 4.86800000 325.48000 42.58000 12.17500 61.62000
13 10 20 01 42 9713.50000 4.83700000 325.49000 42.57000 12.17500 61.62000
13 10 20 01 43 9722.90000 4.83700000 325.49000 42.57000 12.17500 61.62000
13 10 20 01 43 9722.90000 4.83700000 325.49000 42.57000 12.17500 61.62000
13 10 20 01 44 9722.90000 4.83700000 325.66000 42.57000 12.17500 61.62000
13 10 20 01 44 9726.50000 4.83700000 325.66000 42.57000 12.17500 61.62000
13 10 20 01 44 9726.50000 4.83700000 325.75000 42.57000 12.17500 61.62000
13 10 20 01 45 9729.50000 4.83700000 325.87000 42.59000 12.17500 61.62000
13 10 20 01 45 9729.50000 4.83700000 325.87000 42.59000 12.17500 61.62000
13 10 20 01 46 9729.50000 4.83700000 325.83000 42.59000 12.17500 61.62000
13 10 20 01 46 9729.50000 4.83700000 325.83000 42.59000 12.17500 61.76200
13 10 20 01 47 9729.60000 4.83700000 325.90000 42.61000 12.17500 61.76200
13 10 20 01 47 9733.10000 4.83700000 325.90000 42.61000 12.17500 61.76200
13 10 20 01 47 9737.10000 4.83700000 325.91000 42.61000 12.17500 61.76200
13 10 20 01 48 9733.90000 4.83700000 325.68000 42.61000 12.17500 61.76200
13 10 20 01 48 9733.90000 4.83700000 325.68000 42.61000 12.17500 61.76200
13 10 20 01 49 9733.90000 4.83700000 325.68000 42.61000 12.17500 61.76200
13 10 20 01 49 9737.70000 4.83700000 325.68000 42.61000 12.17500 61.76200
13 10 20 01 50 9736.80000 4.83700000 325.87000 42.61000 12.17500 61.76200
13 10 20 01 50 9735.00000 4.83700000 325.87000 42.52000 12.17500 61.76200
13 10 20 01 50 9735.00000 4.83700000 325.87000 42.58000 12.17500 61.76200
13 10 20 01 51 9734.90000 4.83700000 325.87000 42.59000 12.17500 61.76200
13 10 20 01 51 9734.90000 4.83700000 325.87000 42.59000 12.17500 61.76200
13 10 20 01 52 9739.10000 4.83700000 325.91000 42.57000 12.17500 61.76200
13 10 20 01 52 9737.80000 4.83700000 325.91000 42.57000 12.17500 61.76200
13 10 20 01 53 9737.80000 4.83700000 325.91000 42.57000 12.17500 61.76200
13 10 20 01 53 9737.80000 4.83700000 325.91000 42.57000 12.17500 61.76200
13 10 20 01 53 9745.20000 4.83700000 325.91000 42.57000 12.17500 61.76200
13 10 20 01 54 9743.20000 4.83700000 326.03000 42.57000 12.17500 61.76200
13 10 20 01 54 9743.20000 4.83700000 326.03000 42.57000 12.17500 61.76200
13 10 20 01 55 9743.20000 4.83700000 326.13000 42.57000 12.17500 61.76200
13 10 20 01 55 9743.20000 4.83700000 326.24000 42.57000 12.17500 61.76200
13 10 20 01 56 9743.20000 4.83700000 326.24000 42.57000 12.17500 61.76200
13 10 20 01 56 9745.20000 4.83700000 326.24000 42.57000 12.17500 61.85500
13 10 20 01 56 9745.20000 4.83700000 326.24000 42.57000 12.17500 61.85500
