M=[
 8 5 21 03 18 47976.40000 101.11400000 2915.65000 292.52000 40.69900 267.30500
 8 5 21 03 18 47965.50000 101.11400000 2914.92000 292.52000 40.69900 267.30500
 8 5 21 03 19 47985.70000 101.11400000 2915.99000 292.31000 40.69900 267.39200
 8 5 21 03 19 47993.90000 101.11400000 2916.72000 292.77000 40.69900 267.39200
 8 5 21 03 20 47991.20000 101.11400000 2916.72000 292.08000 40.69900 267.85800
 8 5 21 03 20 48011.20000 101.11400000 2916.72000 292.07000 40.69900 267.89600
 8 5 21 03 20 48011.20000 101.11400000 2916.72000 291.79000 40.69900 267.89600
 8 5 21 03 21 48010.60000 101.11400000 2916.73000 291.79000 40.69900 267.89600
 8 5 21 03 21 48005.60000 101.11400000 2916.73000 291.96000 40.69900 267.89600
 8 5 21 03 22 48008.00000 100.88000000 2916.73000 291.96000 40.69900 268.03100
 8 5 21 03 22 48002.80000 100.88000000 2916.72000 291.84000 40.69900 268.03100
 8 5 21 03 23 47994.10000 100.88000000 2914.93000 291.84000 40.69900 268.03100
 8 5 21 03 23 47990.20000 101.01500000 2914.93000 291.84000 40.69900 268.03100
 8 5 21 03 23 47990.20000 101.01500000 2914.93000 292.11000 40.69900 268.03100
 8 5 21 03 24 47990.20000 101.01500000 2914.93000 292.79000 40.69900 268.30400
 8 5 21 03 24 47990.20000 101.01500000 2914.93000 292.94000 40.69900 268.30400
 8 5 21 03 25 47990.20000 101.69100000 2914.25000 293.20000 40.69900 268.30400
 8 5 21 03 25 48011.60000 101.50000000 2913.60000 293.20000 40.69900 268.18700
 8 5 21 03 26 48011.60000 101.45600000 2912.45000 292.73000 40.69900 268.18700
 8 5 21 03 26 47954.90000 101.38000000 2910.17000 292.44000 40.69900 268.18700
 8 5 21 03 26 47944.40000 101.35600000 2909.00000 292.44000 40.94100 268.18700
 8 5 21 03 27 47951.50000 101.35600000 2909.01000 292.39000 40.94100 268.18700
 8 5 21 03 27 47947.60000 101.35600000 2909.00000 292.39000 40.94100 268.18700
 8 5 21 03 28 47958.20000 101.35600000 2910.74000 292.39000 40.94100 268.31400
 8 5 21 03 28 47945.60000 101.35800000 2910.74000 292.38000 40.94100 268.71500
 8 5 21 03 29 47945.60000 101.35800000 2910.59000 292.38000 40.94100 268.71500
 8 5 21 03 29 47939.60000 101.43900000 2911.13000 292.05000 40.94100 268.71500
 8 5 21 03 29 47913.20000 101.43900000 2911.13000 292.05000 40.94100 268.71500
 8 5 21 03 30 47934.30000 101.32600000 2910.90000 292.69000 40.94100 269.11000
 8 5 21 03 30 47942.50000 101.32600000 2911.43000 292.70000 40.94100 268.42800
 8 5 21 03 31 47985.50000 101.32600000 2914.39000 293.93000 40.94100 268.42800
 8 5 21 03 31 47961.80000 101.32600000 2913.96000 293.93000 40.94100 268.42800
 8 5 21 03 32 47926.70000 100.73100000 2911.67000 292.95000 40.94100 268.42800
 8 5 21 03 32 47873.50000 100.53600000 2910.03000 292.43000 40.94100 267.36900
 8 5 21 03 32 47861.40000 100.53600000 2910.60000 292.43000 40.94100 267.36900
 8 5 21 03 33 47861.20000 100.72100000 2910.79000 292.35000 40.94100 267.36900
 8 5 21 03 33 47869.50000 100.72100000 2910.79000 292.35000 40.94100 267.42600
 8 5 21 03 34 47851.20000 100.60100000 2912.57000 292.35000 40.94100 267.42600
 8 5 21 03 34 47858.60000 100.60100000 2912.14000 292.35000 40.94100 267.42600
 8 5 21 03 35 47852.70000 100.74100000 2912.14000 291.92000 40.94100 267.42600
 8 5 21 03 35 47869.30000 100.74100000 2911.32000 292.26000 40.94100 267.42600
 8 5 21 03 35 47882.80000 100.74100000 2911.32000 292.26000 40.94100 267.42600
 8 5 21 03 36 47875.30000 100.74100000 2909.92000 291.93000 40.94100 267.34000
 8 5 21 03 36 47889.00000 100.74100000 2910.00000 291.61000 40.94100 267.34000
 8 5 21 03 37 47886.40000 100.49500000 2908.93000 291.61000 40.94100 267.34000
 8 5 21 03 37 47897.50000 100.38000000 2909.27000 291.61000 40.94100 267.35200
 8 5 21 03 38 47939.70000 100.38000000 2909.35000 291.61000 40.94100 267.35200
 8 5 21 03 38 47956.90000 100.40000000 2910.70000 291.61000 40.94100 266.90400
 8 5 21 03 38 47935.90000 100.40000000 2907.43000 291.61000 40.94100 266.90400
 8 5 21 03 39 47926.00000 99.88500000 2907.01000 291.20000 40.94100 266.90400
 8 5 21 03 39 47931.70000 99.88500000 2909.42000 291.11000 40.94100 266.90400
 8 5 21 03 40 47931.70000 100.23200000 2907.64000 291.11000 40.94100 266.90400
 8 5 21 03 40 47910.20000 99.97000000 2909.38000 291.11000 40.94100 266.90400
 8 5 21 03 41 47922.50000 99.97000000 2909.38000 291.48000 40.94100 266.90400
 8 5 21 03 41 47926.60000 99.97000000 2909.07000 291.33000 40.36500 266.90400
 8 5 21 03 41 47924.10000 99.97000000 2909.16000 291.33000 40.36500 266.90400
 8 5 21 03 42 47969.00000 99.85800000 2911.58000 291.06000 40.36500 266.90400
 8 5 21 03 42 48011.50000 99.91200000 2911.79000 291.06000 40.36500 266.90400
 8 5 21 03 43 48011.50000 99.79400000 2912.07000 291.92000 40.36500 266.90400
 8 5 21 03 43 48011.40000 99.79000000 2912.07000 291.92000 40.36500 266.90400
 8 5 21 03 44 48002.20000 99.71400000 2912.07000 291.92000 40.36500 266.90400
 8 5 21 03 44 47989.20000 99.69900000 2911.39000 291.72000 40.36500 266.90400
 8 5 21 03 44 47978.60000 99.60800000 2911.39000 291.72000 40.36500 266.90400
 8 5 21 03 45 47978.60000 99.71000000 2913.14000 291.21000 40.16600 266.72900
 8 5 21 03 45 47978.60000 100.00000000 2913.14000 291.36000 40.16600 266.72900
 8 5 21 03 46 47978.60000 100.10000000 2910.16000 291.20000 40.16600 266.72900
 8 5 21 03 46 47978.50000 100.00000000 2910.15000 291.20000 40.16600 266.72900
 8 5 21 03 47 47935.60000 100.00000000 2910.15000 290.85000 40.16600 266.72900
 8 5 21 03 47 47938.70000 99.67100000 2910.55000 290.73000 40.16600 267.25600
 8 5 21 03 47 47932.00000 99.35000000 2910.55000 290.73000 40.16600 267.25600
 8 5 21 03 48 47932.00000 99.35000000 2911.08000 290.68000 40.16600 267.25600
 8 5 21 03 48 47918.90000 99.35000000 2911.08000 290.68000 40.16600 267.25600
 8 5 21 03 49 47916.80000 99.51500000 2910.64000 290.68000 40.16600 267.69700
 8 5 21 03 49 47916.70000 99.51500000 2910.64000 290.68000 40.16600 267.69700
 8 5 21 03 50 47916.70000 99.56200000 2909.60000 290.63000 40.51900 267.84000
 8 5 21 03 50 47916.70000 100.00000000 2909.40000 290.63000 40.51900 267.84000
 8 5 21 03 50 47872.60000 99.65300000 2908.43000 290.63000 40.51900 267.84000
 8 5 21 03 51 47876.90000 99.65300000 2907.96000 290.62000 40.51900 267.84000
 8 5 21 03 51 47852.50000 99.57300000 2907.51000 290.28000 40.51900 267.84000
 8 5 21 03 52 47850.40000 99.57300000 2909.40000 290.70000 40.51900 267.84000
 8 5 21 03 52 47852.30000 99.57300000 2909.86000 290.70000 40.51900 267.84000
 8 5 21 03 53 47852.30000 100.00000000 2910.59000 291.76000 40.51900 267.84000
 8 5 21 03 53 47852.40000 100.35600000 2909.93000 290.91000 40.51900 267.84000
 8 5 21 03 53 47852.40000 100.35600000 2907.97000 290.85000 40.51900 267.84000
 8 5 21 03 54 47900.00000 100.44600000 2910.59000 290.85000 40.51900 267.84000
 8 5 21 03 54 47900.00000 100.44600000 2910.59000 290.85000 40.51900 267.84000
 8 5 21 03 55 47900.00000 100.44600000 2910.59000 290.88000 40.51900 267.84000
 8 5 21 03 55 47900.00000 100.44600000 2910.59000 290.88000 40.51900 267.84000
 8 5 21 03 56 47899.90000 100.44600000 2910.59000 290.88000 40.51900 267.84000
 8 5 21 03 56 47900.00000 100.21600000 2909.66000 290.88000 40.51900 267.84000
 8 5 21 03 56 47891.80000 100.21600000 2909.66000 290.88000 40.51900 267.84000
 8 5 21 03 57 47900.00000 100.58700000 2912.81000 290.88000 40.51900 267.84000
 8 5 21 03 57 47900.00000 100.58700000 2912.86000 291.16000 40.51900 267.84000
 8 5 21 03 58 47930.30000 100.31900000 2913.61000 291.61000 40.51900 267.84000
 8 5 21 03 58 47950.80000 100.31900000 2916.73000 291.61000 40.51900 268.10300
 8 5 21 03 59 47957.80000 100.31900000 2916.44000 291.61000 40.51900 268.10300
 8 5 21 03 59 47957.90000 100.31900000 2914.65000 291.61000 40.51900 268.10300
 8 5 21 03 59 47913.80000 100.59200000 2914.65000 291.00000 40.51900 268.10300
 8 5 21 04 00 47916.20000 100.28200000 2912.01000 290.96000 40.51900 268.10300
 8 5 21 04 00 47922.60000 100.28200000 2912.54000 290.96000 40.51900 267.68200
 8 5 21 04 01 47905.00000 100.05800000 2910.97000 290.79000 40.51900 267.25500
