M=[
23 9 20 23 54 8786.50000 4.93900000 275.20000 36.97000 11.17400 44.46900
23 9 20 23 54 8786.60000 4.93900000 275.09000 36.97000 11.17400 44.46900
23 9 20 23 55 8792.00000 4.93900000 275.06000 36.97000 11.17400 44.46900
23 9 20 23 55 8792.00000 4.93900000 275.26000 36.97000 11.17400 44.46900
23 9 20 23 56 8788.90000 4.93900000 275.00000 36.97000 11.17400 44.46900
23 9 20 23 56 8788.70000 4.93900000 274.76000 36.90000 11.17400 44.46900
23 9 20 23 56 8787.80000 4.93900000 274.76000 36.90000 11.17400 44.46900
23 9 20 23 57 8788.00000 4.93900000 274.76000 36.90000 11.17400 44.46900
23 9 20 23 57 8788.00000 4.93900000 274.91000 36.90000 11.17400 44.46900
23 9 20 23 58 8788.00000 4.93900000 274.91000 36.90000 11.17400 44.46900
23 9 20 23 58 8786.50000 4.93900000 274.37000 36.90000 11.17400 44.43900
23 9 20 23 59 8786.50000 4.93900000 274.54000 36.90000 11.17400 44.43900
23 9 20 23 59 8786.50000 4.93900000 274.54000 36.90000 11.17400 44.43900
23 9 20 23 59 8788.70000 4.93900000 274.70000 36.86000 11.17400 44.43900
24 9 20 00 00 8794.50000 4.93900000 275.33000 36.92000 11.17400 44.43900
24 9 20 00 00 8786.40000 4.93900000 275.33000 36.92000 11.17400 44.43900
24 9 20 00 01 8786.40000 4.93100000 274.82000 36.87000 11.17400 44.43900
24 9 20 00 01 8786.40000 4.93100000 274.82000 36.87000 11.17400 44.53000
24 9 20 00 02 8787.80000 4.93100000 274.96000 36.87000 11.17400 44.54100
24 9 20 00 02 8783.70000 4.93100000 274.96000 36.93000 11.17400 44.54100
24 9 20 00 03 8783.70000 4.93100000 274.36000 36.93000 11.11000 44.54100
24 9 20 00 03 8778.60000 4.93100000 273.70000 36.80000 11.11000 44.54100
24 9 20 00 04 8773.50000 4.93100000 273.58000 36.80000 11.07200 44.54100
24 9 20 00 04 8771.10000 4.93100000 272.87000 36.72000 11.02600 44.54100
24 9 20 00 04 8771.10000 4.93100000 273.20000 36.72000 11.06100 44.54100
24 9 20 00 05 8776.60000 4.93100000 272.47000 36.72000 11.02400 44.54100
24 9 20 00 05 8768.80000 4.93100000 272.12000 36.72000 11.02400 44.11700
24 9 20 00 06 8767.30000 4.93100000 272.49000 36.65000 11.04000 44.11700
24 9 20 00 06 8765.10000 4.93100000 272.95000 36.65000 11.04000 44.11700
24 9 20 00 07 8763.20000 4.93100000 272.27000 36.58000 11.04000 44.11700
24 9 20 00 07 8768.30000 4.93100000 272.78000 36.58000 11.00000 44.11700
24 9 20 00 08 8766.70000 4.93100000 272.45000 36.58000 11.00000 44.11700
24 9 20 00 08 8776.10000 4.93100000 273.02000 36.58000 11.00000 44.11700
24 9 20 00 09 8777.80000 4.93100000 273.06000 36.58000 11.00000 44.11700
24 9 20 00 09 8778.10000 4.93100000 273.57000 36.58000 11.00000 44.11700
24 9 20 00 10 8778.10000 4.93100000 273.57000 36.58000 11.00000 44.11700
24 9 20 00 10 8776.10000 4.93100000 273.39000 36.58000 11.00000 44.11700
24 9 20 00 10 8776.10000 4.93400000 273.40000 36.58000 11.00000 44.11700
24 9 20 00 11 8776.10000 4.93400000 273.40000 36.58000 11.00000 44.11700
24 9 20 00 11 8776.10000 4.93500000 273.40000 36.58000 11.00000 44.10800
24 9 20 00 12 8780.00000 4.93500000 273.49000 36.69000 11.02400 44.11900
24 9 20 00 12 8780.00000 4.93500000 273.49000 36.69000 11.02400 44.11900
24 9 20 00 13 8791.10000 4.93500000 273.92000 36.69000 11.02400 44.11900
24 9 20 00 13 8790.80000 4.93500000 273.92000 36.69000 11.02400 44.11900
24 9 20 00 13 8790.80000 4.93500000 274.26000 36.69000 11.02400 44.11900
24 9 20 00 14 8790.90000 4.93500000 274.25000 36.69000 11.02400 44.11900
24 9 20 00 14 8790.90000 4.93500000 274.25000 36.69000 11.02400 44.11900
24 9 20 00 15 8790.90000 4.93500000 274.46000 36.69000 11.02400 44.11900
24 9 20 00 15 8797.20000 4.93500000 274.46000 36.69000 11.02400 44.11900
24 9 20 00 16 8797.70000 4.93500000 274.78000 36.69000 11.02400 44.14000
24 9 20 00 16 8799.90000 4.93500000 275.82000 36.69000 11.02400 44.14000
24 9 20 00 17 8808.70000 4.93500000 276.29000 36.69000 11.02400 44.33200
24 9 20 00 17 8813.40000 4.93500000 276.07000 36.69000 11.01700 44.33200
24 9 20 00 17 8815.10000 4.93500000 276.09000 36.69000 11.01700 44.33200
24 9 20 00 18 8815.00000 4.93500000 276.06000 36.69000 11.01700 44.33200
24 9 20 00 18 8815.10000 4.93500000 276.21000 36.69000 11.01700 44.33200
24 9 20 00 19 8818.20000 4.93500000 276.21000 36.69000 11.01700 44.33200
24 9 20 00 19 8818.10000 4.93500000 276.21000 36.69000 11.01700 44.33200
24 9 20 00 20 8815.80000 4.93500000 276.20000 36.69000 11.01700 44.33200
24 9 20 00 20 8819.40000 4.93500000 276.44000 36.69000 11.01700 44.33200
24 9 20 00 20 8815.70000 4.93500000 276.44000 36.69000 11.01700 44.33200
24 9 20 00 21 8815.50000 4.93500000 276.43000 36.69000 11.01700 44.33200
24 9 20 00 21 8813.10000 4.93500000 276.13000 36.69000 11.01700 44.33200
24 9 20 00 22 8813.40000 4.93500000 276.26000 36.69000 11.01700 44.33200
24 9 20 00 22 8817.70000 4.93500000 276.20000 36.69000 11.01700 44.33200
24 9 20 00 23 8817.10000 4.93500000 276.43000 36.69000 11.01700 44.33200
24 9 20 00 23 8814.30000 4.93500000 276.43000 36.69000 11.01700 44.33200
24 9 20 00 24 8816.40000 4.93500000 276.43000 36.69000 11.01700 44.33200
24 9 20 00 24 8816.40000 4.93500000 276.43000 36.69000 11.01700 44.33200
24 9 20 00 24 8818.00000 4.93500000 276.44000 36.69000 11.01700 44.66700
24 9 20 00 25 8818.50000 4.97600000 276.90000 36.69000 11.01700 44.66700
24 9 20 00 25 8818.50000 4.97600000 276.90000 36.69000 11.01700 44.66700
24 9 20 00 26 8818.60000 4.97600000 276.90000 36.69000 11.01700 44.66700
24 9 20 00 26 8818.60000 4.97600000 276.66000 36.69000 11.01700 44.78000
24 9 20 00 27 8818.60000 4.97600000 276.66000 36.69000 11.01700 44.77800
24 9 20 00 27 8818.60000 4.97600000 276.66000 36.69000 11.01700 44.77800
24 9 20 00 28 8818.60000 4.97600000 276.49000 36.69000 11.01700 44.77800
24 9 20 00 28 8818.60000 4.97600000 276.49000 36.69000 11.01700 44.77800
24 9 20 00 28 8818.50000 4.97600000 276.49000 36.69000 11.01700 44.77800
24 9 20 00 29 8818.50000 4.97600000 276.70000 36.69000 11.01700 44.77800
24 9 20 00 29 8818.60000 4.97600000 276.70000 36.69000 11.01700 44.77800
24 9 20 00 30 8820.10000 4.97600000 277.00000 36.69000 11.01700 44.77800
24 9 20 00 30 8820.10000 4.97600000 276.99000 36.69000 11.01700 44.77800
24 9 20 00 31 8820.10000 4.97600000 276.46000 36.69000 11.01700 44.77800
24 9 20 00 31 8820.00000 4.97600000 276.47000 36.69000 11.01700 44.91300
24 9 20 00 31 8820.00000 4.97600000 276.47000 36.69000 11.01700 44.91300
24 9 20 00 32 8821.40000 4.97600000 276.84000 36.69000 11.01700 44.91300
24 9 20 00 32 8821.50000 4.97600000 276.90000 36.69000 11.01700 44.91300
24 9 20 00 33 8821.50000 4.97600000 276.78000 36.69000 11.01700 44.91300
24 9 20 00 33 8821.50000 4.97600000 276.69000 36.69000 11.01700 44.91300
24 9 20 00 34 8821.50000 4.97600000 276.68000 36.69000 11.01700 44.91300
24 9 20 00 34 8821.50000 4.97600000 276.57000 36.69000 11.01700 44.91300
24 9 20 00 35 8821.40000 4.97600000 276.57000 36.69000 11.01700 44.91300
24 9 20 00 35 8821.40000 4.97600000 276.76000 36.69000 11.01700 44.91300
24 9 20 00 35 8821.50000 4.97600000 276.76000 36.69000 11.01700 44.97700
24 9 20 00 36 8821.50000 4.97600000 276.76000 36.69000 10.96300 44.97700
24 9 20 00 36 8822.80000 4.97600000 276.76000 37.31000 10.97900 44.97700
24 9 20 00 37 8822.90000 4.97600000 276.99000 37.31000 10.90500 44.97700
24 9 20 00 37 8822.90000 4.97600000 276.99000 37.31000 10.90500 44.97700
24 9 20 00 38 8823.80000 4.97600000 276.93000 37.31000 10.90500 44.97700
24 9 20 00 38 8823.80000 4.97600000 276.93000 37.31000 10.90500 45.02700
24 9 20 00 38 8823.80000 4.97600000 276.93000 37.23000 10.91900 44.94400
24 9 20 00 39 8823.80000 4.97600000 276.69000 37.23000 10.91900 44.94400
24 9 20 00 39 8823.80000 4.97600000 276.69000 37.23000 10.91900 44.94400
24 9 20 00 40 8824.70000 4.97600000 277.00000 37.23000 10.91900 44.94400
24 9 20 00 40 8824.70000 4.97600000 277.00000 37.23000 10.91900 44.94400
24 9 20 00 41 8820.50000 4.97600000 277.00000 37.23000 10.91900 44.94400
24 9 20 00 41 8824.80000 4.97600000 277.00000 37.23000 10.92000 44.94400
24 9 20 00 41 8824.80000 4.97600000 277.00000 37.23000 10.94900 44.94400
