M=[
16 6 20 11 43 8420.30000 5.57500000 207.95000 38.79000 13.74300 46.94700
16 6 20 11 43 8417.70000 5.57500000 207.94000 38.79000 13.74300 46.94700
16 6 20 11 44 8417.40000 5.57500000 207.88000 38.79000 13.74300 46.94700
16 6 20 11 44 8419.80000 5.57500000 207.85000 38.79000 13.74300 46.94700
16 6 20 11 45 8422.70000 5.57500000 207.80000 38.79000 13.74300 46.94700
16 6 20 11 45 8417.40000 5.57500000 207.80000 38.79000 13.74300 46.97800
16 6 20 11 46 8419.30000 5.57500000 207.71000 38.79000 13.74300 46.97800
16 6 20 11 46 8419.90000 5.57500000 207.70000 38.71000 13.74300 46.97800
16 6 20 11 47 8422.70000 5.57500000 207.88000 38.71000 13.74300 46.97800
16 6 20 11 47 8423.50000 5.57500000 207.88000 38.76000 13.78600 46.97800
16 6 20 11 48 8425.00000 5.57500000 207.76000 38.75000 13.78600 46.97800
16 6 20 11 48 8422.90000 5.57500000 207.64000 38.75000 13.78600 46.97800
16 6 20 11 49 8422.90000 5.57500000 207.64000 38.75000 13.78600 46.97800
16 6 20 11 49 8422.90000 5.57500000 207.63000 38.75000 13.78600 46.97800
16 6 20 11 50 8422.90000 5.57500000 207.59000 38.75000 13.78600 46.97800
16 6 20 11 50 8422.90000 5.57500000 207.57000 38.75000 13.78600 46.97800
16 6 20 11 51 8422.90000 5.57500000 207.57000 38.75000 13.78600 46.97800
16 6 20 11 51 8422.90000 5.57500000 207.68000 38.75000 13.78600 46.97800
16 6 20 11 52 8423.90000 5.57500000 207.72000 38.75000 13.78600 46.97800
16 6 20 11 52 8423.80000 5.57500000 207.68000 38.75000 13.78600 46.97800
16 6 20 11 53 8423.80000 5.57500000 207.70000 38.77000 13.79900 46.97800
16 6 20 11 53 8426.90000 5.57500000 207.70000 38.77000 13.79900 46.97800
16 6 20 11 54 8426.80000 5.57500000 207.58000 38.77000 13.79900 46.97800
16 6 20 11 54 8426.90000 5.57500000 207.78000 38.77000 13.79900 46.97800
16 6 20 11 55 8426.80000 5.57500000 207.66000 38.77000 13.79900 46.97800
16 6 20 11 55 8422.70000 5.57500000 207.61000 38.77000 13.79900 46.97800
16 6 20 11 56 8422.70000 5.56900000 207.59000 38.77000 13.79900 46.97800
16 6 20 11 56 8426.60000 5.56900000 207.59000 38.77000 13.79900 46.97800
16 6 20 11 57 8426.50000 5.56900000 207.54000 38.77000 13.79900 46.97800
16 6 20 11 58 8425.10000 5.56900000 207.54000 38.77000 13.79900 46.97800
16 6 20 11 58 8422.80000 5.56900000 207.54000 38.77000 13.79900 46.97800
16 6 20 11 58 8421.10000 5.56900000 207.54000 38.77000 13.79900 46.97800
16 6 20 11 59 8421.00000 5.56900000 207.55000 38.77000 13.79900 46.97800
16 6 20 11 59 8421.10000 5.56900000 207.55000 38.71000 13.79900 46.97800
16 6 20 12 00 8419.10000 5.56900000 207.51000 38.71000 13.79900 46.97800
16 6 20 12 00 8416.80000 5.56900000 207.51000 38.71000 13.79900 46.97800
16 6 20 12 01 8415.20000 5.56900000 207.51000 38.71000 13.79900 46.97800
16 6 20 12 01 8412.80000 5.56900000 207.46000 38.67000 13.79900 46.97800
16 6 20 12 02 8412.50000 5.56900000 207.37000 38.67000 13.79900 46.97800
16 6 20 12 03 8412.50000 5.56900000 207.36000 38.67000 13.79900 46.97800
16 6 20 12 03 8412.40000 5.56900000 207.30000 38.67000 13.79900 46.97800
16 6 20 12 03 8416.00000 5.56900000 207.31000 38.70000 13.79900 46.97800
16 6 20 12 04 8420.80000 5.56900000 207.39000 38.70000 13.79900 46.97800
16 6 20 12 05 8425.30000 5.56900000 207.39000 38.70000 13.79900 46.97800
16 6 20 12 05 8424.00000 5.56900000 207.39000 38.70000 13.79900 46.97800
16 6 20 12 06 8424.10000 5.56900000 207.59000 38.70000 13.79900 46.97800
16 6 20 12 06 8425.10000 5.56900000 207.58000 38.74000 13.79900 46.97800
16 6 20 12 07 8426.00000 5.56900000 207.59000 38.74000 13.79900 46.97800
16 6 20 12 07 8426.90000 5.56900000 207.59000 38.74000 13.79900 46.97800
16 6 20 12 08 8426.90000 5.56900000 207.58000 38.78000 13.79900 46.97800
16 6 20 12 08 8426.70000 5.56900000 207.59000 38.78000 13.79900 46.97800
16 6 20 12 09 8425.50000 5.56900000 207.61000 38.77000 13.79900 46.97800
16 6 20 12 09 8425.50000 5.56900000 207.81000 38.77000 13.79900 46.97800
16 6 20 12 10 8425.00000 5.56900000 207.69000 38.73000 13.79900 46.97800
16 6 20 12 10 8425.80000 5.56900000 207.75000 38.73000 13.79900 46.97800
16 6 20 12 11 8425.80000 5.56900000 207.75000 38.73000 13.79900 46.97800
16 6 20 12 11 8425.90000 5.56900000 207.75000 38.73000 13.79900 46.97800
16 6 20 12 12 8425.90000 5.56900000 207.75000 38.73000 13.79900 46.97800
16 6 20 12 12 8425.90000 5.56900000 207.75000 38.73000 13.79900 46.97800
16 6 20 12 13 8426.00000 5.56900000 207.74000 38.73000 13.79900 46.97800
16 6 20 12 13 8426.70000 5.56900000 207.81000 38.73000 13.79900 46.97800
16 6 20 12 14 8426.90000 5.56900000 207.76000 38.73000 13.79900 46.97800
16 6 20 12 14 8426.80000 5.56900000 207.82000 38.73000 13.79900 46.97800
16 6 20 12 15 8424.30000 5.56900000 207.86000 38.74000 13.79900 46.97800
16 6 20 12 15 8424.30000 5.56900000 207.78000 38.72000 13.79900 46.97800
16 6 20 12 16 8416.00000 5.55000000 207.69000 38.68000 13.79900 46.97800
16 6 20 12 16 8399.00000 5.54200000 206.86000 38.55000 13.79900 46.90000
16 6 20 12 17 8409.90000 5.54200000 207.17000 38.66000 13.79900 46.90000
16 6 20 12 18 8409.90000 5.54200000 207.27000 38.66000 13.79900 46.90000
16 6 20 12 19 8405.50000 5.54200000 207.21000 38.68000 13.79900 46.90000
16 6 20 12 19 8405.40000 5.54200000 206.94000 38.59000 13.79900 46.90000
16 6 20 12 20 8414.10000 5.54200000 207.13000 38.63000 13.79900 46.90000
16 6 20 12 20 8408.00000 5.54200000 207.18000 38.63000 13.79900 46.90000
16 6 20 12 21 8405.40000 5.54200000 207.18000 38.63000 13.79900 46.90000
16 6 20 12 21 8409.60000 5.54200000 207.16000 38.63000 13.79900 46.90000
16 6 20 12 22 8411.40000 5.54200000 207.27000 38.63000 13.79900 46.90000
16 6 20 12 22 8411.20000 5.54200000 207.11000 38.63000 13.79900 46.90000
16 6 20 12 23 8411.10000 5.54200000 207.11000 38.61000 13.79900 46.90000
16 6 20 12 23 8409.60000 5.54200000 207.04000 38.65000 13.79900 46.90000
16 6 20 12 24 8404.10000 5.54200000 207.04000 38.65000 13.79900 46.90000
16 6 20 12 24 8404.00000 5.54200000 206.94000 38.65000 13.79900 46.90000
16 6 20 12 25 8406.50000 5.54200000 207.05000 38.61000 13.79900 46.90000
16 6 20 12 25 8406.10000 5.54200000 207.04000 38.65000 13.79900 46.90000
16 6 20 12 26 8404.20000 5.54200000 207.15000 38.65000 13.79900 46.90000
16 6 20 12 26 8406.40000 5.54200000 207.06000 38.65000 13.79900 46.90000
16 6 20 12 27 8406.50000 5.54200000 207.09000 38.61000 13.79900 46.90000
16 6 20 12 27 8415.40000 5.54200000 207.17000 38.65000 13.79900 46.76000
16 6 20 12 28 8408.80000 5.54200000 207.03000 38.61000 13.77000 46.76000
16 6 20 12 28 8408.20000 5.54200000 207.09000 38.61000 13.77000 46.76000
16 6 20 12 29 8408.20000 5.54200000 207.09000 38.61000 13.77000 46.76000
16 6 20 12 29 8408.20000 5.54200000 207.09000 38.61000 13.77000 46.76000
16 6 20 12 30 8408.20000 5.54200000 207.17000 38.61000 13.77000 46.76000
16 6 20 12 30 8417.00000 5.54200000 207.15000 38.61000 13.77000 46.76000
16 6 20 12 31 8422.50000 5.54200000 207.17000 38.61000 13.77000 46.76000
16 6 20 12 32 8426.90000 5.54200000 207.17000 38.71000 13.79900 46.76000
16 6 20 12 32 8426.90000 5.54200000 207.42000 38.70000 13.77000 46.76000
16 6 20 12 33 8418.50000 5.54200000 207.42000 38.71000 13.79900 46.76000
16 6 20 12 33 8426.90000 5.54200000 207.42000 38.71000 13.77000 46.76000
16 6 20 12 34 8426.80000 5.55000000 207.42000 38.70000 13.77000 46.76000
16 6 20 12 34 8426.90000 5.54200000 207.49000 38.69000 13.77000 46.76000
16 6 20 12 35 8424.30000 5.54200000 207.49000 38.69000 13.77000 46.76000
16 6 20 12 35 8424.30000 5.54200000 207.49000 38.68000 13.79900 46.76000
16 6 20 12 36 8425.00000 5.54200000 207.49000 38.68000 13.77000 46.76000
16 6 20 12 36 8425.50000 5.54200000 207.50000 38.68000 13.77000 46.76000
16 6 20 12 37 8425.50000 5.54200000 207.50000 38.68000 13.77000 47.09400
16 6 20 12 37 8426.80000 5.54200000 207.49000 38.73000 13.77000 47.20600
16 6 20 12 38 8426.90000 5.54200000 207.52000 38.68000 13.77000 47.20600
16 6 20 12 38 8426.90000 5.55000000 207.45000 38.70000 13.77000 47.20600
16 6 20 12 39 8426.90000 5.54200000 207.58000 38.70000 13.77000 47.20600
