M=[
27 12 20 17 06 21779.80000 4.81900000 559.21000 106.72000 14.46500 55.46300
27 12 20 17 07 21758.10000 4.81900000 559.50000 106.65000 14.46500 55.46300
27 12 20 17 07 21764.90000 4.81900000 558.04000 106.58000 14.46500 55.46300
27 12 20 17 07 21736.50000 4.81900000 557.22000 106.53000 14.46500 55.46300
27 12 20 17 08 21727.70000 4.72500000 557.82000 106.22000 14.46500 55.46300
27 12 20 17 08 21723.90000 4.72500000 557.45000 106.40000 14.46500 55.46300
27 12 20 17 09 21710.60000 4.72500000 557.54000 106.29000 14.46500 55.46300
27 12 20 17 09 21700.00000 4.72500000 556.71000 106.05000 14.46500 55.46300
27 12 20 17 10 21715.40000 4.72500000 557.33000 106.36000 14.46500 55.27300
27 12 20 17 10 21728.10000 4.73600000 557.59000 106.28000 14.46500 55.27300
27 12 20 17 10 21700.00000 4.73600000 555.96000 106.01000 14.46500 55.27300
27 12 20 17 11 21688.40000 4.73600000 556.42000 106.01000 14.46500 55.27300
27 12 20 17 11 21675.80000 4.73600000 555.93000 105.81000 14.46500 55.27300
27 12 20 17 12 21693.50000 4.73600000 555.99000 105.81000 14.46500 55.27300
27 12 20 17 12 21709.90000 4.73600000 556.77000 106.36000 14.46500 55.27300
27 12 20 17 13 21749.90000 4.73600000 557.20000 106.68000 14.46500 55.27300
27 12 20 17 13 21710.10000 4.73600000 555.75000 106.48000 14.46500 55.27300
27 12 20 17 13 21684.70000 4.73600000 554.86000 106.19000 14.46500 55.27300
27 12 20 17 14 21712.90000 4.73600000 555.25000 106.00000 14.46500 55.27300
27 12 20 17 14 21757.70000 4.73600000 555.58000 106.23000 14.46500 55.27300
27 12 20 17 15 21731.80000 4.76800000 555.27000 106.24000 14.46500 55.27300
27 12 20 17 15 21731.90000 4.76800000 555.58000 106.29000 14.46500 55.27300
27 12 20 17 16 21800.00000 4.77300000 557.30000 106.72000 14.46500 55.27300
27 12 20 17 16 21777.20000 4.76800000 556.93000 106.49000 14.46500 55.27300
27 12 20 17 16 21788.00000 4.76800000 558.20000 106.62000 14.46500 55.27300
27 12 20 17 17 21816.30000 4.78000000 559.44000 106.64000 14.46500 55.27300
27 12 20 17 17 21813.70000 4.78000000 558.88000 106.83000 14.46500 55.27300
27 12 20 17 18 21776.60000 4.78000000 559.30000 106.85000 14.46500 55.42100
27 12 20 17 18 21776.50000 4.78000000 558.32000 106.88000 14.46500 55.42100
27 12 20 17 19 21776.50000 4.78000000 557.26000 106.68000 14.46500 55.42100
27 12 20 17 19 21775.10000 4.78000000 557.11000 106.33000 14.46500 55.42100
27 12 20 17 19 21775.10000 4.78000000 557.54000 106.39000 14.46500 55.42100
27 12 20 17 20 21775.00000 4.78000000 557.36000 106.38000 14.46500 55.42100
27 12 20 17 20 21728.20000 4.78000000 556.25000 105.97000 14.46500 55.42100
27 12 20 17 21 21714.80000 4.78000000 555.21000 105.97000 14.46500 55.42100
27 12 20 17 21 21747.40000 4.78000000 556.96000 106.14000 14.46500 55.42100
27 12 20 17 22 21751.80000 4.78000000 557.39000 106.59000 14.32000 55.42100
27 12 20 17 22 21760.70000 4.78000000 557.51000 106.51000 14.32000 55.42100
27 12 20 17 22 21759.90000 4.78000000 557.51000 106.50000 14.32000 55.42100
27 12 20 17 23 21728.00000 4.78000000 556.49000 106.31000 14.32000 55.42100
27 12 20 17 23 21700.20000 4.78000000 555.96000 105.95000 14.32000 55.28400
27 12 20 17 24 21718.70000 4.78000000 556.23000 105.99000 14.32000 55.28400
27 12 20 17 24 21700.30000 4.78000000 555.84000 105.97000 14.32000 55.28400
27 12 20 17 25 21703.70000 4.78000000 556.23000 106.12000 14.32000 55.28400
27 12 20 17 25 21712.60000 4.78000000 556.49000 105.94000 14.32000 55.28400
27 12 20 17 25 21743.90000 4.78000000 556.50000 106.16000 14.32000 55.28400
27 12 20 17 26 21750.70000 4.78000000 557.49000 106.24000 14.32000 55.28400
27 12 20 17 26 21725.00000 4.78000000 557.46000 106.24000 14.32000 55.28400
27 12 20 17 27 21732.60000 4.78000000 557.32000 106.24000 14.32000 55.28400
27 12 20 17 27 21732.40000 4.78000000 556.77000 106.16000 14.32000 55.28400
27 12 20 17 28 21732.40000 4.78000000 557.37000 106.17000 14.32000 55.28400
27 12 20 17 28 21719.70000 4.78000000 556.61000 106.15000 14.32000 55.28400
27 12 20 17 28 21727.80000 4.78000000 556.39000 106.15000 14.32000 55.28400
27 12 20 17 29 21700.80000 4.78000000 555.81000 105.62000 14.32000 55.28400
27 12 20 17 29 21701.00000 4.78000000 555.94000 105.93000 14.32000 55.28400
27 12 20 17 30 21698.90000 4.78000000 555.83000 105.86000 14.32000 55.28400
27 12 20 17 30 21680.00000 4.78000000 555.26000 105.69000 14.32000 55.28400
27 12 20 17 31 21672.50000 4.78000000 554.92000 105.41000 14.32000 55.28400
27 12 20 17 31 21691.60000 4.79200000 555.96000 105.65000 14.32000 55.28400
27 12 20 17 31 21706.80000 4.79600000 556.90000 106.00000 14.32000 55.28400
27 12 20 17 32 21754.60000 4.79600000 558.67000 106.46000 14.32000 55.28400
27 12 20 17 32 21767.50000 4.79600000 558.48000 106.47000 14.32000 55.28400
27 12 20 17 33 21769.10000 4.79600000 558.94000 106.65000 14.32000 55.28400
27 12 20 17 33 21724.20000 4.79600000 558.18000 106.50000 14.32000 55.28400
27 12 20 17 34 21749.90000 4.79600000 558.56000 106.64000 14.32000 55.28400
27 12 20 17 34 21755.90000 4.79600000 559.00000 106.70000 14.32000 55.28400
27 12 20 17 34 21768.40000 4.79600000 558.99000 106.64000 14.32000 55.28400
27 12 20 17 35 21738.70000 4.79600000 558.50000 106.51000 14.32000 55.28400
27 12 20 17 35 21740.00000 4.79600000 558.74000 106.32000 14.32000 55.28400
27 12 20 17 36 21740.00000 4.79600000 558.99000 106.20000 14.32000 55.28400
27 12 20 17 36 21730.20000 4.79600000 558.19000 106.23000 14.32000 55.28400
27 12 20 17 37 21730.00000 4.79600000 558.72000 106.23000 14.32000 55.28400
27 12 20 17 37 21705.10000 4.79600000 556.80000 106.00000 14.32000 55.28400
27 12 20 17 37 21723.10000 4.80300000 557.07000 105.96000 14.32000 55.28400
27 12 20 17 38 21730.80000 4.80300000 556.58000 105.98000 14.32000 55.28400
27 12 20 17 38 21721.50000 4.80300000 556.55000 106.04000 14.32000 55.28400
27 12 20 17 39 21701.00000 4.80300000 556.29000 105.74000 14.32000 55.28400
27 12 20 17 39 21673.00000 4.80300000 555.91000 105.69000 14.32000 55.28400
27 12 20 17 40 21677.30000 4.80300000 555.66000 105.58000 14.32000 55.28400
27 12 20 17 40 21693.30000 4.80300000 555.61000 105.57000 14.32000 55.28400
27 12 20 17 40 21640.00000 4.80300000 554.63000 105.05000 14.32000 55.28400
27 12 20 17 41 21661.70000 4.73600000 553.94000 105.05000 14.32000 55.28400
27 12 20 17 41 21646.80000 4.73600000 553.67000 105.30000 14.32000 55.28400
27 12 20 17 42 21620.10000 4.73600000 553.15000 105.06000 14.32000 55.28400
27 12 20 17 42 21605.10000 4.73600000 552.52000 105.15000 14.32000 55.28400
27 12 20 17 43 21611.30000 4.73600000 552.85000 105.09000 14.32000 55.28400
27 12 20 17 43 21612.50000 4.73600000 553.03000 105.32000 14.32000 54.95400
27 12 20 17 43 21583.20000 4.73600000 552.98000 105.14000 14.32000 54.95400
27 12 20 17 44 21587.00000 4.73600000 551.01000 105.22000 14.32000 54.95400
27 12 20 17 44 21570.10000 4.76300000 550.19000 104.87000 14.32000 54.68100
27 12 20 17 45 21583.60000 4.76300000 551.48000 105.17000 14.32000 54.80900
27 12 20 17 45 21597.00000 4.76300000 552.76000 105.27000 14.32000 54.80900
27 12 20 17 46 21599.10000 4.76300000 553.34000 105.48000 14.32000 54.80900
27 12 20 17 46 21580.10000 4.71200000 552.03000 105.37000 14.32000 54.80900
27 12 20 17 46 21580.30000 4.76100000 551.87000 105.22000 14.32000 54.80900
27 12 20 17 47 21572.60000 4.76100000 552.59000 105.09000 14.32000 54.80900
27 12 20 17 47 21573.90000 4.76100000 553.00000 105.38000 14.32000 54.80900
27 12 20 17 48 21595.20000 4.76100000 553.73000 105.49000 14.32000 54.80900
27 12 20 17 48 21579.10000 4.76100000 552.54000 105.29000 14.32000 54.80900
27 12 20 17 49 21574.80000 4.76100000 552.96000 105.28000 14.32000 54.80900
27 12 20 17 49 21557.70000 4.76100000 552.31000 105.28000 14.32000 54.80900
27 12 20 17 49 21556.70000 4.76100000 552.16000 105.24000 14.32000 54.80900
27 12 20 17 50 21550.10000 4.76100000 552.39000 105.35000 14.32000 54.80900
27 12 20 17 50 21549.00000 4.76100000 552.23000 105.42000 14.32000 54.80900
27 12 20 17 51 21556.70000 4.76100000 551.94000 105.03000 14.21900 54.80900
