M=[
23 11 20 15 46 15451.70000 5.25700000 498.70000 73.10000 13.93600 60.00900
23 11 20 15 47 15453.00000 5.21000000 497.77000 72.94000 13.93600 59.78700
23 11 20 15 47 15479.10000 5.21000000 499.67000 72.95000 13.93600 59.78700
23 11 20 15 47 15488.80000 5.23500000 500.29000 72.95000 13.93600 59.78700
23 11 20 15 48 15475.70000 5.23500000 500.19000 73.17000 13.93600 59.78700
23 11 20 15 48 15453.00000 5.23500000 498.81000 72.91000 13.93500 59.78700
23 11 20 15 49 15438.50000 5.25000000 498.38000 72.83000 13.93500 59.73400
23 11 20 15 49 15464.00000 5.25000000 499.03000 73.03000 13.93500 59.73400
23 11 20 15 50 15493.70000 5.25000000 500.18000 73.01000 13.93500 59.73400
23 11 20 15 50 15500.00000 5.25000000 501.51000 73.18000 13.76700 59.73400
23 11 20 15 50 15515.60000 5.25000000 502.21000 73.39000 13.76700 59.73400
23 11 20 15 51 15520.10000 5.25000000 502.16000 73.42000 13.76700 59.73400
23 11 20 15 51 15475.00000 5.24900000 499.98000 73.11000 13.76700 59.98000
23 11 20 15 52 15472.60000 5.24900000 500.41000 73.14000 13.76700 59.98000
23 11 20 15 52 15499.70000 5.24700000 501.14000 73.23000 13.76700 59.98000
23 11 20 15 53 15482.10000 5.24700000 500.50000 73.13000 13.76700 59.98000
23 11 20 15 53 15450.50000 5.24700000 498.76000 72.90000 13.76700 59.98000
23 11 20 15 53 15448.20000 5.24700000 498.76000 72.99000 13.76700 59.98000
23 11 20 15 54 15450.00000 5.24700000 498.56000 73.00000 13.76700 59.98000
23 11 20 15 54 15450.70000 5.24700000 498.59000 72.85000 13.76700 59.87900
23 11 20 15 55 15455.80000 5.24700000 498.89000 72.80000 13.76700 59.87900
23 11 20 15 55 15450.00000 5.24700000 498.29000 72.76000 13.76700 59.83900
23 11 20 15 56 15450.00000 5.21900000 497.71000 72.36000 13.76700 59.83900
23 11 20 15 56 15451.40000 5.21900000 498.10000 72.58000 13.76700 59.83900
23 11 20 15 56 15471.10000 5.21900000 499.34000 72.72000 13.76700 59.83900
23 11 20 15 57 15473.30000 5.21900000 499.16000 72.72000 13.76700 59.83900
23 11 20 15 57 15482.90000 5.21900000 500.02000 73.02000 13.76700 59.89800
23 11 20 15 58 15485.40000 5.21900000 500.12000 73.01000 13.76700 59.89800
23 11 20 15 58 15497.90000 5.21900000 500.24000 73.01000 13.76700 59.89800
23 11 20 15 59 15483.10000 5.21900000 500.46000 72.99000 13.76700 59.89800
23 11 20 15 59 15480.00000 5.21900000 499.69000 72.83000 13.76700 59.78300
23 11 20 15 59 15480.00000 5.21900000 499.53000 72.85000 13.76700 59.78300
23 11 20 16 00 15483.30000 5.21900000 501.07000 73.00000 13.76700 59.78300
23 11 20 16 00 15506.30000 5.21900000 501.62000 73.26000 13.76700 59.78300
23 11 20 16 01 15523.40000 5.21900000 502.16000 73.45000 13.76700 60.24200
23 11 20 16 01 15526.90000 5.24500000 502.52000 73.52000 13.90700 60.24200
23 11 20 16 02 15536.70000 5.25800000 503.97000 73.80000 13.90700 60.42000
23 11 20 16 02 15539.20000 5.27300000 503.35000 73.51000 13.90700 60.42000
23 11 20 16 02 15524.90000 5.27300000 500.00000 73.28000 13.90700 60.18900
23 11 20 16 03 15504.80000 5.25900000 500.23000 73.24000 13.90700 60.13000
23 11 20 16 03 15519.50000 5.25900000 500.89000 73.35000 13.90700 60.16000
23 11 20 16 04 15531.60000 5.25900000 502.06000 73.48000 13.90700 60.16000
23 11 20 16 04 15539.10000 5.25900000 502.74000 73.76000 13.90700 60.16000
23 11 20 16 05 15534.50000 5.25900000 501.81000 73.55000 13.90700 60.16000
23 11 20 16 05 15546.90000 5.25900000 502.69000 73.55000 13.90700 60.16000
23 11 20 16 05 15549.30000 5.25900000 502.69000 73.55000 13.91000 60.16000
23 11 20 16 06 15550.00000 5.25900000 502.90000 73.55000 13.91000 60.16000
23 11 20 16 06 15518.50000 5.25700000 501.74000 73.58000 13.91000 60.16000
23 11 20 16 07 15512.00000 5.25700000 502.01000 73.60000 13.91000 60.16000
23 11 20 16 07 15506.00000 5.25700000 501.16000 73.47000 13.91000 60.16000
23 11 20 16 08 15506.10000 5.25700000 501.20000 73.48000 13.91000 60.12900
23 11 20 16 08 15518.20000 5.25700000 502.42000 73.60000 13.91000 60.12900
23 11 20 16 08 15522.60000 5.25700000 502.69000 73.66000 13.91000 60.41900
23 11 20 16 09 15528.50000 5.25700000 503.24000 73.68000 13.91000 60.41900
23 11 20 16 09 15518.20000 5.25700000 502.84000 73.53000 13.91000 60.44000
23 11 20 16 10 15518.20000 5.25700000 502.77000 73.55000 13.91000 60.44000
23 11 20 16 10 15518.10000 5.25700000 502.70000 73.56000 13.91000 60.48000
23 11 20 16 11 15518.10000 5.25700000 502.92000 73.48000 13.91000 60.51000
23 11 20 16 11 15504.40000 5.25700000 502.00000 73.31000 13.91000 60.51000
23 11 20 16 11 15505.20000 5.26400000 502.10000 73.31000 13.91000 60.51000
23 11 20 16 12 15501.00000 5.26400000 501.97000 73.31000 13.91000 60.51000
23 11 20 16 12 15500.10000 5.24200000 501.72000 73.14000 13.91000 60.51000
23 11 20 16 13 15501.20000 5.24200000 501.45000 73.14000 13.91000 60.41900
23 11 20 16 13 15518.40000 5.24200000 502.39000 73.23000 13.91000 60.41900
23 11 20 16 14 15529.00000 5.24200000 502.55000 73.25000 13.91000 60.41900
23 11 20 16 14 15525.50000 5.24200000 503.12000 73.38000 13.91000 60.41900
23 11 20 16 14 15520.00000 5.24200000 502.52000 73.26000 13.91000 60.41900
23 11 20 16 15 15500.00000 5.24200000 502.00000 73.20000 13.91000 60.41900
23 11 20 16 15 15509.20000 5.24200000 501.89000 73.20000 13.91000 60.55300
23 11 20 16 16 15488.30000 5.24200000 501.77000 73.12000 13.91000 60.55500
23 11 20 16 16 15483.50000 5.23700000 501.10000 73.10000 13.91000 60.55500
23 11 20 16 17 15452.80000 5.23700000 501.00000 73.12000 13.91000 60.55500
23 11 20 16 17 15457.40000 5.23700000 500.00000 72.79000 13.91000 60.55500
23 11 20 16 17 15450.80000 5.23700000 499.45000 72.70000 13.91000 60.55500
23 11 20 16 18 15458.70000 5.23700000 499.69000 72.73000 13.91000 60.55500
23 11 20 16 18 15450.00000 5.23700000 499.25000 72.60000 13.91000 60.32100
23 11 20 16 19 15454.60000 5.23700000 499.40000 72.58000 13.91000 60.32100
23 11 20 16 19 15487.00000 5.23700000 501.23000 72.58000 13.91000 60.32100
23 11 20 16 20 15511.10000 5.23700000 501.87000 72.95000 13.91000 60.32100
23 11 20 16 20 15526.70000 5.23700000 502.50000 73.19000 13.91000 60.32100
23 11 20 16 20 15549.90000 5.24400000 503.02000 73.34000 13.91000 60.32100
23 11 20 16 21 15545.60000 5.24400000 502.29000 73.43000 13.91000 60.32100
23 11 20 16 21 15542.50000 5.26600000 503.31000 73.29000 13.91000 60.32100
23 11 20 16 22 15550.00000 5.26600000 503.34000 73.34000 13.91000 60.32100
23 11 20 16 22 15546.50000 5.26600000 502.58000 73.39000 13.91000 60.32100
23 11 20 16 23 15553.60000 5.26600000 502.93000 73.45000 13.91000 60.32100
23 11 20 16 23 15547.60000 5.26600000 503.00000 73.36000 13.91000 60.32100
23 11 20 16 23 15553.60000 5.26600000 503.00000 73.34000 13.96300 60.32100
23 11 20 16 24 15552.60000 5.27400000 503.35000 73.40000 13.96300 60.64100
23 11 20 16 24 15548.50000 5.28100000 503.06000 73.49000 13.96300 60.64100
23 11 20 16 25 15540.80000 5.28100000 502.51000 73.31000 13.96300 60.64100
23 11 20 16 25 15525.90000 5.27600000 501.87000 73.26000 13.96300 60.64100
23 11 20 16 25 15532.90000 5.27600000 502.27000 73.32000 13.96300 60.64100
23 11 20 16 26 15518.80000 5.27600000 501.45000 73.41000 13.96300 60.64100
23 11 20 16 26 15528.20000 5.27600000 501.62000 73.24000 13.96300 60.64100
23 11 20 16 27 15517.50000 5.27600000 501.60000 73.26000 13.96300 60.64100
23 11 20 16 27 15529.40000 5.27600000 501.40000 73.25000 13.96300 60.59700
23 11 20 16 28 15527.50000 5.27600000 501.34000 73.25000 13.96300 60.59700
23 11 20 16 28 15511.50000 5.27500000 500.81000 73.19000 13.96300 60.59700
23 11 20 16 28 15520.10000 5.27400000 501.31000 73.28000 13.96300 60.59700
23 11 20 16 29 15539.00000 5.27400000 501.79000 73.31000 13.96300 60.74000
23 11 20 16 29 15533.00000 5.27400000 501.68000 73.32000 13.96300 60.74000
23 11 20 16 30 15513.00000 5.27500000 500.76000 73.31000 13.96300 60.74000
23 11 20 16 30 15500.10000 5.27500000 500.12000 73.14000 13.96300 60.74000
23 11 20 16 31 15475.00000 5.27400000 498.53000 72.89000 13.96300 60.74000
23 11 20 16 31 15475.00000 5.27400000 499.12000 72.96000 13.96300 60.74000
