M=[
26 12 20 12 37 20299.90000 4.68200000 508.04000 105.30000 14.86200 53.19900
26 12 20 12 37 20300.00000 4.68200000 508.73000 105.30000 14.86200 53.19900
26 12 20 12 37 20297.90000 4.68200000 508.72000 105.33000 14.86200 53.19900
26 12 20 12 38 20285.80000 4.65400000 508.56000 105.34000 14.86200 53.19900
26 12 20 12 38 20285.80000 4.65400000 508.56000 105.34000 14.86200 53.19900
26 12 20 12 39 20299.40000 4.65400000 508.95000 105.34000 14.86200 53.19900
26 12 20 12 39 20299.50000 4.65400000 508.92000 105.31000 14.86200 53.19900
26 12 20 12 40 20299.50000 4.65400000 508.87000 105.35000 14.86200 53.19900
26 12 20 12 40 20299.90000 4.65400000 509.35000 105.45000 14.86200 53.19900
26 12 20 12 40 20315.20000 4.65400000 509.33000 105.45000 14.86200 53.19900
26 12 20 12 41 20316.20000 4.65400000 509.33000 105.43000 14.86200 53.19900
26 12 20 12 41 20319.90000 4.65400000 509.33000 105.40000 14.86200 53.19900
26 12 20 12 42 20299.50000 4.64900000 509.00000 105.40000 14.86200 53.19900
26 12 20 12 42 20299.50000 4.64900000 509.01000 105.20000 14.86200 53.19900
26 12 20 12 43 20319.50000 4.64900000 509.03000 105.20000 14.86200 53.19900
26 12 20 12 43 20330.40000 4.64900000 510.30000 105.36000 14.86200 53.19900
26 12 20 12 43 20347.70000 4.64900000 510.84000 105.72000 14.86200 53.19900
26 12 20 12 44 20347.70000 4.66400000 510.85000 105.95000 14.86200 53.19900
26 12 20 12 44 20347.60000 4.66400000 510.47000 105.73000 14.86200 53.19900
26 12 20 12 45 20355.50000 4.66400000 511.00000 105.73000 14.86200 53.19900
26 12 20 12 45 20357.50000 4.66400000 511.02000 105.95000 14.86200 53.19900
26 12 20 12 46 20365.20000 4.66400000 511.82000 106.00000 14.86200 53.19900
26 12 20 12 46 20380.00000 4.66400000 512.50000 106.30000 14.86200 53.19900
26 12 20 12 46 20379.20000 4.66400000 513.16000 106.19000 14.86200 53.19900
26 12 20 12 47 20367.00000 4.66400000 512.55000 106.24000 14.86200 53.19900
26 12 20 12 47 20384.90000 4.66400000 513.06000 106.27000 14.86200 53.19900
26 12 20 12 48 20379.00000 4.66400000 513.17000 106.22000 14.86200 53.19900
26 12 20 12 48 20387.90000 4.66400000 513.17000 106.22000 14.86200 53.19900
26 12 20 12 49 20376.90000 4.66400000 513.17000 106.34000 14.86200 53.19900
26 12 20 12 49 20378.50000 4.66400000 512.86000 106.31000 14.86200 53.19900
26 12 20 12 49 20389.00000 4.66400000 513.74000 106.47000 14.86200 53.56100
26 12 20 12 50 20407.00000 4.66400000 513.97000 106.68000 14.86200 53.56100
26 12 20 12 50 20396.20000 4.66400000 513.98000 106.57000 14.86200 53.56100
26 12 20 12 51 20416.60000 4.66400000 513.86000 106.83000 14.86200 53.56100
26 12 20 12 51 20390.60000 4.66400000 513.20000 106.75000 14.86200 53.56100
26 12 20 12 52 20392.60000 4.66400000 512.16000 106.38000 14.80100 53.56100
26 12 20 12 52 20386.00000 4.68700000 512.39000 106.43000 14.79900 53.56100
26 12 20 12 52 20407.40000 4.68700000 512.51000 106.44000 14.79900 53.56100
26 12 20 12 53 20393.70000 4.68700000 512.39000 106.35000 14.79900 53.56100
26 12 20 12 53 20392.50000 4.68700000 512.00000 106.50000 14.79900 53.56100
26 12 20 12 54 20383.10000 4.68700000 512.12000 106.39000 14.79900 53.56100
26 12 20 12 54 20388.40000 4.68700000 512.12000 106.40000 14.79900 53.56100
26 12 20 12 55 20390.20000 4.68700000 511.91000 106.39000 14.79900 53.56100
26 12 20 12 55 20390.00000 4.68700000 512.44000 106.47000 14.79900 53.56100
26 12 20 12 55 20390.00000 4.68700000 512.09000 106.38000 14.79900 53.56100
26 12 20 12 56 20392.80000 4.68700000 512.52000 106.47000 14.79900 53.56100
26 12 20 12 56 20396.30000 4.68700000 512.52000 106.47000 14.79900 53.56100
26 12 20 12 57 20405.80000 4.68700000 512.32000 106.47000 14.79900 53.56100
26 12 20 12 57 20420.00000 4.68700000 512.77000 106.68000 14.79900 53.56100
26 12 20 12 58 20422.40000 4.68700000 512.95000 106.90000 14.79900 53.56100
26 12 20 12 58 20422.00000 4.68700000 513.00000 106.98000 14.79900 53.56100
26 12 20 12 58 20423.80000 4.68700000 512.45000 106.98000 14.79900 53.56100
26 12 20 12 59 20424.10000 4.68700000 512.51000 106.87000 14.79900 53.56100
26 12 20 12 59 20422.00000 4.68700000 512.18000 106.74000 14.79900 53.56100
26 12 20 13 00 20422.00000 4.68700000 511.98000 106.65000 14.79900 53.56100
26 12 20 13 00 20424.80000 4.68700000 511.98000 106.93000 14.79900 53.39900
26 12 20 13 00 20424.90000 4.68700000 512.45000 106.99000 14.79900 53.39900
26 12 20 13 01 20425.00000 4.68700000 512.45000 107.00000 14.79900 53.39900
26 12 20 13 01 20443.20000 4.68400000 513.06000 107.11000 14.79900 53.70500
26 12 20 13 02 20438.50000 4.68400000 513.07000 107.28000 14.79900 53.70500
26 12 20 13 02 20440.30000 4.68400000 513.46000 107.30000 14.79900 53.70500
26 12 20 13 03 20448.00000 4.68400000 513.81000 107.63000 14.79900 53.70500
26 12 20 13 03 20449.20000 4.68400000 513.31000 107.61000 14.79900 53.70500
26 12 20 13 04 20440.10000 4.68400000 513.34000 107.64000 14.79900 53.70500
26 12 20 13 04 20422.00000 4.68400000 513.00000 107.30000 14.79900 53.70500
26 12 20 13 04 20422.10000 4.68400000 512.29000 107.15000 14.79900 53.70500
26 12 20 13 05 20410.10000 4.68400000 512.11000 106.95000 14.79900 53.70500
26 12 20 13 05 20383.00000 4.68400000 511.07000 106.61000 14.79900 53.70500
26 12 20 13 06 20399.90000 4.68400000 511.32000 106.85000 14.79900 53.70500
26 12 20 13 06 20399.90000 4.65900000 511.42000 106.81000 14.79900 53.70500
26 12 20 13 07 20400.00000 4.65900000 511.42000 107.11000 14.79900 53.70500
26 12 20 13 07 20404.40000 4.65900000 511.78000 107.14000 14.79900 53.70500
26 12 20 13 07 20387.40000 4.65900000 510.72000 106.96000 14.79900 53.70500
26 12 20 13 08 20384.50000 4.65900000 510.67000 106.88000 14.79900 53.42000
26 12 20 13 08 20383.70000 4.65900000 510.70000 106.93000 14.79900 53.42000
26 12 20 13 09 20374.30000 4.65900000 510.61000 106.91000 14.79900 53.42000
26 12 20 13 09 20378.50000 4.65900000 509.88000 106.91000 14.79900 53.42000
26 12 20 13 10 20389.80000 4.65900000 510.00000 106.86000 14.79900 53.42000
26 12 20 13 10 20384.00000 4.65900000 509.99000 106.66000 14.79900 53.42000
26 12 20 13 10 20387.40000 4.65900000 509.99000 106.64000 14.79900 53.42000
26 12 20 13 11 20370.10000 4.65900000 509.69000 106.21000 14.79900 53.42000
26 12 20 13 11 20341.90000 4.65900000 509.00000 105.74000 14.79900 53.42000
26 12 20 13 12 20347.70000 4.65900000 509.00000 105.99000 14.79900 53.42000
26 12 20 13 12 20365.30000 4.65900000 509.37000 106.20000 14.79900 53.42000
26 12 20 13 12 20369.70000 4.65900000 509.60000 106.27000 14.79900 53.42000
26 12 20 13 13 20366.20000 4.65900000 509.25000 106.15000 14.79900 53.42000
26 12 20 13 13 20366.20000 4.65900000 509.25000 106.15000 14.79900 53.42000
26 12 20 13 14 20366.50000 4.65900000 509.76000 106.36000 14.79900 53.42000
26 12 20 13 14 20379.00000 4.65900000 509.44000 106.21000 14.79900 53.42000
26 12 20 13 15 20380.00000 4.65900000 509.85000 106.21000 14.79900 53.42000
26 12 20 13 15 20377.80000 4.65900000 509.94000 106.21000 14.79900 53.42000
26 12 20 13 15 20379.80000 4.65900000 509.94000 106.30000 14.95400 53.42000
26 12 20 13 16 20369.60000 4.65900000 509.93000 106.23000 14.95400 53.42000
26 12 20 13 16 20381.40000 4.65900000 509.66000 106.14000 14.95400 53.42000
26 12 20 13 17 20387.50000 4.65900000 509.64000 106.14000 14.95400 53.42000
26 12 20 13 17 20388.00000 4.64000000 509.64000 106.48000 14.95400 53.42000
26 12 20 13 18 20387.90000 4.64000000 510.27000 106.48000 14.95400 53.42000
26 12 20 13 18 20414.90000 4.64000000 510.27000 106.48000 14.95400 53.42000
26 12 20 13 18 20419.90000 4.64000000 510.27000 106.53000 14.95400 53.42000
26 12 20 13 19 20420.00000 4.64000000 510.97000 106.53000 14.95400 53.42000
26 12 20 13 19 20417.50000 4.64000000 510.80000 106.53000 14.95400 53.42000
26 12 20 13 20 20403.40000 4.64000000 510.43000 106.19000 14.95400 53.42000
26 12 20 13 20 20401.20000 4.64000000 510.29000 106.19000 14.95400 53.42000
26 12 20 13 21 20405.40000 4.64000000 510.28000 106.24000 14.95400 53.42000
26 12 20 13 21 20406.60000 4.64000000 510.28000 106.24000 14.95400 53.42000
