M=[
26 5 21 21 47 31874.00000 63.53200000 2298.71000 158.41000 26.20400 122.93300
26 5 21 21 48 31869.40000 63.48300000 2299.38000 158.41000 26.20400 124.15100
26 5 21 21 48 31908.00000 63.48300000 2303.98000 158.41000 26.20400 124.15100
26 5 21 21 49 31907.90000 63.48300000 2302.70000 158.78000 26.20400 124.15100
26 5 21 21 49 31946.40000 63.48300000 2307.81000 158.78000 26.20400 124.15100
26 5 21 21 50 31988.90000 63.48300000 2306.71000 159.23000 26.20400 124.15100
26 5 21 21 50 31964.70000 63.48300000 2306.38000 159.23000 26.20400 124.15100
26 5 21 21 50 32000.00000 63.66400000 2308.98000 159.23000 26.20400 124.54700
26 5 21 21 51 32000.00000 63.84300000 2310.00000 159.76000 26.20400 124.84800
26 5 21 21 51 32092.20000 63.93600000 2318.25000 160.65000 26.20400 124.84800
26 5 21 21 52 32182.10000 63.93700000 2319.99000 161.05000 26.20400 124.84800
26 5 21 21 52 32152.10000 63.93700000 2318.48000 161.00000 26.20400 124.84800
26 5 21 21 53 32092.70000 63.93700000 2310.95000 161.00000 26.20400 124.89500
26 5 21 21 53 32125.60000 63.89400000 2315.27000 160.83000 26.20400 124.89500
26 5 21 21 53 32128.20000 63.94200000 2317.26000 161.15000 26.20400 124.89500
26 5 21 21 54 32120.00000 63.89400000 2318.74000 160.98000 26.20400 124.89500
26 5 21 21 54 32146.10000 63.74400000 2318.74000 161.06000 26.20400 125.31500
26 5 21 21 55 32134.20000 63.74400000 2316.10000 161.00000 26.20400 125.31500
26 5 21 21 55 32075.10000 63.74400000 2313.79000 160.54000 26.20400 125.31500
26 5 21 21 56 32093.20000 63.72800000 2312.86000 160.54000 26.20400 125.31500
26 5 21 21 56 32078.90000 63.72800000 2311.01000 160.54000 26.20400 125.31500
26 5 21 21 56 32074.20000 63.58300000 2310.92000 160.24000 26.20400 125.31500
26 5 21 21 57 32053.60000 63.58300000 2310.04000 160.23000 26.20400 125.31500
26 5 21 21 57 32050.00000 63.58300000 2310.03000 160.23000 26.20400 125.31500
26 5 21 21 58 32050.00000 63.76200000 2310.28000 160.19000 26.20400 125.31500
26 5 21 21 58 32049.90000 63.76200000 2310.20000 160.19000 26.20400 125.89900
26 5 21 21 59 32050.00000 63.76200000 2307.84000 160.19000 26.20400 125.89900
26 5 21 21 59 32079.20000 63.79500000 2308.33000 160.30000 26.20400 125.05100
26 5 21 21 59 32075.70000 63.79500000 2312.23000 160.30000 26.20400 125.05100
26 5 21 22 00 32075.70000 63.79500000 2311.83000 160.26000 26.20400 125.05100
26 5 21 22 00 32057.50000 63.79500000 2310.00000 160.13000 26.20400 125.05100
26 5 21 22 01 32031.60000 63.79500000 2307.85000 159.89000 26.20400 125.05100
26 5 21 22 01 32031.10000 63.78000000 2307.84000 159.39000 26.20400 125.05100
26 5 21 22 02 32023.00000 63.70500000 2305.64000 159.08000 26.20400 125.05100
26 5 21 22 02 32012.60000 63.70500000 2304.06000 158.86000 26.20400 125.05100
26 5 21 22 02 32040.30000 63.70500000 2306.57000 159.42000 26.20400 124.16900
26 5 21 22 03 32037.10000 63.41600000 2305.33000 158.96000 26.20400 124.16900
26 5 21 22 03 32036.40000 63.41600000 2305.16000 158.96000 26.20400 124.16900
26 5 21 22 04 32037.30000 63.41600000 2305.16000 158.96000 26.20400 124.42400
26 5 21 22 04 32037.20000 63.49200000 2306.57000 159.78000 26.20400 124.42400
26 5 21 22 05 32037.30000 63.49200000 2303.06000 159.38000 26.20400 124.42400
26 5 21 22 05 32013.30000 63.49200000 2302.43000 159.38000 26.20400 124.42400
26 5 21 22 06 32012.30000 63.49200000 2301.47000 159.23000 26.20400 124.42400
26 5 21 22 06 32012.30000 63.49200000 2301.47000 159.26000 26.20400 124.42400
26 5 21 22 06 32012.30000 63.57300000 2301.41000 159.30000 26.20400 124.42400
26 5 21 22 07 32012.20000 63.57300000 2299.94000 159.28000 26.20400 124.42400
26 5 21 22 07 32012.30000 63.61500000 2301.46000 159.29000 26.20400 124.42400
26 5 21 22 08 32012.20000 63.61500000 2302.49000 159.39000 26.20400 124.42400
26 5 21 22 08 32012.30000 63.61500000 2304.51000 159.74000 26.20400 124.42400
26 5 21 22 09 32012.20000 63.61500000 2306.58000 159.70000 26.20400 124.42400
26 5 21 22 09 32142.30000 64.01800000 2315.80000 160.19000 26.20400 125.42100
26 5 21 22 09 32092.00000 64.01800000 2317.14000 160.19000 26.20400 125.43500
26 5 21 22 10 32116.90000 64.01800000 2320.80000 160.19000 26.20400 125.43500
26 5 21 22 10 32093.60000 64.30000000 2317.92000 160.19000 26.20400 125.26000
26 5 21 22 11 32063.60000 64.30000000 2313.27000 159.93000 26.20400 125.26000
26 5 21 22 11 32034.20000 64.11800000 2311.37000 159.81000 26.20400 125.26000
26 5 21 22 12 32037.00000 64.11800000 2309.50000 159.82000 26.20400 125.26000
26 5 21 22 12 32019.90000 64.11800000 2308.94000 159.72000 26.20400 125.06000
26 5 21 22 12 32019.90000 64.11800000 2309.70000 160.03000 26.20400 125.06000
26 5 21 22 13 32036.40000 64.11800000 2311.14000 160.36000 26.20400 125.51000
26 5 21 22 13 32024.60000 64.11800000 2311.54000 160.44000 26.20400 125.51000
26 5 21 22 14 32022.70000 64.11800000 2311.55000 160.39000 26.20400 125.67100
26 5 21 22 14 32020.60000 64.11800000 2315.47000 160.39000 26.20400 125.67100
26 5 21 22 15 32020.60000 64.11800000 2314.91000 160.39000 26.20400 125.67100
26 5 21 22 15 32057.70000 64.24300000 2318.19000 160.90000 26.20400 125.67100
26 5 21 22 15 32057.60000 64.24300000 2321.32000 160.97000 26.20400 125.67100
26 5 21 22 16 32057.20000 64.31000000 2324.13000 160.97000 26.20400 125.61000
26 5 21 22 16 32057.70000 64.31000000 2324.18000 161.30000 26.20400 125.83500
26 5 21 22 17 32041.60000 64.31000000 2323.78000 161.12000 26.20400 125.83500
26 5 21 22 17 32023.50000 64.31000000 2322.29000 160.88000 26.20400 125.83500
26 5 21 22 18 32031.40000 64.31000000 2322.79000 160.90000 26.20400 125.83500
26 5 21 22 18 32015.50000 64.31000000 2320.46000 160.75000 26.20400 125.83500
26 5 21 22 18 32023.50000 64.31000000 2323.06000 160.75000 26.20400 125.83500
26 5 21 22 19 32023.50000 64.07300000 2320.05000 160.54000 26.20400 125.83500
26 5 21 22 19 32023.50000 64.07300000 2320.33000 160.63000 26.20400 125.83500
26 5 21 22 20 32023.10000 64.07300000 2320.47000 160.63000 26.25100 125.58500
26 5 21 22 20 32012.20000 64.07300000 2317.23000 160.48000 26.25100 125.58500
26 5 21 22 21 32012.40000 64.07300000 2317.23000 160.48000 26.25100 125.58500
26 5 21 22 21 32014.20000 64.07300000 2319.76000 160.44000 26.25100 125.58500
26 5 21 22 21 32020.00000 64.07300000 2320.00000 160.44000 26.25100 125.58500
26 5 21 22 22 32020.10000 64.07300000 2319.69000 160.44000 26.25100 125.58500
26 5 21 22 22 32017.10000 64.07300000 2319.37000 160.44000 26.25100 125.58500
26 5 21 22 23 32012.10000 63.92300000 2319.25000 160.43000 26.25100 125.58500
26 5 21 22 23 32012.00000 63.91000000 2318.48000 160.43000 26.25100 125.58500
26 5 21 22 24 32012.00000 63.91000000 2319.99000 160.43000 26.25100 125.58500
26 5 21 22 24 31995.70000 64.01700000 2320.00000 160.43000 26.25100 125.58500
26 5 21 22 24 32010.10000 64.01700000 2323.13000 160.43000 26.25100 125.58500
26 5 21 22 25 32005.70000 64.01700000 2323.13000 160.43000 26.25100 125.58500
26 5 21 22 25 32007.00000 64.01700000 2327.30000 160.58000 26.25100 125.58500
26 5 21 22 26 32007.00000 64.01700000 2325.94000 160.58000 26.25100 125.58500
26 5 21 22 26 32006.70000 64.01700000 2324.64000 160.58000 26.25100 125.58500
26 5 21 22 27 31983.50000 64.01700000 2322.34000 160.05000 26.25100 125.58500
26 5 21 22 27 31988.40000 64.01700000 2321.31000 160.04000 26.25100 125.58500
26 5 21 22 27 31992.90000 64.01700000 2322.62000 160.10000 26.25100 125.84400
26 5 21 22 28 31992.90000 63.99300000 2323.43000 160.10000 26.25100 125.84400
26 5 21 22 28 31992.90000 63.99300000 2323.25000 160.16000 26.25100 125.84400
26 5 21 22 29 32028.10000 63.99300000 2327.31000 160.16000 26.43100 125.84400
26 5 21 22 29 32056.60000 63.99300000 2329.51000 160.16000 26.43100 125.84400
26 5 21 22 30 32106.20000 64.37100000 2331.05000 160.68000 26.43100 126.44000
26 5 21 22 30 32106.20000 64.45300000 2332.54000 160.68000 26.43100 126.59000
26 5 21 22 30 32106.20000 64.45300000 2333.46000 160.67000 26.43100 126.59000
26 5 21 22 31 32081.40000 64.45300000 2332.84000 160.67000 26.43100 126.59000
