M=[
23 9 20 09 16 8954.60000 4.97700000 288.54000 38.24000 11.67300 45.15800
23 9 20 09 16 8953.70000 4.97700000 288.54000 38.24000 11.67300 45.15800
23 9 20 09 17 8952.70000 4.97700000 288.18000 38.24000 11.67300 45.14700
23 9 20 09 17 8956.20000 4.97700000 288.18000 38.24000 11.67300 45.14700
23 9 20 09 17 8964.80000 4.97700000 288.18000 38.24000 11.67300 45.14700
23 9 20 09 18 8964.50000 4.97700000 288.46000 38.25000 11.67300 45.14700
23 9 20 09 18 8961.90000 4.97700000 288.46000 38.25000 11.67300 45.14700
23 9 20 09 19 8955.30000 4.97700000 288.46000 38.25000 11.67300 45.14700
23 9 20 09 19 8953.80000 4.97700000 288.12000 38.25000 11.67300 45.14700
23 9 20 09 20 8953.20000 4.97700000 288.12000 38.25000 11.67300 45.14700
23 9 20 09 20 8958.30000 4.97700000 288.12000 38.25000 11.67300 45.14700
23 9 20 09 20 8958.80000 4.97700000 288.30000 38.25000 11.67300 45.14700
23 9 20 09 21 8958.00000 4.97700000 288.23000 38.25000 11.67300 45.14700
23 9 20 09 21 8956.90000 4.97700000 288.23000 38.25000 11.67300 45.16000
23 9 20 09 22 8955.00000 4.97700000 288.29000 38.25000 11.67300 45.16000
23 9 20 09 22 8953.60000 4.97700000 288.14000 38.28000 11.67300 45.16000
23 9 20 09 23 8949.40000 4.97700000 288.11000 38.28000 11.67300 45.16000
23 9 20 09 23 8949.50000 4.97700000 288.00000 38.28000 11.67300 45.07100
23 9 20 09 23 8949.50000 4.97700000 288.00000 38.28000 11.67300 45.07100
23 9 20 09 24 8949.40000 4.97700000 288.18000 38.28000 11.67300 45.07100
23 9 20 09 24 8951.30000 4.97700000 288.20000 38.25000 11.67300 45.07100
23 9 20 09 25 8950.40000 4.97700000 288.12000 38.25000 11.67300 45.07100
23 9 20 09 25 8953.30000 4.97700000 288.40000 38.25000 11.67300 45.07100
23 9 20 09 26 8951.10000 4.97700000 288.40000 38.25000 11.67300 45.07100
23 9 20 09 26 8950.90000 4.97700000 288.08000 38.25000 11.67300 45.07100
23 9 20 09 27 8949.90000 4.97700000 288.08000 38.25000 11.67300 45.07100
23 9 20 09 27 8949.50000 4.97700000 288.08000 38.25000 11.67300 45.07100
23 9 20 09 27 8949.50000 4.97700000 288.08000 38.25000 11.67300 45.07100
23 9 20 09 28 8946.20000 4.97700000 287.82000 38.25000 11.67300 45.07100
23 9 20 09 28 8946.20000 4.97700000 287.93000 38.25000 11.67300 45.07100
23 9 20 09 29 8946.20000 4.97700000 287.90000 38.25000 11.67300 45.07100
23 9 20 09 29 8946.10000 4.97700000 287.95000 38.25000 11.67300 45.07100
23 9 20 09 30 8946.10000 4.97700000 287.90000 38.25000 11.67300 45.07100
23 9 20 09 30 8946.20000 4.97700000 287.99000 38.25000 11.67300 45.07100
23 9 20 09 30 8946.10000 4.97700000 287.99000 38.25000 11.67300 45.07100
23 9 20 09 31 8947.10000 4.97700000 288.36000 38.25000 11.67300 45.06000
23 9 20 09 31 8948.80000 4.97700000 288.39000 38.25000 11.67300 45.06000
23 9 20 09 32 8950.50000 4.97700000 288.37000 38.25000 11.67300 45.06000
23 9 20 09 32 8950.80000 4.97700000 288.16000 38.25000 11.67300 45.06000
23 9 20 09 33 8950.80000 4.97700000 288.16000 38.25000 11.67300 45.18500
23 9 20 09 33 8950.80000 4.97700000 288.37000 38.25000 11.67300 45.18500
23 9 20 09 33 8950.80000 5.00800000 288.21000 38.25000 11.67300 45.18500
23 9 20 09 34 8947.00000 5.00800000 288.32000 38.27000 11.67300 45.18500
23 9 20 09 34 8947.00000 5.00800000 288.32000 38.27000 11.67300 45.18500
23 9 20 09 35 8947.00000 5.00800000 288.20000 38.27000 11.67300 45.18500
23 9 20 09 35 8947.00000 5.00800000 288.06000 38.27000 11.67300 45.18500
23 9 20 09 36 8947.00000 5.00800000 288.06000 38.24000 11.67300 45.18500
23 9 20 09 36 8946.90000 5.00800000 287.87000 38.24000 11.67300 45.18500
23 9 20 09 36 8945.60000 5.00800000 287.91000 38.25000 11.67300 45.09000
23 9 20 09 37 8945.60000 5.00800000 287.91000 38.24000 11.67300 45.09000
23 9 20 09 37 8945.60000 5.00800000 287.93000 38.24000 11.67300 45.07200
23 9 20 09 38 8945.60000 5.00800000 287.93000 38.22000 11.67300 45.07200
23 9 20 09 38 8945.60000 5.00800000 287.93000 38.20000 11.67300 45.07200
23 9 20 09 39 8945.60000 5.00800000 288.25000 38.24000 11.67300 45.07200
23 9 20 09 39 8945.50000 5.00800000 288.25000 38.24000 11.67300 45.07200
23 9 20 09 39 8945.50000 5.00800000 288.25000 38.24000 11.67300 45.07200
23 9 20 09 40 8945.50000 5.00800000 288.13000 38.24000 11.67300 45.07200
23 9 20 09 40 8945.60000 5.00800000 288.27000 38.24000 11.67300 45.07200
23 9 20 09 41 8946.90000 4.93400000 288.39000 38.24000 11.67300 45.07200
23 9 20 09 41 8947.80000 4.93400000 288.39000 38.24000 11.67300 45.07200
23 9 20 09 42 8951.20000 4.93400000 288.66000 38.24000 11.67300 45.07200
23 9 20 09 42 8951.20000 4.93400000 288.66000 38.24000 11.67300 45.07200
23 9 20 09 42 8951.20000 4.93400000 288.66000 38.24000 11.67300 45.07200
23 9 20 09 43 8951.10000 4.93400000 288.75000 38.31000 11.67300 45.07200
23 9 20 09 43 8954.90000 4.93400000 288.75000 38.31000 11.67300 45.07200
23 9 20 09 44 8953.60000 4.93400000 288.76000 38.31000 11.67300 45.07200
23 9 20 09 44 8954.40000 4.93400000 288.90000 38.41000 11.67300 45.07200
23 9 20 09 45 8953.50000 4.93400000 288.59000 38.41000 11.70300 45.07200
23 9 20 09 45 8953.60000 4.93400000 288.59000 38.41000 11.70300 45.07200
23 9 20 09 45 8953.50000 4.93400000 288.62000 38.41000 11.70300 45.07200
23 9 20 09 46 8953.00000 4.93400000 288.63000 38.40000 11.70300 45.07200
23 9 20 09 46 8953.00000 4.93400000 288.63000 38.40000 11.70300 45.07200
23 9 20 09 47 8953.00000 4.93400000 288.97000 38.40000 11.70300 45.07200
23 9 20 09 47 8953.50000 4.93400000 288.95000 38.40000 11.70300 45.07200
23 9 20 09 48 8955.30000 4.93400000 288.87000 38.40000 11.70300 45.07200
23 9 20 09 48 8954.30000 4.93400000 288.93000 38.40000 11.70300 45.07200
23 9 20 09 48 8954.20000 4.93400000 288.93000 38.40000 11.70300 45.07200
23 9 20 09 49 8954.20000 4.93400000 288.93000 38.40000 11.70300 45.07200
23 9 20 09 49 8957.50000 4.93400000 289.15000 38.40000 11.70300 45.07200
23 9 20 09 50 8957.50000 4.93400000 289.11000 38.40000 11.70300 45.07200
23 9 20 09 50 8957.40000 4.93400000 289.11000 38.43000 11.70400 45.07200
23 9 20 09 51 8957.50000 4.93400000 289.11000 38.43000 11.70400 45.07200
23 9 20 09 51 8957.50000 4.93400000 288.91000 38.43000 11.70400 45.07200
23 9 20 09 51 8953.20000 4.93400000 288.71000 38.38000 11.70400 45.07200
23 9 20 09 52 8956.00000 4.93400000 288.89000 38.38000 11.70400 45.10900
23 9 20 09 52 8956.00000 4.93400000 288.89000 38.38000 11.70400 45.16000
23 9 20 09 53 8956.00000 4.93400000 289.09000 38.41000 11.70400 45.16000
23 9 20 09 53 8957.90000 4.93400000 289.09000 38.41000 11.70400 45.16000
23 9 20 09 54 8957.90000 4.93400000 289.09000 38.42000 11.70400 45.16000
23 9 20 09 54 8961.20000 4.93400000 289.09000 38.42000 11.70400 45.16000
23 9 20 09 54 8961.10000 4.93400000 289.24000 38.43000 11.70400 45.16000
23 9 20 09 55 8962.20000 4.93400000 289.26000 38.43000 11.70400 45.16000
23 9 20 09 55 8962.70000 4.93400000 289.26000 38.43000 11.70400 45.16000
23 9 20 09 56 8962.60000 4.93400000 289.26000 38.40000 11.70400 45.16000
23 9 20 09 56 8962.70000 4.93400000 289.21000 38.40000 11.70400 45.23000
23 9 20 09 57 8962.00000 4.93400000 289.21000 38.41000 11.70400 45.23000
23 9 20 09 57 8962.00000 4.93400000 289.21000 38.41000 11.70400 45.23000
23 9 20 09 58 8962.00000 4.93400000 289.35000 38.41000 11.70400 45.28000
23 9 20 09 58 8962.00000 4.93400000 289.35000 38.41000 11.70400 45.28000
23 9 20 09 58 8965.00000 4.93400000 289.72000 38.41000 11.70400 45.28000
23 9 20 09 59 8965.00000 4.93400000 289.99000 38.41000 11.70400 45.28000
23 9 20 09 59 8973.40000 4.93400000 290.01000 38.44000 11.70400 45.28000
23 9 20 10 00 8969.10000 4.93400000 289.99000 38.45000 11.70400 45.28000
23 9 20 10 00 8969.20000 4.93400000 289.65000 38.45000 11.70400 45.28000
23 9 20 10 01 8969.20000 4.93400000 289.52000 38.35000 11.70400 45.28000
23 9 20 10 01 8969.20000 4.93400000 289.52000 38.35000 11.70400 45.28000
23 9 20 10 01 8969.20000 4.93400000 289.60000 38.35000 11.70400 45.28000
23 9 20 10 02 8970.20000 4.93400000 289.59000 38.35000 11.70400 45.28000
23 9 20 10 02 8971.00000 4.93400000 289.51000 38.35000 11.70400 45.28000
