M=[
29 6 21 17 37 30577.30000 48.48600000 1876.59000 124.39000 16.93500 107.20700
29 6 21 17 38 30566.90000 48.48600000 1876.56000 124.64000 16.93500 107.20700
29 6 21 17 38 30572.60000 48.48600000 1875.00000 124.64000 16.93500 107.20700
29 6 21 17 39 30580.20000 48.48600000 1874.87000 124.64000 16.93500 107.20700
29 6 21 17 39 30575.30000 48.48600000 1874.59000 124.51000 16.93500 106.93100
29 6 21 17 40 30573.40000 48.38100000 1874.44000 124.51000 16.93500 106.93100
29 6 21 17 40 30557.30000 48.40400000 1874.03000 124.49000 16.93500 106.93100
29 6 21 17 40 30575.80000 48.40400000 1874.59000 124.49000 16.93500 106.93100
29 6 21 17 41 30575.80000 48.40400000 1876.48000 124.51000 16.93500 106.93100
29 6 21 17 41 30594.90000 48.41400000 1876.38000 124.51000 16.93500 106.93100
29 6 21 17 42 30599.90000 48.59800000 1876.90000 124.64000 16.93500 106.93100
29 6 21 17 42 30599.90000 48.59800000 1877.03000 124.64000 16.93500 106.93100
29 6 21 17 43 30582.60000 48.59800000 1876.83000 124.72000 16.93500 106.93100
29 6 21 17 43 30601.50000 48.64900000 1880.00000 124.93000 16.93500 107.04900
29 6 21 17 43 30599.90000 48.64900000 1881.39000 124.93000 16.93500 107.04900
29 6 21 17 44 30578.30000 48.64900000 1881.30000 124.95000 16.93500 107.04900
29 6 21 17 44 30583.70000 48.64900000 1880.03000 124.91000 16.93500 107.04900
29 6 21 17 45 30579.90000 48.64900000 1880.03000 124.91000 16.93500 107.04900
29 6 21 17 45 30574.50000 48.50000000 1879.73000 124.91000 16.93500 107.04900
29 6 21 17 46 30568.50000 48.36700000 1879.73000 124.91000 16.93500 107.04900
29 6 21 17 46 30553.60000 48.07800000 1876.93000 124.91000 16.93500 107.04900
29 6 21 17 46 30537.90000 48.04300000 1875.67000 124.79000 16.93500 107.04900
29 6 21 17 47 30531.00000 48.04300000 1873.93000 124.79000 16.93500 107.04900
29 6 21 17 47 30527.40000 48.00000000 1873.54000 124.70000 16.93500 107.04900
29 6 21 17 48 30517.20000 48.00000000 1874.43000 124.69000 16.93500 107.04900
29 6 21 17 48 30517.20000 48.00000000 1874.71000 124.69000 16.93500 107.04900
29 6 21 17 49 30517.30000 47.98800000 1874.15000 124.62000 16.93500 107.04900
29 6 21 17 49 30517.20000 47.98800000 1874.61000 124.61000 16.93500 107.04900
29 6 21 17 49 30511.70000 47.98800000 1875.06000 124.61000 16.93500 107.04900
29 6 21 17 50 30510.30000 47.67800000 1874.16000 124.61000 16.93500 107.04900
29 6 21 17 50 30469.30000 47.73000000 1873.94000 124.50000 16.93500 107.04900
29 6 21 17 51 30465.10000 47.73000000 1873.28000 124.50000 16.93500 107.04900
29 6 21 17 51 30465.00000 47.78800000 1872.74000 124.42000 16.93500 107.04900
29 6 21 17 52 30465.10000 47.73000000 1871.94000 124.33000 16.93500 107.04900
29 6 21 17 52 30451.20000 47.73000000 1872.17000 124.37000 16.93500 106.44000
29 6 21 17 52 30413.80000 47.73000000 1871.51000 124.37000 16.93500 106.44000
29 6 21 17 53 30410.50000 47.73000000 1869.61000 124.37000 16.93500 106.44000
29 6 21 17 53 30432.10000 47.50300000 1869.65000 124.03000 17.09500 106.44000
29 6 21 17 54 30461.60000 47.76000000 1869.65000 124.20000 17.09500 106.44000
29 6 21 17 54 30453.10000 47.63300000 1871.37000 124.20000 17.09500 106.44000
29 6 21 17 55 30461.70000 47.64900000 1871.46000 124.20000 17.09500 106.44000
29 6 21 17 55 30449.50000 47.68700000 1872.37000 124.36000 17.09500 106.44000
29 6 21 17 55 30452.00000 47.68700000 1872.71000 124.40000 17.09500 106.44000
29 6 21 17 56 30480.00000 47.74800000 1872.99000 124.33000 17.09500 106.44000
29 6 21 17 56 30524.90000 48.01200000 1877.16000 124.70000 17.09500 106.44000
29 6 21 17 57 30581.30000 48.01200000 1878.89000 124.70000 17.09500 106.44000
29 6 21 17 57 30599.10000 47.98700000 1879.95000 124.70000 17.10400 106.44000
29 6 21 17 58 30600.00000 47.98700000 1880.00000 124.97000 17.10400 106.44000
29 6 21 17 58 30584.50000 47.94800000 1879.07000 124.79000 17.10400 106.44000
29 6 21 17 58 30599.90000 47.98700000 1879.60000 124.97000 17.10400 106.44000
29 6 21 17 59 30599.80000 47.98700000 1877.11000 124.68000 17.10400 106.44000
29 6 21 17 59 30591.90000 47.98700000 1877.55000 124.68000 17.10400 106.44000
29 6 21 18 00 30580.60000 47.98500000 1877.59000 124.70000 17.10400 106.17900
29 6 21 18 00 30595.00000 47.98500000 1878.71000 124.70000 17.10400 106.17900
29 6 21 18 01 30580.90000 47.92800000 1878.71000 124.69000 17.10400 106.17900
29 6 21 18 01 30580.00000 47.92800000 1876.36000 124.69000 17.10400 106.17900
29 6 21 18 01 30579.70000 47.88300000 1876.36000 124.55000 17.10400 106.17900
29 6 21 18 02 30533.50000 47.88300000 1873.47000 124.36000 17.10400 106.17900
29 6 21 18 02 30539.60000 47.53600000 1872.44000 124.36000 17.10400 106.17900
29 6 21 18 03 30530.80000 47.53600000 1872.00000 124.36000 17.10400 106.17900
29 6 21 18 03 30530.80000 47.53600000 1870.31000 124.13000 17.10400 106.17900
29 6 21 18 04 30530.70000 47.53600000 1872.52000 124.23000 17.10400 106.17900
29 6 21 18 04 30530.70000 47.61600000 1872.77000 124.18000 17.10400 106.17900
29 6 21 18 04 30527.50000 47.66900000 1872.40000 124.09000 17.10400 106.17900
29 6 21 18 05 30548.90000 47.87600000 1875.59000 124.17000 17.10400 106.17900
29 6 21 18 05 30527.20000 47.87600000 1875.59000 124.25000 17.10400 106.17900
29 6 21 18 06 30484.20000 47.59500000 1871.00000 124.25000 17.10400 106.17900
29 6 21 18 06 30449.90000 47.59500000 1869.82000 124.25000 17.10400 106.17900
29 6 21 18 07 30450.00000 47.38800000 1870.12000 124.00000 17.10400 106.17900
29 6 21 18 07 30470.40000 47.49800000 1870.97000 123.85000 17.10400 106.17900
29 6 21 18 07 30464.10000 47.46700000 1868.64000 123.78000 17.10400 106.17900
29 6 21 18 08 30409.60000 47.46700000 1868.63000 123.78000 17.10400 105.75200
29 6 21 18 08 30420.00000 47.46700000 1867.98000 123.78000 17.10400 105.75200
29 6 21 18 09 30420.00000 47.42000000 1868.82000 123.78000 17.10400 105.75200
29 6 21 18 09 30420.00000 47.42000000 1868.10000 123.78000 17.10400 105.75200
29 6 21 18 10 30427.00000 47.29500000 1868.34000 123.78000 17.10400 105.75200
29 6 21 18 10 30445.00000 47.31000000 1868.95000 123.78000 17.10400 105.75200
29 6 21 18 10 30469.60000 47.31000000 1870.05000 123.78000 17.10400 105.75200
29 6 21 18 11 30491.80000 47.41700000 1870.27000 123.78000 17.10400 105.75200
29 6 21 18 11 30490.70000 47.50100000 1872.46000 124.06000 17.10400 105.75200
29 6 21 18 12 30490.70000 47.54700000 1871.96000 124.06000 17.10400 105.75200
29 6 21 18 12 30490.70000 47.54700000 1872.05000 124.06000 17.10400 105.75200
29 6 21 18 13 30479.90000 47.66600000 1873.13000 124.03000 17.10400 105.75200
29 6 21 18 13 30480.00000 47.68900000 1872.19000 124.03000 17.10400 105.75200
29 6 21 18 13 30480.00000 47.66200000 1872.19000 124.03000 17.10400 105.75200
29 6 21 18 14 30480.00000 47.52500000 1872.11000 124.04000 17.10400 105.75200
29 6 21 18 14 30480.00000 47.52500000 1871.72000 124.04000 17.10400 105.75200
29 6 21 18 15 30480.00000 47.52500000 1871.80000 124.03000 17.10400 105.75200
29 6 21 18 15 30446.30000 47.52500000 1867.89000 123.96000 17.10400 105.75200
29 6 21 18 16 30439.50000 47.52500000 1867.89000 123.68000 17.10400 105.75200
29 6 21 18 16 30462.00000 47.52500000 1868.94000 123.69000 17.10400 105.61100
29 6 21 18 16 30462.10000 47.52500000 1870.36000 123.69000 17.10400 105.61100
29 6 21 18 17 30444.10000 47.52500000 1869.34000 123.69000 17.10400 105.61100
29 6 21 18 17 30438.60000 47.43700000 1865.39000 123.63000 17.10400 105.71200
29 6 21 18 18 30438.60000 47.43700000 1865.38000 123.64000 17.10400 105.71200
29 6 21 18 18 30435.20000 47.43700000 1866.42000 123.64000 17.10400 105.71200
29 6 21 18 19 30435.30000 47.43700000 1866.91000 123.81000 17.10400 105.71200
29 6 21 18 19 30435.20000 47.43700000 1866.51000 123.86000 17.10400 105.71200
29 6 21 18 19 30435.30000 47.43700000 1866.90000 123.81000 17.10400 105.71200
29 6 21 18 20 30435.20000 47.43700000 1864.69000 123.80000 17.10400 105.71200
29 6 21 18 20 30420.40000 47.43700000 1864.43000 123.80000 17.10400 105.71200
29 6 21 18 21 30420.40000 47.43700000 1864.43000 123.64000 17.10400 105.71200
