M=[
11 7 21 02 48 28340.40000 41.29000000 1774.49000 113.16000 16.79000 91.75600
11 7 21 02 48 28340.40000 41.29000000 1774.49000 113.16000 16.79000 91.75600
11 7 21 02 49 28342.00000 41.29000000 1773.79000 113.16000 16.79000 91.75600
11 7 21 02 49 28342.00000 41.29000000 1773.79000 113.16000 16.79000 91.75600
11 7 21 02 50 28349.40000 41.29000000 1774.47000 113.16000 16.79000 91.75600
11 7 21 02 50 28349.40000 41.29000000 1774.47000 113.08000 16.79000 91.75600
11 7 21 02 51 28345.80000 41.29000000 1773.28000 113.08000 16.79000 91.75600
11 7 21 02 51 28345.80000 41.29000000 1773.28000 113.08000 16.79000 91.75600
11 7 21 02 52 28345.70000 41.29000000 1773.28000 113.08000 16.79000 91.75600
11 7 21 02 52 28345.70000 41.29000000 1774.28000 113.08000 16.79000 91.75600
11 7 21 02 52 28345.70000 41.29000000 1774.28000 113.08000 16.79000 91.75600
11 7 21 02 53 28345.60000 41.29000000 1774.28000 113.10000 16.79000 91.75600
11 7 21 02 53 28345.70000 41.29000000 1773.29000 113.10000 16.79000 91.75600
11 7 21 02 54 28345.70000 41.29000000 1773.29000 113.10000 16.79000 91.75600
11 7 21 02 54 28345.70000 41.29000000 1773.29000 113.10000 16.79000 91.75600
11 7 21 02 55 28345.60000 41.29000000 1773.29000 113.10000 16.79000 91.75600
11 7 21 02 55 28341.30000 41.29000000 1773.29000 113.04000 16.79000 91.75600
11 7 21 02 55 28330.90000 41.29000000 1773.28000 113.04000 16.79000 91.75600
11 7 21 02 56 28318.80000 41.29000000 1773.28000 113.04000 16.79000 91.75600
11 7 21 02 56 28318.70000 41.29000000 1769.72000 112.66000 16.79000 91.75600
11 7 21 02 57 28302.70000 41.29000000 1769.72000 112.66000 16.79000 91.75600
11 7 21 02 57 28288.60000 41.29000000 1769.71000 112.58000 16.79000 91.75600
11 7 21 02 58 28288.70000 41.29000000 1769.71000 112.58000 16.79000 91.75600
11 7 21 02 58 28288.70000 41.29000000 1769.71000 112.58000 16.79000 91.75600
11 7 21 02 58 28288.70000 41.29000000 1767.35000 112.58000 16.79000 91.75600
11 7 21 02 59 28278.60000 41.29000000 1767.35000 112.58000 16.79000 91.75600
11 7 21 02 59 28278.60000 41.29000000 1767.35000 112.58000 16.79000 91.75600
11 7 21 03 00 28263.30000 41.29000000 1767.35000 112.58000 16.79000 91.75600
11 7 21 03 00 28273.60000 41.29000000 1767.35000 112.58000 16.79000 91.75600
11 7 21 03 01 28268.80000 41.29000000 1770.59000 112.58000 16.79000 91.75600
11 7 21 03 01 28278.10000 41.29000000 1770.59000 112.58000 16.79000 91.75600
11 7 21 03 01 28294.40000 41.29000000 1770.59000 112.58000 16.79000 91.75600
11 7 21 03 02 28294.40000 41.29000000 1770.59000 112.58000 16.79000 91.75600
11 7 21 03 02 28294.50000 41.29000000 1770.59000 112.78000 16.79000 91.75600
11 7 21 03 03 28296.50000 41.29000000 1771.23000 112.78000 16.79000 91.75600
11 7 21 03 03 28296.50000 41.29000000 1771.23000 112.73000 16.79000 91.75600
11 7 21 03 04 28294.50000 41.29000000 1771.23000 112.73000 16.79000 91.75600
11 7 21 03 04 28294.50000 41.29000000 1769.16000 112.73000 16.79000 91.75600
11 7 21 03 04 28294.40000 41.29000000 1769.16000 112.73000 16.79000 91.75600
11 7 21 03 05 28277.50000 41.29000000 1769.16000 112.59000 16.79000 91.75600
11 7 21 03 05 28277.50000 41.29000000 1767.36000 112.59000 16.79000 91.75600
11 7 21 03 06 28277.40000 41.29000000 1767.36000 112.59000 16.79000 91.10900
11 7 21 03 06 28277.50000 41.29000000 1767.20000 112.59000 16.79000 91.10900
11 7 21 03 07 28266.40000 41.29000000 1767.19000 112.53000 16.79000 91.10900
11 7 21 03 07 28266.40000 41.29000000 1766.41000 112.53000 16.79000 91.10900
11 7 21 03 08 28250.60000 41.29000000 1766.79000 112.53000 16.79000 91.10900
11 7 21 03 08 28250.60000 41.29000000 1766.06000 112.52000 16.79000 91.10900
11 7 21 03 08 28246.60000 41.29000000 1765.92000 112.52000 16.79000 91.10900
11 7 21 03 09 28244.70000 41.29000000 1765.67000 112.52000 16.79000 91.10900
11 7 21 03 09 28244.80000 41.29000000 1765.67000 112.25000 16.79000 91.10900
11 7 21 03 10 28244.80000 41.29000000 1765.67000 112.25000 16.79000 91.10900
11 7 21 03 10 28244.80000 41.29000000 1765.67000 112.25000 16.79000 91.10900
11 7 21 03 11 28249.30000 41.29000000 1765.67000 112.25000 16.79000 91.10900
11 7 21 03 11 28258.30000 41.29000000 1765.67000 112.25000 16.79000 91.10900
11 7 21 03 11 28258.00000 41.29000000 1765.67000 112.25000 16.79000 91.10900
11 7 21 03 12 28247.20000 41.29000000 1765.67000 112.25000 16.79000 91.10900
11 7 21 03 12 28247.20000 41.29000000 1765.67000 112.25000 16.79000 91.10900
11 7 21 03 13 28244.80000 41.29000000 1763.71000 112.22000 16.79000 91.10900
11 7 21 03 13 28244.80000 41.29000000 1764.90000 112.22000 16.79000 91.10900
11 7 21 03 14 28249.20000 41.29000000 1764.90000 112.22000 16.79000 91.10900
11 7 21 03 14 28248.90000 41.29000000 1764.90000 112.22000 16.79000 91.10900
11 7 21 03 14 28248.90000 41.29000000 1764.90000 112.22000 16.79000 91.10900
11 7 21 03 15 28248.90000 41.29000000 1764.90000 112.22000 16.79000 91.10900
11 7 21 03 15 28248.90000 41.29000000 1764.90000 112.22000 16.79000 91.10900
11 7 21 03 16 28249.00000 41.29000000 1764.90000 112.13000 16.79000 91.10900
11 7 21 03 16 28252.10000 41.29000000 1764.90000 112.13000 16.79000 91.10900
11 7 21 03 17 28252.10000 41.29000000 1764.90000 112.16000 16.79000 91.10900
11 7 21 03 17 28260.50000 41.29000000 1764.28000 112.16000 16.79000 91.10900
11 7 21 03 18 28259.00000 41.29000000 1764.28000 112.16000 16.79000 91.10900
11 7 21 03 18 28255.60000 41.29000000 1764.28000 112.16000 16.79000 91.10900
11 7 21 03 18 28255.70000 41.29000000 1764.28000 112.16000 16.79000 91.10900
11 7 21 03 19 28255.70000 41.29000000 1764.83000 112.16000 16.79000 91.10900
11 7 21 03 19 28265.80000 41.29000000 1764.83000 112.16000 16.79000 91.10900
11 7 21 03 20 28270.10000 41.29000000 1765.73000 112.16000 16.79000 91.10900
11 7 21 03 20 28270.10000 41.29000000 1765.49000 112.16000 16.79000 91.10900
11 7 21 03 21 28270.10000 41.29000000 1765.49000 112.16000 16.79000 91.10900
11 7 21 03 21 28270.00000 41.29000000 1765.49000 112.16000 16.79000 91.10900
11 7 21 03 21 28270.10000 41.29000000 1765.49000 112.16000 16.79000 91.10900
11 7 21 03 22 28270.10000 41.29000000 1765.01000 112.16000 16.79000 91.10900
11 7 21 03 22 28263.50000 41.29000000 1765.01000 112.16000 16.79000 91.10900
11 7 21 03 23 28263.60000 41.29000000 1765.01000 112.16000 16.79000 91.10900
11 7 21 03 23 28263.60000 41.29000000 1765.01000 112.16000 16.79000 91.10900
11 7 21 03 24 28263.60000 41.29000000 1765.52000 112.16000 16.79000 91.10900
11 7 21 03 24 28263.60000 41.29000000 1765.52000 112.16000 16.79000 91.10900
11 7 21 03 24 28263.60000 41.29000000 1765.52000 112.16000 16.79000 91.10900
11 7 21 03 25 28271.50000 41.29000000 1766.79000 112.16000 16.79000 91.10900
11 7 21 03 25 28271.50000 41.29000000 1766.79000 112.16000 16.79000 91.10900
11 7 21 03 26 28271.50000 41.24700000 1765.36000 112.26000 16.79000 90.75100
11 7 21 03 26 28271.50000 41.24700000 1765.36000 112.26000 16.79000 90.75100
11 7 21 03 27 28271.50000 41.24700000 1765.36000 112.26000 16.79000 90.75100
11 7 21 03 27 28271.50000 41.24700000 1765.36000 112.26000 16.79000 90.75100
11 7 21 03 27 28271.50000 41.24700000 1765.36000 112.26000 16.79000 90.69300
11 7 21 03 28 28255.70000 41.24700000 1764.09000 112.26000 16.79000 90.69300
11 7 21 03 28 28248.90000 41.24700000 1762.97000 112.07000 16.79000 90.69300
11 7 21 03 29 28220.80000 41.24700000 1761.83000 112.07000 16.79000 90.69300
11 7 21 03 29 28239.50000 41.24700000 1761.83000 112.07000 16.79000 90.69300
11 7 21 03 30 28241.20000 41.24700000 1763.57000 112.07000 16.79000 90.69300
11 7 21 03 30 28257.60000 41.24700000 1763.57000 112.07000 16.79000 90.69300
11 7 21 03 30 28275.20000 41.24700000 1763.57000 112.07000 16.79000 90.69300
11 7 21 03 31 28280.90000 41.24700000 1766.08000 112.07000 16.79000 90.69300
11 7 21 03 31 28272.80000 41.24700000 1766.08000 112.07000 16.79000 90.69300
11 7 21 03 32 28271.50000 41.24700000 1766.08000 112.07000 16.79000 90.69300
11 7 21 03 32 28272.30000 41.24700000 1766.08000 112.07000 16.79000 90.69300
