M=[
 6 2 21 07 42 32649.00000 7.09700000 1393.92000 131.69000 18.46000 81.19000
 6 2 21 07 42 32649.10000 7.09700000 1393.76000 131.81000 18.46000 81.19000
 6 2 21 07 43 32652.40000 7.09700000 1393.80000 131.84000 18.46000 81.19000
 6 2 21 07 43 32652.70000 7.09700000 1394.54000 131.79000 18.46000 81.23200
 6 2 21 07 44 32653.00000 7.09700000 1394.32000 131.74000 18.50000 81.27600
 6 2 21 07 44 32658.00000 7.09800000 1393.47000 131.59000 18.50000 81.27600
 6 2 21 07 45 32657.50000 7.09800000 1394.68000 131.72000 18.49600 81.38100
 6 2 21 07 45 32671.60000 7.09800000 1394.09000 131.96000 18.49600 81.38100
 6 2 21 07 46 32678.60000 7.10400000 1394.17000 131.88000 18.49600 81.38100
 6 2 21 07 46 32658.70000 7.10400000 1393.75000 131.88000 18.49400 81.27500
 6 2 21 07 46 32679.50000 7.10400000 1394.47000 131.72000 18.49400 81.27500
 6 2 21 07 47 32662.90000 7.10400000 1394.31000 131.82000 18.49400 81.27500
 6 2 21 07 47 32664.10000 7.10400000 1394.85000 131.82000 18.49400 81.32400
 6 2 21 07 48 32651.50000 7.10400000 1394.65000 131.78000 18.49400 81.22400
 6 2 21 07 48 32629.50000 7.10400000 1394.09000 131.73000 18.49400 81.22400
 6 2 21 07 49 32641.10000 7.10400000 1394.08000 131.69000 18.49400 81.16200
 6 2 21 07 49 32664.20000 7.10400000 1394.37000 131.71000 18.50000 81.16200
 6 2 21 07 49 32669.90000 7.09800000 1395.19000 131.71000 18.50000 81.16200
 6 2 21 07 50 32669.90000 7.09800000 1395.70000 131.95000 18.50000 81.32500
 6 2 21 07 50 32670.00000 7.09800000 1395.72000 131.91000 18.51500 81.21900
 6 2 21 07 51 32652.90000 7.09800000 1394.17000 131.63000 18.51500 81.11900
 6 2 21 07 51 32590.00000 7.09800000 1392.66000 131.52000 18.51500 80.91700
 6 2 21 07 52 32616.70000 7.09800000 1393.42000 131.60000 18.51500 80.75400
 6 2 21 07 52 32600.00000 7.09800000 1392.40000 131.61000 18.51500 81.10600
 6 2 21 07 52 32619.90000 7.09800000 1393.22000 131.61000 18.51500 81.10600
 6 2 21 07 53 32645.40000 7.09800000 1393.44000 131.82000 18.51500 81.10600
 6 2 21 07 53 32650.50000 7.09800000 1393.49000 131.82000 18.51500 81.10600
 6 2 21 07 54 32650.60000 7.13300000 1394.66000 132.17000 18.51500 81.23600
 6 2 21 07 54 32669.90000 7.14200000 1395.87000 132.17000 18.51500 81.23600
 6 2 21 07 55 32669.80000 7.14200000 1396.08000 132.16000 18.51500 81.23600
 6 2 21 07 55 32670.00000 7.14200000 1396.03000 132.16000 18.51500 81.23600
 6 2 21 07 55 32669.90000 7.10500000 1394.05000 132.30000 18.51500 81.23600
 6 2 21 07 56 32679.90000 7.11100000 1395.59000 132.56000 18.51500 81.23600
 6 2 21 07 56 32690.40000 7.11100000 1395.75000 132.56000 18.51500 81.23600
 6 2 21 07 57 32684.50000 7.17700000 1396.30000 132.66000 18.51500 81.23600
 6 2 21 07 57 32709.10000 7.17700000 1397.39000 132.72000 18.51500 81.23600
 6 2 21 07 58 32709.00000 7.17700000 1397.01000 132.79000 18.51500 81.23600
 6 2 21 07 58 32737.10000 7.17700000 1394.01000 132.66000 18.59100 81.49000
 6 2 21 07 58 32751.80000 7.17700000 1394.06000 132.66000 18.59100 81.49000
 6 2 21 07 59 32733.20000 7.15200000 1394.01000 132.65000 18.53300 81.49000
 6 2 21 07 59 32734.50000 7.15200000 1393.91000 132.62000 18.53300 81.49000
 6 2 21 08 00 32745.40000 7.15200000 1392.04000 132.59000 18.53300 81.49000
 6 2 21 08 00 32750.00000 7.13400000 1391.82000 132.59000 18.53300 81.49000
 6 2 21 08 01 32750.00000 7.13400000 1391.89000 132.93000 18.53300 81.49000
 6 2 21 08 01 32799.90000 7.13400000 1393.68000 132.80000 18.53300 81.49000
 6 2 21 08 01 32799.90000 7.13400000 1394.46000 133.18000 18.60000 81.49000
 6 2 21 08 02 32819.90000 7.13000000 1394.92000 133.03000 18.60000 81.49000
 6 2 21 08 02 32818.00000 7.13000000 1394.39000 132.90000 18.49700 81.49000
 6 2 21 08 03 32814.30000 7.13000000 1393.45000 132.87000 18.49700 81.49000
 6 2 21 08 03 32813.60000 7.13000000 1393.12000 133.00000 18.49400 81.49000
 6 2 21 08 04 32789.10000 7.13000000 1393.94000 132.87000 18.49400 81.49000
 6 2 21 08 04 32808.50000 7.13000000 1395.02000 133.02000 18.49400 81.49000
 6 2 21 08 04 32808.10000 7.13000000 1395.24000 133.06000 18.49400 81.49000
 6 2 21 08 05 32808.60000 7.13000000 1395.62000 132.98000 18.59900 81.49000
 6 2 21 08 05 32831.60000 7.13000000 1396.38000 133.14000 18.59900 81.65800
 6 2 21 08 06 32845.00000 7.13000000 1397.28000 133.32000 18.59900 81.55800
 6 2 21 08 06 32877.40000 7.13000000 1396.08000 133.15000 18.59900 81.55800
 6 2 21 08 07 32877.30000 7.13000000 1397.43000 133.36000 18.59900 81.55800
 6 2 21 08 07 32877.30000 7.13000000 1398.96000 133.39000 18.59900 81.65200
 6 2 21 08 07 32881.30000 7.13000000 1398.35000 133.39000 18.59900 81.65200
 6 2 21 08 08 32881.40000 7.13000000 1398.26000 133.41000 18.59900 81.65200
 6 2 21 08 08 32881.40000 7.13000000 1397.82000 133.52000 18.59900 81.65200
 6 2 21 08 09 32881.40000 7.13000000 1397.52000 133.61000 18.59900 81.67500
 6 2 21 08 09 32881.30000 7.13000000 1398.41000 133.59000 18.59900 81.67500
 6 2 21 08 10 32899.00000 7.13000000 1399.48000 133.59000 18.59900 81.67500
 6 2 21 08 10 32911.00000 7.13000000 1398.52000 133.61000 18.59900 81.79800
 6 2 21 08 10 32900.00000 7.13000000 1397.83000 133.61000 18.59900 81.79800
 6 2 21 08 11 32850.50000 7.13000000 1397.52000 133.51000 18.59900 81.79800
 6 2 21 08 11 32892.50000 7.13000000 1397.94000 133.47000 18.59900 81.79800
 6 2 21 08 12 32900.00000 7.13000000 1397.94000 133.32000 18.59900 81.75100
 6 2 21 08 12 32900.00000 7.13000000 1397.91000 133.53000 18.59900 81.75100
 6 2 21 08 13 32900.00000 7.13000000 1398.86000 133.57000 18.59900 81.75100
 6 2 21 08 13 32905.00000 7.13000000 1398.86000 133.59000 18.59900 81.79900
 6 2 21 08 13 32905.00000 7.13000000 1398.11000 133.59000 18.59900 81.85600
 6 2 21 08 14 32905.00000 7.11100000 1399.16000 133.51000 18.59900 81.97600
 6 2 21 08 14 32885.30000 7.10800000 1397.79000 133.57000 18.59900 81.97600
 6 2 21 08 15 32885.30000 7.10800000 1398.60000 133.53000 18.59900 81.91300
 6 2 21 08 15 32873.40000 7.10800000 1398.19000 133.45000 18.59900 81.96000
 6 2 21 08 16 32873.50000 7.10800000 1398.58000 133.57000 18.59900 81.96300
 6 2 21 08 16 32889.90000 7.10800000 1399.35000 133.52000 18.59900 82.00000
 6 2 21 08 16 32910.90000 7.10800000 1399.58000 133.54000 18.59900 82.01200
 6 2 21 08 17 32910.90000 7.10800000 1399.59000 133.48000 18.59900 82.01200
 6 2 21 08 17 32911.00000 7.10800000 1399.98000 133.41000 18.59900 82.01200
 6 2 21 08 18 32917.00000 7.14000000 1399.97000 133.38000 18.59900 82.18800
 6 2 21 08 18 32917.00000 7.14000000 1399.98000 133.37000 18.59900 82.18800
 6 2 21 08 19 32947.90000 7.14000000 1400.00000 133.36000 18.59900 82.18800
 6 2 21 08 19 32950.00000 7.14000000 1401.99000 133.37000 18.59900 82.20000
 6 2 21 08 19 32954.90000 7.14000000 1403.93000 133.36000 18.59900 82.18200
 6 2 21 08 20 32963.40000 7.14000000 1405.00000 133.40000 18.60000 82.06500
 6 2 21 08 20 32950.10000 7.14000000 1404.99000 133.28000 18.60000 82.01000
 6 2 21 08 21 32949.90000 7.14000000 1407.01000 133.28000 18.60000 82.01000
 6 2 21 08 21 32922.80000 7.12100000 1407.00000 133.26000 18.60000 82.01000
 6 2 21 08 22 32916.80000 7.12100000 1406.01000 133.26000 18.60000 81.73600
 6 2 21 08 22 32923.50000 7.13200000 1407.35000 133.37000 18.60000 81.75000
 6 2 21 08 22 32931.50000 7.13200000 1407.35000 133.50000 18.60000 81.96600
 6 2 21 08 23 32931.90000 7.13200000 1407.99000 133.51000 18.60000 82.10800
 6 2 21 08 23 32938.40000 7.13200000 1409.96000 133.43000 18.60000 82.10800
 6 2 21 08 24 32938.40000 7.13200000 1409.14000 133.49000 18.60000 82.10800
 6 2 21 08 24 32927.90000 7.13200000 1410.00000 133.49000 18.60000 81.90200
 6 2 21 08 25 32938.40000 7.13200000 1411.67000 133.43000 18.60000 81.90200
 6 2 21 08 25 32936.30000 7.11900000 1410.79000 133.50000 18.60000 81.90200
 6 2 21 08 25 32899.90000 7.10700000 1407.62000 133.42000 18.60000 81.90200
 6 2 21 08 26 32938.30000 7.10700000 1411.28000 133.60000 18.60000 81.90200
 6 2 21 08 26 32932.30000 7.10700000 1412.10000 133.65000 18.60000 81.91900
 6 2 21 08 27 32938.00000 7.10700000 1412.22000 133.60000 18.60600 81.91900
