M=[
11 6 21 05 18 30617.60000 47.98800000 2039.15000 142.29000 20.83200 110.79000
11 6 21 05 18 30562.30000 47.98800000 2039.15000 142.15000 20.83200 110.79000
11 6 21 05 19 30562.30000 47.98800000 2037.01000 141.95000 20.83200 110.79000
11 6 21 05 19 30579.90000 47.98800000 2036.29000 141.95000 20.83200 110.79000
11 6 21 05 19 30562.40000 47.98800000 2035.64000 141.95000 20.83200 110.79000
11 6 21 05 20 30522.00000 47.98800000 2035.49000 141.95000 20.83200 110.79000
11 6 21 05 20 30528.10000 47.98800000 2034.76000 141.96000 20.83200 110.79000
11 6 21 05 21 30539.60000 47.98800000 2034.91000 142.03000 20.83200 110.79000
11 6 21 05 21 30504.60000 47.98800000 2034.07000 141.92000 20.83200 110.79000
11 6 21 05 22 30511.60000 47.98800000 2034.07000 141.92000 20.83200 110.79000
11 6 21 05 22 30518.00000 47.98800000 2034.07000 141.92000 20.83200 110.79000
11 6 21 05 22 30489.90000 47.98800000 2034.43000 141.92000 20.83200 110.79000
11 6 21 05 23 30478.80000 47.98800000 2034.43000 141.77000 20.83200 110.79000
11 6 21 05 23 30469.80000 47.98800000 2034.46000 141.83000 20.83200 110.79000
11 6 21 05 24 30507.00000 47.98800000 2034.46000 141.83000 20.83200 110.79000
11 6 21 05 24 30506.30000 47.98800000 2034.46000 141.83000 20.83200 110.79000
11 6 21 05 25 30498.90000 47.98800000 2033.93000 141.83000 20.83200 110.79000
11 6 21 05 25 30505.20000 47.98800000 2033.93000 141.83000 20.83200 110.79000
11 6 21 05 25 30486.30000 47.98800000 2033.93000 141.83000 20.83200 110.79000
11 6 21 05 26 30474.20000 47.72400000 2033.67000 141.83000 20.83200 110.79000
11 6 21 05 26 30485.00000 47.72400000 2033.67000 141.83000 20.83200 110.79000
11 6 21 05 27 30485.00000 47.72400000 2033.67000 141.45000 20.83200 110.79000
11 6 21 05 27 30484.90000 47.72400000 2033.08000 141.45000 20.83200 110.79000
11 6 21 05 28 30481.30000 47.72400000 2033.08000 141.45000 20.83200 110.79000
11 6 21 05 28 30491.00000 47.77400000 2033.60000 141.56000 20.83200 110.79000
11 6 21 05 28 30487.70000 47.77400000 2032.78000 141.56000 20.83200 110.79000
11 6 21 05 29 30439.10000 47.77400000 2032.00000 141.56000 20.83200 110.79000
11 6 21 05 29 30461.40000 47.77400000 2032.00000 141.56000 20.83200 110.79000
11 6 21 05 30 30454.50000 47.77400000 2032.00000 141.56000 20.83200 110.79000
11 6 21 05 30 30459.90000 47.77400000 2033.30000 141.56000 20.83200 110.79000
11 6 21 05 31 30460.00000 47.77400000 2033.31000 141.59000 20.83200 110.79000
11 6 21 05 31 30485.40000 47.77400000 2035.27000 141.59000 20.83200 110.79000
11 6 21 05 31 30485.10000 47.77400000 2034.65000 141.59000 20.83200 110.79000
11 6 21 05 32 30459.10000 47.77400000 2032.01000 141.21000 20.83200 110.79000
11 6 21 05 32 30394.80000 47.77400000 2031.58000 141.12000 20.83200 110.79000
11 6 21 05 33 30394.80000 47.77400000 2030.00000 141.12000 20.83200 110.51000
11 6 21 05 33 30380.10000 47.77400000 2029.98000 141.12000 20.83200 110.51000
11 6 21 05 34 30380.00000 47.68300000 2030.00000 140.96000 20.83200 110.51000
11 6 21 05 34 30352.00000 47.68300000 2028.28000 140.88000 20.83200 110.51000
11 6 21 05 34 30352.10000 47.65200000 2028.10000 140.88000 20.83200 110.51000
11 6 21 05 35 30352.00000 47.65200000 2026.80000 140.88000 20.83200 110.51000
11 6 21 05 35 30320.30000 47.65200000 2025.04000 140.68000 20.83200 110.51000
11 6 21 05 36 30342.30000 47.65200000 2027.62000 140.68000 20.83200 110.51000
11 6 21 05 36 30342.60000 47.65200000 2027.00000 140.95000 20.83200 110.51000
11 6 21 05 37 30357.80000 47.65200000 2029.80000 140.95000 20.83200 110.51000
11 6 21 05 37 30353.70000 47.65200000 2029.18000 140.95000 20.83200 110.51000
11 6 21 05 37 30372.00000 47.65200000 2029.87000 140.95000 20.83200 110.51000
11 6 21 05 38 30380.00000 47.78100000 2029.88000 140.95000 20.83200 110.51000
11 6 21 05 38 30380.00000 47.78100000 2031.60000 140.95000 20.83200 110.51000
11 6 21 05 39 30400.50000 47.78100000 2032.92000 140.95000 20.83200 110.51000
11 6 21 05 39 30396.70000 47.78100000 2031.90000 141.15000 20.83200 110.51000
11 6 21 05 40 30427.90000 47.78100000 2031.99000 141.15000 20.83200 110.51000
11 6 21 05 40 30447.60000 47.85600000 2032.00000 141.15000 20.83200 110.51000
11 6 21 05 40 30451.00000 47.85600000 2033.45000 141.15000 20.83200 110.51000
11 6 21 05 41 30435.50000 47.85600000 2033.84000 141.20000 20.83200 110.51000
11 6 21 05 41 30450.50000 47.85600000 2033.33000 141.20000 20.83200 110.51000
11 6 21 05 42 30474.80000 47.85600000 2033.76000 141.21000 20.83200 110.51000
11 6 21 05 42 30478.90000 47.85600000 2034.39000 141.21000 20.83200 110.51000
11 6 21 05 43 30485.40000 47.85600000 2034.76000 141.21000 20.83200 110.51000
11 6 21 05 43 30477.90000 47.89100000 2034.62000 141.21000 20.83200 110.51000
11 6 21 05 44 30477.90000 47.89100000 2034.97000 141.21000 20.83200 110.51000
11 6 21 05 44 30485.30000 47.89100000 2034.27000 141.21000 20.83200 110.51000
11 6 21 05 44 30484.70000 47.79200000 2033.55000 141.33000 20.83200 110.51000
11 6 21 05 45 30474.40000 47.79200000 2033.81000 141.33000 20.83200 110.51000
11 6 21 05 45 30474.50000 47.79200000 2035.34000 141.33000 20.83200 110.51000
11 6 21 05 46 30485.50000 47.79200000 2033.55000 141.48000 20.83200 110.51000
11 6 21 05 46 30489.00000 47.80700000 2034.91000 141.48000 20.83200 110.51000
11 6 21 05 47 30489.00000 47.80700000 2034.91000 141.48000 20.83200 110.51000
11 6 21 05 47 30488.90000 47.80700000 2034.91000 141.48000 20.83200 110.51000
11 6 21 05 47 30489.00000 47.80700000 2032.17000 141.48000 20.83200 110.51000
11 6 21 05 48 30474.40000 47.80700000 2031.92000 141.26000 20.83200 110.51000
11 6 21 05 48 30500.00000 47.80700000 2033.43000 141.42000 20.83200 110.51000
11 6 21 05 49 30500.00000 47.80700000 2033.43000 141.42000 20.83200 110.51000
11 6 21 05 49 30510.00000 47.80700000 2033.68000 141.42000 20.83200 110.51000
11 6 21 05 50 30508.10000 47.80700000 2032.33000 141.41000 20.83200 110.51000
11 6 21 05 50 30439.50000 47.82400000 2031.00000 141.41000 20.83200 110.51000
11 6 21 05 50 30424.50000 47.82400000 2030.00000 141.41000 20.83200 110.51000
11 6 21 05 51 30450.90000 47.82400000 2030.00000 141.41000 20.83200 110.51000
11 6 21 05 51 30476.80000 47.82400000 2031.60000 141.41000 20.83200 110.51000
11 6 21 05 52 30477.90000 47.82400000 2031.60000 141.41000 20.83200 110.51000
11 6 21 05 52 30449.50000 47.75300000 2030.01000 141.22000 20.83200 110.51000
11 6 21 05 53 30449.30000 47.75300000 2028.38000 141.05000 20.83200 110.51000
11 6 21 05 53 30424.60000 47.75300000 2022.90000 141.05000 20.76600 110.51000
11 6 21 05 53 30438.70000 47.75300000 2027.99000 140.97000 20.76600 110.51000
11 6 21 05 54 30424.50000 47.75300000 2026.52000 140.97000 20.76500 110.32400
11 6 21 05 54 30424.60000 47.75300000 2026.92000 140.97000 20.76500 110.32400
11 6 21 05 55 30446.60000 47.75300000 2026.92000 140.97000 20.76500 110.32400
11 6 21 05 55 30467.30000 47.75300000 2029.41000 141.10000 20.76500 110.32400
11 6 21 05 56 30468.10000 47.75300000 2030.05000 141.10000 20.76500 110.32400
11 6 21 05 56 30468.00000 47.75300000 2030.05000 141.10000 20.76500 110.32400
11 6 21 05 57 30450.10000 47.75300000 2030.05000 141.10000 20.76500 110.32400
11 6 21 05 57 30454.90000 47.75300000 2028.11000 141.10000 20.76500 110.32400
11 6 21 05 58 30438.20000 47.75300000 2027.03000 141.10000 20.76500 110.32400
11 6 21 05 58 30442.50000 47.60700000 2028.28000 141.10000 20.76500 110.32400
11 6 21 05 58 30431.60000 47.60700000 2026.24000 141.10000 20.76500 110.32400
11 6 21 05 59 30398.00000 47.60700000 2024.34000 140.75000 20.76500 110.32400
11 6 21 05 59 30394.80000 47.66300000 2024.87000 140.75000 20.76500 110.32400
11 6 21 06 00 30410.50000 47.57600000 2025.35000 140.76000 20.76500 110.25100
11 6 21 06 00 30414.80000 47.57600000 2025.92000 140.96000 20.76500 110.25100
11 6 21 06 01 30394.80000 47.57600000 2024.64000 140.96000 20.76500 110.25100
11 6 21 06 01 30394.80000 47.88300000 2024.85000 140.82000 20.76500 110.25100
11 6 21 06 01 30273.60000 47.89300000 2017.72000 140.31000 20.76500 110.25100
