M=[
 9 6 21 15 47 29844.90000 49.46800000 2105.12000 137.75000 22.04500 115.64100
 9 6 21 15 47 29839.60000 49.46800000 2103.11000 137.53000 22.04500 115.59100
 9 6 21 15 48 29813.70000 49.46800000 2100.82000 137.39000 22.04500 115.29200
 9 6 21 15 48 29838.60000 49.46800000 2101.58000 137.46000 22.04500 115.29200
 9 6 21 15 48 29850.00000 49.46800000 2103.76000 137.67000 22.04500 115.96000
 9 6 21 15 49 29931.20000 49.58100000 2107.45000 138.45000 21.98200 116.26100
 9 6 21 15 49 29950.00000 49.80900000 2109.44000 139.22000 21.98200 116.99900
 9 6 21 15 50 29914.60000 49.75000000 2107.46000 138.56000 21.98200 116.19000
 9 6 21 15 50 29898.30000 49.75000000 2108.00000 138.41000 21.98200 116.19000
 9 6 21 15 51 29949.50000 49.74500000 2110.81000 138.67000 21.98200 116.34100
 9 6 21 15 51 29978.20000 49.80300000 2112.39000 138.97000 21.98200 116.34100
 9 6 21 15 51 29984.20000 49.80300000 2112.35000 138.88000 21.98200 116.34100
 9 6 21 15 52 29934.30000 49.79800000 2112.32000 138.83000 21.98200 116.34100
 9 6 21 15 52 29903.90000 49.79800000 2107.08000 138.22000 21.98200 116.34100
 9 6 21 15 53 29900.00000 49.79800000 2108.98000 138.52000 21.98200 116.34100
 9 6 21 15 53 29894.20000 49.74600000 2109.27000 138.38000 21.98200 116.34100
 9 6 21 15 54 29869.10000 49.69000000 2107.71000 138.41000 21.98200 116.34100
 9 6 21 15 54 29904.50000 49.69000000 2109.27000 138.45000 21.98200 116.34100
 9 6 21 15 54 29900.10000 49.69000000 2109.27000 138.43000 21.98200 116.34100
 9 6 21 15 55 29880.20000 49.69000000 2107.00000 138.35000 21.98200 116.34100
 9 6 21 15 55 29941.90000 49.69800000 2113.40000 138.54000 21.98200 116.34100
 9 6 21 15 56 29923.50000 49.69800000 2113.40000 138.51000 21.98200 116.34100
 9 6 21 15 56 29917.90000 49.69800000 2109.55000 138.50000 21.98200 116.34100
 9 6 21 15 57 29894.70000 49.69800000 2108.05000 138.38000 21.98200 116.34100
 9 6 21 15 57 29910.70000 50.00000000 2110.54000 138.51000 21.98200 116.34100
 9 6 21 15 57 29904.30000 50.23100000 2109.55000 138.39000 21.98200 116.34100
 9 6 21 15 58 29973.70000 50.81300000 2113.76000 138.91000 21.98200 116.45600
 9 6 21 15 58 29911.30000 50.65000000 2110.08000 138.55000 21.98200 116.78500
 9 6 21 15 59 29854.10000 50.53800000 2107.01000 138.16000 21.98200 116.78500
 9 6 21 15 59 29861.60000 50.47500000 2107.98000 138.16000 21.98200 116.78500
 9 6 21 16 00 29856.10000 50.47500000 2108.45000 138.23000 21.98200 116.78500
 9 6 21 16 00 29911.20000 50.79600000 2114.38000 139.25000 21.98200 116.56400
 9 6 21 16 00 29869.50000 50.83800000 2115.94000 138.82000 22.06700 117.10500
 9 6 21 16 01 29906.70000 50.98000000 2119.44000 139.09000 22.06700 117.10500
 9 6 21 16 01 29875.60000 51.37300000 2115.97000 138.68000 22.06700 116.30300
 9 6 21 16 02 29815.60000 51.16700000 2110.78000 138.26000 22.06700 115.99800
 9 6 21 16 02 29860.50000 51.41200000 2117.02000 138.12000 22.06700 116.45000
 9 6 21 16 03 29869.00000 51.41200000 2116.65000 138.12000 22.06700 115.89000
 9 6 21 16 03 29850.10000 51.41200000 2113.98000 138.10000 22.06700 115.59100
 9 6 21 16 03 29850.00000 51.17500000 2115.20000 137.67000 22.06700 115.59100
 9 6 21 16 04 29900.00000 51.30600000 2121.21000 138.35000 22.06700 115.59100
 9 6 21 16 04 29854.80000 51.28700000 2120.78000 138.36000 22.06700 115.59100
 9 6 21 16 05 29854.90000 51.29700000 2120.99000 138.02000 22.06700 115.59100
 9 6 21 16 05 29843.50000 51.06800000 2120.00000 137.92000 22.06700 115.59100
 9 6 21 16 06 29840.00000 50.81100000 2117.29000 137.87000 22.06700 115.59100
 9 6 21 16 06 29834.70000 50.81100000 2116.24000 137.87000 22.06700 115.30600
 9 6 21 16 06 29821.10000 50.68600000 2114.48000 137.69000 22.06700 115.30600
 9 6 21 16 07 29830.00000 50.68600000 2115.87000 137.69000 22.06700 115.30600
 9 6 21 16 07 29824.40000 50.68600000 2114.01000 137.69000 22.06700 115.30600
 9 6 21 16 08 29811.60000 50.61900000 2114.00000 137.58000 22.06700 115.30600
 9 6 21 16 08 29739.50000 50.61900000 2109.51000 137.45000 22.06700 115.29200
 9 6 21 16 09 29766.60000 50.28900000 2103.99000 137.32000 21.96500 114.99400
 9 6 21 16 09 29655.40000 50.12600000 2100.01000 137.01000 21.96500 114.54900
 9 6 21 16 09 29672.20000 50.12600000 2100.01000 137.01000 21.96500 114.54900
 9 6 21 16 10 29671.30000 50.12600000 2100.02000 137.17000 21.96500 114.54900
 9 6 21 16 10 29672.20000 50.12600000 2102.44000 137.68000 21.96500 114.54900
 9 6 21 16 11 29681.20000 50.41000000 2102.08000 137.62000 21.96500 114.54900
 9 6 21 16 11 29690.00000 50.41000000 2102.43000 137.35000 21.96500 114.83800
 9 6 21 16 12 29711.60000 50.28800000 2104.00000 137.35000 21.96500 114.83800
 9 6 21 16 12 29774.20000 50.28800000 2108.83000 137.35000 21.96500 114.83800
 9 6 21 16 12 29818.10000 50.47900000 2112.46000 137.70000 21.96500 115.36200
 9 6 21 16 13 29781.30000 50.47900000 2109.04000 137.71000 21.96500 115.36200
 9 6 21 16 13 29814.10000 50.56300000 2112.98000 137.84000 21.96500 115.36200
 9 6 21 16 14 29821.10000 50.56300000 2115.00000 137.88000 21.96500 115.36200
 9 6 21 16 14 29814.50000 50.36100000 2117.26000 137.89000 21.96500 115.36200
 9 6 21 16 15 29826.30000 50.36100000 2115.52000 137.89000 21.96500 115.36200
 9 6 21 16 15 29873.30000 50.36100000 2118.76000 138.69000 21.96500 115.36200
 9 6 21 16 15 29878.30000 50.36100000 2119.63000 138.51000 21.96500 115.36200
 9 6 21 16 16 29880.30000 50.53200000 2116.88000 138.66000 21.96500 115.49900
 9 6 21 16 16 29879.00000 50.56600000 2117.65000 138.66000 21.96500 115.49900
 9 6 21 16 17 29848.00000 50.56600000 2114.48000 138.45000 21.96500 115.49900
 9 6 21 16 17 29849.90000 50.35000000 2116.39000 138.45000 21.96500 115.49900
 9 6 21 16 18 29843.00000 50.35000000 2115.17000 138.45000 21.96500 114.82900
 9 6 21 16 18 29842.90000 50.35000000 2114.27000 138.48000 21.96500 114.82900
 9 6 21 16 18 29837.70000 50.35000000 2111.98000 138.48000 21.96500 114.82900
 9 6 21 16 19 29833.90000 50.22300000 2111.89000 138.48000 21.96500 114.82900
 9 6 21 16 19 29830.00000 50.22300000 2113.56000 138.53000 21.96500 114.82900
 9 6 21 16 20 29830.00000 50.22300000 2113.56000 138.64000 21.96500 114.82900
 9 6 21 16 20 29877.50000 50.22300000 2118.95000 138.86000 21.96500 114.82900
 9 6 21 16 21 29895.30000 50.22300000 2118.69000 138.79000 21.96500 114.82900
 9 6 21 16 21 29891.50000 50.22300000 2119.41000 138.84000 21.96500 114.82900
 9 6 21 16 21 29875.60000 50.22300000 2116.72000 138.84000 21.96500 114.82900
 9 6 21 16 22 29880.20000 50.22300000 2118.61000 138.84000 21.96500 114.82900
 9 6 21 16 22 29899.10000 50.22300000 2120.67000 138.79000 21.96500 114.82900
 9 6 21 16 23 29900.00000 50.45700000 2120.31000 138.79000 21.96500 114.82900
 9 6 21 16 23 29900.00000 50.45700000 2124.34000 138.89000 21.96500 114.82900
 9 6 21 16 24 29902.00000 50.53600000 2120.35000 138.87000 21.96500 114.82900
 9 6 21 16 24 29915.70000 50.53600000 2124.63000 139.21000 21.96500 114.82900
 9 6 21 16 24 29905.30000 50.53600000 2123.01000 139.29000 21.96500 114.82900
 9 6 21 16 25 29905.10000 50.53600000 2122.59000 139.10000 22.30600 114.82900
 9 6 21 16 25 29891.50000 50.53600000 2122.79000 139.04000 22.08800 114.82900
 9 6 21 16 26 29914.70000 50.53600000 2120.65000 139.04000 22.08800 114.82900
 9 6 21 16 26 29920.10000 50.53600000 2121.90000 139.04000 22.08800 114.82900
 9 6 21 16 27 29895.80000 50.53600000 2120.34000 139.12000 22.08800 114.82900
 9 6 21 16 27 29895.90000 50.53600000 2120.32000 138.99000 22.08800 114.82900
 9 6 21 16 27 29905.90000 50.53600000 2120.31000 139.40000 22.08800 114.82900
 9 6 21 16 28 29920.00000 50.53600000 2122.86000 139.47000 22.08800 115.34500
 9 6 21 16 28 29925.10000 50.53600000 2122.52000 139.37000 22.04400 115.34500
 9 6 21 16 29 29925.10000 50.53600000 2124.18000 139.37000 22.04400 115.34500
 9 6 21 16 29 29904.00000 50.31900000 2121.07000 139.02000 22.04400 115.34500
 9 6 21 16 30 29875.60000 50.23800000 2121.15000 139.02000 22.04400 115.34500
 9 6 21 16 30 29850.00000 50.23600000 2120.61000 139.02000 22.04400 115.34500
