M=[
 5 8 21 01 02 33375.40000 43.16500000 2286.71000 119.71000 22.68900 99.10000
 5 8 21 01 03 33310.80000 43.16500000 2265.00000 119.43000 22.68900 99.10000
 5 8 21 01 03 33288.40000 42.95000000 2270.38000 119.26000 22.68900 99.10000
 5 8 21 01 03 33288.90000 42.95000000 2273.23000 119.37000 22.68900 99.10000
 5 8 21 01 04 33288.90000 42.95000000 2268.25000 119.33000 22.68900 99.10000
 5 8 21 01 04 33288.40000 42.95000000 2268.18000 119.27000 22.68900 99.10000
 5 8 21 01 05 33288.30000 42.95000000 2270.17000 119.26000 22.68900 99.10000
 5 8 21 01 05 33254.40000 42.94900000 2267.54000 119.26000 22.68900 99.10000
 5 8 21 01 06 33248.50000 42.94900000 2266.60000 119.26000 22.68900 99.10000
 5 8 21 01 06 33248.40000 42.94900000 2264.60000 119.13000 22.68900 98.51000
 5 8 21 01 06 33248.40000 42.94900000 2267.56000 119.13000 22.68900 98.51000
 5 8 21 01 07 33248.60000 42.94900000 2269.61000 119.23000 22.68900 98.51000
 5 8 21 01 07 33248.60000 42.94900000 2269.61000 119.23000 22.68900 98.51000
 5 8 21 01 08 33252.70000 42.94900000 2269.61000 119.23000 22.68900 98.57700
 5 8 21 01 08 33248.50000 42.94900000 2267.61000 119.23000 22.68900 98.57700
 5 8 21 01 09 33248.50000 42.94900000 2265.53000 119.23000 22.68900 98.57700
 5 8 21 01 09 33248.40000 42.94900000 2265.61000 119.23000 22.68900 98.57700
 5 8 21 01 10 33248.40000 42.94900000 2265.61000 119.23000 22.68900 98.57700
 5 8 21 01 10 33248.40000 42.94900000 2267.71000 119.23000 22.68900 98.57700
 5 8 21 01 10 33248.40000 42.94900000 2266.33000 119.23000 22.68900 98.57700
 5 8 21 01 11 33248.40000 42.94900000 2266.33000 119.23000 22.68900 98.57700
 5 8 21 01 11 33248.40000 42.94900000 2266.66000 119.23000 22.68900 98.50800
 5 8 21 01 12 33248.50000 42.94900000 2268.33000 119.23000 22.68900 98.50800
 5 8 21 01 12 33248.50000 42.94900000 2270.54000 119.23000 22.68900 98.50800
 5 8 21 01 13 33248.50000 42.94900000 2271.11000 119.23000 22.68900 98.50800
 5 8 21 01 13 33253.70000 42.85000000 2269.50000 119.19000 22.68900 98.50800
 5 8 21 01 13 33257.90000 42.85000000 2269.20000 119.19000 22.68900 98.50800
 5 8 21 01 14 33261.30000 42.85000000 2267.54000 119.19000 22.68900 98.49200
 5 8 21 01 14 33285.10000 42.85000000 2267.60000 119.16000 22.68900 98.49200
 5 8 21 01 15 33284.10000 42.85000000 2268.99000 119.19000 22.68900 98.49200
 5 8 21 01 15 33284.10000 42.85000000 2268.99000 119.19000 22.68900 98.49200
 5 8 21 01 16 33294.60000 42.85000000 2268.99000 119.20000 22.68900 98.49200
 5 8 21 01 16 33306.20000 42.85000000 2268.99000 119.20000 22.68900 98.71500
 5 8 21 01 16 33308.70000 42.85000000 2273.91000 119.34000 22.68900 98.71500
 5 8 21 01 17 33308.70000 42.85000000 2275.03000 119.34000 22.68900 98.71500
 5 8 21 01 17 33312.00000 42.91400000 2273.34000 119.34000 22.68900 98.71500
 5 8 21 01 18 33312.10000 42.91400000 2276.55000 119.34000 22.68900 98.71500
 5 8 21 01 18 33312.10000 42.91400000 2276.26000 119.34000 22.68900 98.79600
 5 8 21 01 19 33312.30000 42.91400000 2274.96000 119.34000 22.68900 98.79600
 5 8 21 01 19 33312.20000 42.91400000 2275.77000 119.34000 22.68900 98.79600
 5 8 21 01 20 33312.30000 42.91400000 2275.77000 119.34000 22.68900 98.79600
 5 8 21 01 20 33282.80000 42.91400000 2276.75000 119.30000 22.68900 98.79600
 5 8 21 01 20 33282.80000 42.91400000 2276.19000 119.30000 22.68900 98.79600
 5 8 21 01 21 33297.20000 42.91400000 2276.89000 119.30000 22.68900 98.79600
 5 8 21 01 21 33297.20000 42.91400000 2276.90000 119.30000 22.68900 98.79600
 5 8 21 01 22 33302.10000 42.91400000 2275.74000 119.30000 22.68900 98.79600
 5 8 21 01 22 33302.00000 42.91400000 2274.94000 119.30000 22.68900 98.79600
 5 8 21 01 23 33308.10000 42.91400000 2275.98000 119.30000 22.68900 98.79600
 5 8 21 01 23 33306.70000 42.91400000 2274.98000 119.30000 22.68900 98.79600
 5 8 21 01 23 33315.80000 42.91400000 2275.46000 119.30000 22.68900 98.79600
 5 8 21 01 24 33315.80000 42.91400000 2275.65000 119.30000 22.68900 98.79600
 5 8 21 01 24 33315.80000 42.91400000 2276.90000 119.49000 22.68900 98.79600
 5 8 21 01 25 33269.30000 42.91400000 2276.89000 119.49000 22.68900 98.79600
 5 8 21 01 25 33269.30000 42.91400000 2273.84000 119.49000 22.68900 98.79600
 5 8 21 01 26 33269.30000 42.84900000 2273.84000 119.16000 22.68900 98.79600
 5 8 21 01 26 33248.40000 42.84900000 2268.77000 119.15000 22.68900 98.79600
 5 8 21 01 26 33215.00000 42.84900000 2269.98000 119.15000 22.68900 98.79600
 5 8 21 01 27 33212.70000 42.84900000 2267.32000 119.15000 22.68900 98.79600
 5 8 21 01 27 33194.00000 42.84900000 2266.36000 119.15000 22.68900 98.79600
 5 8 21 01 28 33160.00000 42.84900000 2265.05000 119.04000 22.68900 98.79600
 5 8 21 01 28 33160.00000 42.60300000 2264.58000 119.04000 22.68900 98.79600
 5 8 21 01 29 33129.00000 42.60300000 2253.00000 118.84000 22.68900 98.35000
 5 8 21 01 29 33137.40000 42.60300000 2257.10000 118.84000 22.68900 98.28500
 5 8 21 01 29 33121.40000 42.60300000 2256.68000 118.84000 22.71500 98.28500
 5 8 21 01 30 33145.20000 42.60300000 2261.14000 118.84000 22.71500 98.28500
 5 8 21 01 30 33171.80000 42.60300000 2262.17000 118.86000 22.71500 98.28500
 5 8 21 01 31 33180.80000 42.60300000 2263.45000 119.10000 22.71500 98.28500
 5 8 21 01 31 33180.90000 42.60300000 2260.80000 119.10000 22.71500 98.28500
 5 8 21 01 32 33180.90000 42.60300000 2259.49000 119.10000 22.71500 98.28500
 5 8 21 01 32 33180.80000 42.60300000 2260.81000 119.10000 22.71500 98.28500
 5 8 21 01 33 33180.90000 42.60300000 2260.58000 119.10000 22.71500 98.28500
 5 8 21 01 33 33169.70000 42.60300000 2260.58000 119.10000 22.71500 98.28500
 5 8 21 01 33 33180.90000 42.60300000 2260.58000 119.10000 22.71500 98.28500
 5 8 21 01 34 33199.20000 42.60300000 2261.00000 119.10000 22.71500 98.28500
 5 8 21 01 34 33199.20000 42.60300000 2261.00000 119.10000 22.71500 98.28500
 5 8 21 01 35 33199.10000 42.60300000 2260.96000 119.10000 22.71500 98.28500
 5 8 21 01 35 33219.30000 42.60300000 2261.00000 119.10000 22.71500 98.28500
 5 8 21 01 36 33212.10000 42.60300000 2260.99000 119.10000 22.71500 98.28500
 5 8 21 01 36 33212.10000 42.60300000 2261.00000 119.26000 22.71500 98.28500
 5 8 21 01 36 33215.90000 42.60300000 2265.01000 119.58000 22.71500 98.28500
 5 8 21 01 37 33210.30000 42.60300000 2262.04000 119.58000 22.71500 98.28500
 5 8 21 01 37 33210.30000 42.60300000 2258.20000 119.58000 22.71500 98.28500
 5 8 21 01 38 33174.00000 42.60300000 2257.84000 119.58000 22.71500 98.28500
 5 8 21 01 38 33174.30000 42.60300000 2257.56000 119.58000 22.71500 98.28500
 5 8 21 01 39 33184.70000 42.60300000 2261.33000 119.58000 22.71500 98.28500
 5 8 21 01 39 33194.80000 42.60300000 2261.33000 119.58000 22.71500 98.28500
 5 8 21 01 39 33188.50000 42.60300000 2261.33000 119.58000 22.71500 98.28500
 5 8 21 01 40 33197.80000 42.60300000 2261.33000 119.58000 22.71500 98.28500
 5 8 21 01 40 33197.80000 42.60300000 2261.31000 119.58000 22.71500 98.28500
 5 8 21 01 41 33197.80000 42.60300000 2261.31000 119.58000 22.71500 98.28500
 5 8 21 01 41 33197.80000 42.60300000 2262.92000 119.58000 22.71500 98.28500
 5 8 21 01 42 33214.10000 42.60300000 2262.75000 119.58000 22.71500 98.28500
 5 8 21 01 42 33215.30000 42.60300000 2263.65000 119.58000 22.71500 98.28500
 5 8 21 01 42 33216.20000 42.60300000 2262.91000 119.58000 22.71500 98.28500
 5 8 21 01 43 33220.10000 42.60300000 2262.91000 119.27000 22.71500 98.28500
 5 8 21 01 43 33220.10000 42.76300000 2262.81000 119.27000 22.71500 98.28500
 5 8 21 01 44 33205.90000 42.76300000 2263.80000 119.27000 22.71500 98.28500
 5 8 21 01 44 33186.10000 42.76300000 2263.80000 119.16000 22.71500 98.28500
 5 8 21 01 45 33186.30000 42.75200000 2262.72000 119.16000 22.71500 98.66100
 5 8 21 01 45 33179.00000 42.75200000 2262.72000 119.16000 22.71500 98.66100
 5 8 21 01 46 33180.00000 42.75200000 2260.26000 119.16000 22.71500 98.66100
 5 8 21 01 46 33189.60000 42.75200000 2260.26000 119.08000 22.71500 98.66100
 5 8 21 01 46 33200.60000 42.75200000 2260.26000 119.08000 22.71500 98.66100
