M=[
 9 3 21 00 16 44021.80000 9.80900000 1538.63000 161.06000 26.75400 108.90200
 9 3 21 00 17 44050.00000 9.80900000 1538.66000 161.06000 26.75400 108.90200
 9 3 21 00 17 44040.60000 9.80900000 1539.12000 161.06000 26.76000 108.90200
 9 3 21 00 17 44015.90000 9.79200000 1538.72000 161.01000 26.82200 108.90200
 9 3 21 00 18 44023.20000 9.79200000 1538.13000 161.01000 26.82200 108.90200
 9 3 21 00 18 44013.40000 9.79200000 1537.96000 160.83000 26.82200 108.90200
 9 3 21 00 19 44032.60000 9.79200000 1537.97000 160.83000 26.82200 108.90200
 9 3 21 00 19 44018.60000 9.79200000 1535.12000 160.82000 26.82200 108.90200
 9 3 21 00 20 44032.50000 9.79200000 1535.92000 160.81000 26.76000 108.90200
 9 3 21 00 20 44018.50000 9.79200000 1533.43000 160.77000 26.76000 108.90200
 9 3 21 00 20 44009.50000 9.79200000 1530.55000 160.56000 26.76000 108.90200
 9 3 21 00 21 44001.00000 9.74500000 1530.02000 160.31000 26.76000 108.90200
 9 3 21 00 21 44000.00000 9.74500000 1531.70000 160.43000 26.76000 108.90200
 9 3 21 00 22 43970.70000 9.76300000 1531.20000 160.40000 26.76000 108.90200
 9 3 21 00 22 43938.60000 9.76300000 1531.88000 160.20000 26.76000 108.90200
 9 3 21 00 23 43934.90000 9.76300000 1531.20000 160.27000 26.76000 108.90200
 9 3 21 00 23 43933.40000 9.76300000 1531.18000 160.33000 26.76000 108.90200
 9 3 21 00 23 43931.50000 9.76300000 1528.99000 160.20000 26.59200 108.90200
 9 3 21 00 24 43900.00000 9.76300000 1525.81000 160.06000 26.59200 108.90200
 9 3 21 00 24 43893.10000 9.78900000 1525.67000 159.77000 26.59200 108.90200
 9 3 21 00 25 43865.70000 9.78900000 1525.01000 159.77000 26.59200 108.90200
 9 3 21 00 25 43885.90000 9.78900000 1526.72000 160.01000 26.59200 108.90200
 9 3 21 00 25 43886.00000 9.78900000 1528.26000 160.09000 26.59200 108.90200
 9 3 21 00 26 43886.00000 9.78900000 1526.37000 160.09000 26.59200 108.90200
 9 3 21 00 26 43876.70000 9.78900000 1526.99000 160.00000 26.59200 108.90200
 9 3 21 00 27 43884.10000 9.78900000 1528.73000 160.00000 26.59200 108.90200
 9 3 21 00 27 43885.80000 9.78900000 1529.25000 160.00000 26.59200 108.90200
 9 3 21 00 28 43845.10000 9.78900000 1527.21000 160.07000 26.59200 108.90200
 9 3 21 00 28 43829.00000 9.78900000 1526.93000 160.07000 26.59200 108.90200
 9 3 21 00 28 43850.60000 9.78900000 1525.49000 159.82000 26.59200 108.90200
 9 3 21 00 29 43869.30000 9.78900000 1527.28000 159.82000 26.59200 108.90200
 9 3 21 00 29 43880.00000 9.78900000 1527.50000 159.82000 26.59200 108.90200
 9 3 21 00 30 43880.40000 9.78900000 1528.14000 159.89000 26.59200 108.90200
 9 3 21 00 30 43896.70000 9.78900000 1528.14000 159.90000 26.59200 108.90200
 9 3 21 00 31 43905.00000 9.78900000 1531.67000 159.90000 26.59200 108.90200
 9 3 21 00 31 43901.90000 9.78900000 1530.88000 159.90000 26.59200 108.90200
 9 3 21 00 31 43839.20000 9.78900000 1528.74000 159.90000 26.59200 108.90200
 9 3 21 00 32 43830.50000 9.78900000 1527.13000 159.61000 26.59200 108.90200
 9 3 21 00 32 43751.60000 9.78900000 1525.01000 159.50000 26.59200 108.90200
 9 3 21 00 33 43817.10000 9.78900000 1526.00000 159.61000 26.59200 108.90200
 9 3 21 00 33 43840.80000 9.78900000 1528.03000 159.69000 26.59200 108.90200
 9 3 21 00 34 43904.90000 9.78900000 1530.00000 159.87000 26.59200 108.90200
 9 3 21 00 34 43882.10000 9.78900000 1529.34000 159.87000 26.59200 108.16900
 9 3 21 00 34 43887.60000 9.78900000 1529.21000 159.68000 26.59200 108.16900
 9 3 21 00 35 43897.60000 9.78900000 1530.07000 159.68000 26.74600 108.16900
 9 3 21 00 35 43934.90000 9.78400000 1531.08000 159.68000 26.74600 108.16900
 9 3 21 00 36 43938.60000 9.78400000 1531.85000 159.84000 26.74600 108.16900
 9 3 21 00 36 43976.10000 9.78400000 1531.20000 159.84000 26.74600 108.16900
 9 3 21 00 37 43980.50000 9.80000000 1531.49000 160.00000 26.74600 108.16900
 9 3 21 00 37 43980.00000 9.80000000 1531.33000 160.00000 26.74600 108.16900
 9 3 21 00 37 43980.00000 9.80000000 1532.11000 160.00000 26.74600 108.16900
 9 3 21 00 38 43952.60000 9.80000000 1531.05000 160.00000 26.74600 108.16900
 9 3 21 00 38 43942.00000 9.80000000 1531.06000 160.00000 26.74600 108.16900
 9 3 21 00 39 43944.10000 9.80000000 1531.24000 159.86000 26.74600 108.16900
 9 3 21 00 39 43944.10000 9.80000000 1532.46000 159.86000 26.74600 108.16900
 9 3 21 00 40 43952.90000 9.80000000 1533.01000 159.86000 26.74600 108.16900
 9 3 21 00 40 43948.50000 9.80000000 1533.12000 160.02000 26.74600 108.16900
 9 3 21 00 40 43953.60000 9.80000000 1533.30000 159.97000 26.74600 108.16900
 9 3 21 00 41 43982.70000 9.80000000 1536.00000 160.16000 26.74600 108.16900
 9 3 21 00 41 43981.60000 9.80600000 1536.00000 160.16000 26.74600 108.16900
 9 3 21 00 42 43957.20000 9.80600000 1535.99000 160.08000 26.74600 108.16900
 9 3 21 00 42 43933.20000 9.80600000 1535.99000 160.08000 26.74600 108.16900
 9 3 21 00 43 43935.50000 9.80600000 1534.50000 160.08000 26.74600 108.16900
 9 3 21 00 43 43930.10000 9.80600000 1534.76000 160.23000 26.74600 108.16900
 9 3 21 00 43 43930.10000 9.80600000 1534.00000 160.35000 26.74600 108.16900
 9 3 21 00 44 43947.40000 9.80600000 1534.00000 160.35000 26.74600 108.16900
 9 3 21 00 44 43942.60000 9.80600000 1534.00000 160.35000 26.74600 108.16900
 9 3 21 00 45 43942.60000 9.80600000 1534.00000 160.42000 26.74600 108.16900
 9 3 21 00 45 43942.60000 9.76700000 1534.00000 160.42000 26.74600 108.16900
 9 3 21 00 46 43942.60000 9.76700000 1530.72000 160.42000 26.74600 108.16900
 9 3 21 00 46 43930.00000 9.76700000 1530.62000 160.51000 26.74600 108.16900
 9 3 21 00 46 43951.60000 9.76700000 1532.54000 160.51000 26.74600 108.16900
 9 3 21 00 47 43975.30000 9.76700000 1532.72000 160.55000 26.74600 108.16900
 9 3 21 00 47 43985.00000 9.76700000 1532.73000 160.51000 26.74600 108.16900
 9 3 21 00 48 43976.90000 9.76700000 1532.72000 160.51000 26.30600 108.16900
 9 3 21 00 48 43976.80000 9.76700000 1532.72000 160.51000 26.30600 108.16900
 9 3 21 00 49 43962.20000 9.80600000 1533.00000 160.62000 26.30600 108.16900
 9 3 21 00 49 43933.90000 9.80600000 1533.00000 160.57000 26.30600 108.16900
 9 3 21 00 49 43955.30000 9.80600000 1534.05000 160.60000 26.30600 108.16900
 9 3 21 00 50 43950.90000 9.80600000 1534.05000 160.60000 26.30600 108.16900
 9 3 21 00 50 43955.70000 9.80600000 1534.05000 160.60000 26.30600 108.16900
 9 3 21 00 51 43957.30000 9.80600000 1536.20000 160.60000 26.30600 108.16900
 9 3 21 00 51 43951.20000 9.80600000 1534.28000 160.59000 26.30600 108.16900
 9 3 21 00 52 43945.90000 9.80600000 1533.39000 160.59000 26.30600 108.16900
 9 3 21 00 52 43930.00000 9.80600000 1533.67000 160.60000 26.30600 108.16900
 9 3 21 00 52 43930.30000 9.80600000 1534.63000 160.54000 26.30600 108.16900
 9 3 21 00 53 43930.00000 9.80600000 1534.55000 160.54000 26.30600 108.16900
 9 3 21 00 53 43930.00000 9.80600000 1533.86000 160.49000 26.76500 108.16900
 9 3 21 00 54 43925.00000 9.80600000 1533.20000 160.49000 26.76500 108.16900
 9 3 21 00 54 43885.00000 9.80600000 1530.25000 160.49000 26.77200 108.16900
 9 3 21 00 55 43866.90000 9.80600000 1530.86000 160.49000 26.77200 108.16900
 9 3 21 00 55 43867.00000 9.80600000 1530.88000 160.49000 26.55500 108.16900
 9 3 21 00 55 43888.80000 9.80600000 1531.70000 160.60000 26.55500 108.16900
 9 3 21 00 56 43870.10000 9.80600000 1530.61000 160.60000 26.55500 108.16900
 9 3 21 00 56 43892.40000 9.80600000 1530.09000 160.60000 26.55500 108.16900
 9 3 21 00 57 43859.50000 9.80600000 1529.09000 160.60000 26.55500 108.16900
 9 3 21 00 57 43864.30000 9.80600000 1529.09000 160.60000 26.55500 108.16900
 9 3 21 00 58 43867.30000 9.80600000 1529.33000 160.60000 26.55500 108.16900
 9 3 21 00 58 43865.00000 9.80600000 1529.33000 160.55000 26.55500 108.16900
 9 3 21 00 58 43882.50000 9.80600000 1530.01000 160.55000 26.55500 108.16900
 9 3 21 00 59 43900.80000 9.80600000 1530.53000 160.70000 26.55500 108.16900
 9 3 21 00 59 43912.70000 9.80600000 1531.78000 160.89000 26.55500 108.16900
 9 3 21 01 00 43912.80000 9.80600000 1531.56000 160.89000 26.55500 108.16900
