M=[
20 5 21 22 49 32824.00000 59.34300000 2269.00000 169.64000 27.30100 146.72900
20 5 21 22 49 32822.30000 59.39300000 2269.01000 169.64000 27.30100 146.75900
20 5 21 22 50 32868.50000 59.45400000 2270.72000 169.42000 27.30400 147.31700
20 5 21 22 50 32806.80000 59.45400000 2269.00000 169.63000 27.34000 146.85900
20 5 21 22 50 32843.40000 59.45400000 2267.10000 169.63000 27.34000 146.85900
20 5 21 22 51 32868.30000 59.52500000 2274.46000 169.78000 27.50700 146.85900
20 5 21 22 51 33049.70000 59.95900000 2286.00000 170.53000 27.50700 146.84100
20 5 21 22 52 33099.40000 59.97100000 2285.21000 171.01000 27.50700 147.60200
20 5 21 22 52 33204.90000 60.30900000 2287.44000 171.39000 27.50700 147.60200
20 5 21 22 53 33204.40000 60.41800000 2291.59000 171.67000 27.50700 147.60200
20 5 21 22 53 33448.40000 60.53200000 2301.38000 172.18000 27.50700 148.62100
20 5 21 22 53 33892.50000 61.36800000 2325.00000 174.16000 27.50700 150.02000
20 5 21 22 54 34111.20000 62.06600000 2332.72000 174.82000 27.61400 150.47700
20 5 21 22 54 33997.10000 61.61200000 2317.73000 174.43000 27.61400 150.15400
20 5 21 22 55 33867.90000 61.57900000 2316.78000 173.78000 27.61400 149.76900
20 5 21 22 55 34121.80000 61.61900000 2327.88000 175.16000 27.61400 150.75500
20 5 21 22 56 33957.40000 61.62400000 2324.84000 175.08000 27.93100 150.01700
20 5 21 22 56 33953.50000 61.38200000 2319.96000 174.89000 28.11700 150.28500
20 5 21 22 56 33948.40000 61.38600000 2319.66000 174.89000 28.14600 150.28500
20 5 21 22 57 33995.60000 61.14600000 2321.01000 174.26000 28.16000 150.28500
20 5 21 22 57 33919.70000 60.95700000 2328.33000 175.13000 28.16000 150.62100
20 5 21 22 58 33895.90000 60.85800000 2324.34000 174.65000 28.16000 150.62100
20 5 21 22 58 33934.50000 60.85800000 2324.13000 174.64000 28.16000 150.63100
20 5 21 22 59 33910.30000 60.85800000 2326.58000 175.34000 28.16000 150.63100
20 5 21 22 59 34137.30000 61.41800000 2336.52000 176.10000 28.16000 151.31300
20 5 21 22 59 34155.30000 61.64600000 2342.15000 175.65000 28.16500 151.64600
20 5 21 23 00 34170.80000 61.75300000 2342.29000 175.95000 28.16500 151.64600
20 5 21 23 00 34123.80000 61.94000000 2340.52000 175.12000 28.16500 151.30200
20 5 21 23 01 33953.40000 61.32400000 2319.64000 174.11000 28.15800 150.74900
20 5 21 23 01 33965.40000 61.32400000 2321.32000 173.99000 28.15800 149.92800
20 5 21 23 02 33903.40000 61.32400000 2324.74000 173.97000 28.15800 149.92800
20 5 21 23 02 33875.60000 61.16800000 2321.61000 173.63000 28.15800 149.87400
20 5 21 23 02 33817.40000 61.05600000 2314.33000 173.24000 27.95000 149.87400
20 5 21 23 03 33870.50000 61.05600000 2315.58000 173.47000 27.95000 149.87400
20 5 21 23 03 33811.50000 61.05600000 2312.82000 173.47000 27.95000 149.62900
20 5 21 23 04 33848.30000 61.05600000 2312.80000 173.21000 28.15800 149.96500
20 5 21 23 04 33844.40000 61.05600000 2314.59000 173.25000 28.15800 149.64500
20 5 21 23 05 33811.40000 61.05600000 2314.12000 173.25000 28.15800 149.64500
20 5 21 23 05 33730.50000 61.05600000 2306.73000 172.61000 28.15800 149.64500
20 5 21 23 05 33711.40000 61.05600000 2304.83000 172.36000 28.15800 149.64500
20 5 21 23 06 33690.00000 60.69100000 2303.82000 172.24000 28.15800 149.39000
20 5 21 23 06 33707.30000 60.69100000 2299.64000 172.53000 28.15800 149.39000
20 5 21 23 07 33649.60000 60.30200000 2295.98000 172.09000 28.15800 149.39000
20 5 21 23 07 33592.30000 60.30200000 2281.74000 171.80000 27.87300 148.35800
20 5 21 23 08 33566.90000 60.30200000 2280.07000 171.72000 27.87300 148.35800
20 5 21 23 08 33609.20000 60.05600000 2293.03000 172.16000 27.87300 148.63200
20 5 21 23 08 33645.30000 60.05600000 2284.50000 172.16000 27.87300 148.63200
20 5 21 23 09 33600.30000 60.05600000 2280.00000 172.16000 27.87300 148.63200
20 5 21 23 09 33667.30000 60.51800000 2284.86000 172.46000 27.87300 148.29300
20 5 21 23 10 33713.40000 60.51800000 2286.03000 172.46000 27.87300 148.29300
20 5 21 23 10 33766.00000 60.80500000 2290.46000 173.21000 27.87300 148.82500
20 5 21 23 11 33735.40000 60.96800000 2286.64000 173.19000 27.87300 148.82500
20 5 21 23 11 33571.00000 60.96800000 2274.26000 172.39000 27.87300 148.80700
20 5 21 23 11 33611.10000 60.96800000 2272.95000 172.58000 27.87300 148.73400
20 5 21 23 12 33788.30000 60.62200000 2280.34000 173.50000 27.87300 149.80000
20 5 21 23 12 33689.50000 60.78700000 2270.75000 173.23000 27.87300 149.42800
20 5 21 23 13 33596.10000 60.74200000 2268.35000 173.11000 27.87300 149.42800
20 5 21 23 13 33690.80000 61.30400000 2282.43000 173.85000 27.87300 149.57700
20 5 21 23 14 33726.60000 61.30400000 2282.43000 173.88000 27.87300 150.40600
20 5 21 23 14 33681.50000 61.34600000 2286.83000 173.26000 27.87300 150.57000
20 5 21 23 14 33700.00000 61.19400000 2281.56000 174.00000 28.11900 150.91700
20 5 21 23 15 33680.00000 61.41500000 2280.00000 173.46000 28.11900 150.71200
20 5 21 23 15 33651.50000 61.41500000 2279.04000 173.46000 28.11900 150.72200
20 5 21 23 16 33697.30000 61.41500000 2282.40000 173.73000 28.11900 150.72200
20 5 21 23 16 33690.00000 61.41500000 2282.32000 173.66000 28.11900 150.89100
20 5 21 23 17 33771.40000 61.85500000 2294.47000 174.42000 28.11900 150.89100
20 5 21 23 17 33939.30000 62.06600000 2311.85000 175.29000 28.11900 152.60000
20 5 21 23 17 33868.20000 62.06600000 2303.64000 175.29000 28.11900 152.12100
20 5 21 23 18 33805.30000 62.06600000 2287.86000 174.52000 27.94200 152.12100
20 5 21 23 18 33839.90000 62.38700000 2299.13000 175.26000 27.94200 152.12100
20 5 21 23 19 33767.40000 62.38700000 2291.80000 174.63000 27.94200 151.34600
20 5 21 23 19 33726.20000 62.38700000 2285.48000 174.38000 27.94200 150.93100
20 5 21 23 20 33717.10000 62.16200000 2285.04000 174.10000 27.94200 150.68500
20 5 21 23 20 33746.60000 62.35600000 2287.47000 174.34000 27.94200 150.68500
20 5 21 23 20 33715.80000 62.35600000 2285.91000 174.34000 27.94200 150.68500
20 5 21 23 21 33653.70000 62.08800000 2283.20000 173.79000 27.94200 150.68500
20 5 21 23 21 33694.30000 62.24700000 2286.42000 173.94000 28.09600 150.68500
20 5 21 23 22 33686.80000 62.24700000 2282.76000 173.94000 28.09600 150.68500
20 5 21 23 22 33697.30000 61.92000000 2284.70000 174.01000 28.09600 150.68500
20 5 21 23 23 33695.10000 62.01000000 2284.70000 174.01000 28.09600 150.68500
20 5 21 23 23 33706.50000 62.01000000 2290.61000 174.70000 28.09600 150.68500
20 5 21 23 23 33714.90000 62.01000000 2292.94000 175.41000 28.09600 150.68500
20 5 21 23 24 33760.30000 62.01000000 2293.49000 175.41000 28.09600 150.54000
20 5 21 23 24 33782.30000 62.01000000 2296.17000 174.77000 28.09600 150.54000
20 5 21 23 25 33782.90000 61.78800000 2294.72000 175.13000 28.09600 150.54000
20 5 21 23 25 33779.90000 61.68600000 2299.59000 174.94000 28.09600 150.54000
20 5 21 23 26 33768.10000 61.68600000 2298.60000 174.94000 28.09600 150.54000
20 5 21 23 26 33757.70000 61.68600000 2298.09000 175.00000 28.09600 150.54000
20 5 21 23 26 33779.90000 61.68600000 2300.31000 175.19000 28.09600 150.54000
20 5 21 23 27 33780.00000 61.68600000 2300.53000 175.35000 28.09600 150.54000
20 5 21 23 27 33757.20000 61.68600000 2298.16000 175.35000 28.09600 150.54000
20 5 21 23 28 33743.00000 61.68600000 2297.27000 175.35000 28.09600 150.54000
20 5 21 23 28 33725.60000 62.22200000 2296.80000 175.35000 28.09600 150.54000
20 5 21 23 29 33710.30000 62.07300000 2296.02000 175.35000 28.09600 150.54000
20 5 21 23 29 33744.50000 62.07300000 2297.60000 175.35000 28.09600 150.54000
20 5 21 23 29 33678.60000 62.07300000 2292.99000 175.28000 28.09600 150.54000
20 5 21 23 30 33698.30000 61.77500000 2294.18000 175.28000 28.09600 150.54000
20 5 21 23 30 33621.80000 61.77500000 2287.98000 174.80000 28.09600 150.54000
20 5 21 23 31 33628.30000 61.63800000 2286.31000 174.80000 28.09600 150.54000
20 5 21 23 31 33528.70000 61.63800000 2278.40000 174.80000 28.09600 150.54000
20 5 21 23 32 33544.20000 61.31700000 2277.84000 174.00000 28.09600 150.54000
20 5 21 23 32 33488.50000 61.31700000 2277.91000 174.00000 28.09600 150.54000
