M=[
13 6 20 04 42 8339.80000 5.62500000 209.28000 39.50000 12.82100 45.33800
13 6 20 04 42 8339.80000 5.62500000 209.27000 39.50000 12.82100 45.33800
13 6 20 04 43 8339.80000 5.62500000 209.27000 39.50000 12.80200 45.33800
13 6 20 04 43 8341.10000 5.62500000 209.29000 39.50000 12.80200 45.33800
13 6 20 04 44 8342.90000 5.62500000 209.27000 39.50000 12.86000 45.33800
13 6 20 04 44 8342.90000 5.66400000 209.18000 39.50000 12.86000 45.33800
13 6 20 04 45 8344.30000 5.62500000 209.18000 39.50000 12.82100 45.33800
13 6 20 04 45 8344.20000 5.62500000 209.20000 39.40000 12.86000 45.33800
13 6 20 04 45 8344.20000 5.62500000 209.20000 39.50000 12.86000 45.33800
13 6 20 04 46 8347.10000 5.62500000 209.20000 39.50000 12.86000 45.33800
13 6 20 04 46 8347.10000 5.62500000 209.31000 39.50000 12.86000 45.21500
13 6 20 04 47 8345.80000 5.62500000 209.31000 39.50000 12.86000 45.33800
13 6 20 04 47 8345.80000 5.62500000 209.31000 39.50000 12.86000 45.33800
13 6 20 04 48 8346.00000 5.62500000 209.31000 39.50000 12.86000 45.33800
13 6 20 04 48 8346.00000 5.66400000 209.31000 39.50000 12.86000 45.33800
13 6 20 04 49 8342.60000 5.62500000 209.31000 39.50000 12.86000 45.33800
13 6 20 04 49 8342.60000 5.62500000 209.31000 39.50000 12.86000 45.33800
13 6 20 04 49 8338.30000 5.62500000 209.28000 39.50000 12.86000 45.33800
13 6 20 04 50 8338.30000 5.62500000 209.28000 39.50000 12.86000 45.33800
13 6 20 04 50 8343.20000 5.62500000 209.30000 39.50000 12.86000 45.33800
13 6 20 04 51 8340.60000 5.62500000 209.33000 39.50000 12.86000 45.72000
13 6 20 04 51 8343.40000 5.66400000 209.33000 39.50000 12.86000 45.33800
13 6 20 04 52 8347.10000 5.62500000 209.47000 39.40000 12.86000 45.33800
13 6 20 04 52 8347.10000 5.62500000 209.47000 39.50000 12.86000 45.33800
13 6 20 04 53 8347.10000 5.62500000 209.47000 39.50000 12.86000 45.33800
13 6 20 04 53 8347.70000 5.62500000 209.50000 39.50000 12.86000 45.33800
13 6 20 04 54 8343.40000 5.62500000 209.51000 39.60000 12.86000 45.33800
13 6 20 04 54 8347.70000 5.62500000 209.51000 39.60000 12.86000 45.33800
13 6 20 04 54 8347.90000 5.62500000 209.51000 39.60000 12.86000 45.33800
13 6 20 04 55 8348.00000 5.62500000 209.51000 39.60000 12.86000 45.33800
13 6 20 04 55 8348.00000 5.62500000 209.51000 39.60000 12.86000 45.33800
13 6 20 04 56 8349.50000 5.62500000 209.51000 39.60000 12.86000 45.33800
13 6 20 04 56 8349.70000 5.62500000 209.51000 39.60000 12.86000 45.33800
13 6 20 04 57 8349.70000 5.62500000 209.52000 39.60000 12.86000 45.33800
13 6 20 04 57 8351.20000 5.62500000 209.52000 39.60000 12.86000 45.33800
13 6 20 04 58 8350.10000 5.62500000 209.52000 39.60000 12.80500 45.33800
13 6 20 04 58 8349.60000 5.62500000 209.52000 39.60000 12.86000 45.33800
13 6 20 04 59 8349.60000 5.62500000 209.52000 39.60000 12.86000 45.33800
13 6 20 04 59 8351.20000 5.62500000 209.49000 39.60000 12.86000 45.33800
13 6 20 04 59 8352.40000 5.62500000 209.48000 39.60000 12.86000 45.33800
13 6 20 05 00 8354.40000 5.62500000 209.48000 39.60000 12.86000 45.39700
13 6 20 05 00 8350.30000 5.62500000 209.38000 39.60000 12.86000 45.33800
13 6 20 05 01 8351.10000 5.62500000 209.38000 39.60000 12.86000 45.72000
13 6 20 05 01 8352.10000 5.62500000 209.37000 39.60000 12.86000 45.33800
13 6 20 05 02 8351.40000 5.62500000 209.37000 39.50000 12.80000 45.33800
13 6 20 05 02 8351.40000 5.62500000 209.32000 39.60000 12.80000 45.33800
13 6 20 05 03 8349.20000 5.62500000 209.37000 39.60000 12.80000 45.33800
13 6 20 05 03 8349.30000 5.62500000 209.45000 39.60000 12.80000 45.33800
13 6 20 05 03 8349.30000 5.62500000 209.44000 39.60000 12.72200 45.33800
13 6 20 05 04 8350.50000 5.62500000 209.44000 39.60000 12.72200 45.33800
13 6 20 05 04 8351.60000 5.62500000 209.44000 39.60000 12.72200 45.33800
13 6 20 05 05 8351.60000 5.62500000 209.44000 39.60000 12.72200 45.33800
13 6 20 05 05 8351.60000 5.62500000 209.44000 39.50000 12.72200 45.33800
13 6 20 05 06 8351.60000 5.62500000 209.44000 39.60000 12.72200 45.33800
13 6 20 05 06 8351.60000 5.62500000 209.44000 39.60000 12.72200 45.33800
13 6 20 05 07 8351.60000 5.62500000 209.44000 39.60000 12.72200 45.33800
13 6 20 05 07 8351.50000 5.62500000 209.40000 39.60000 12.72200 45.33800
13 6 20 05 08 8351.60000 5.62500000 209.40000 39.51000 12.72200 45.33800
13 6 20 05 08 8351.60000 5.62500000 209.40000 39.51000 12.72200 45.33800
13 6 20 05 08 8351.60000 5.62500000 209.33000 39.51000 12.72200 45.33800
13 6 20 05 09 8351.60000 5.62500000 209.33000 39.51000 12.72200 45.33800
13 6 20 05 09 8351.50000 5.62500000 209.33000 39.51000 12.72200 45.33800
13 6 20 05 10 8350.50000 5.62500000 209.33000 39.51000 12.72200 45.33800
13 6 20 05 10 8350.50000 5.62500000 209.32000 39.51000 12.72200 45.39700
13 6 20 05 11 8350.50000 5.62500000 209.32000 39.51000 12.72200 45.33800
13 6 20 05 11 8350.40000 5.62500000 209.33000 39.51000 12.72200 45.33800
13 6 20 05 12 8347.30000 5.62500000 209.32000 39.51000 12.72200 45.33800
13 6 20 05 12 8347.30000 5.62500000 209.32000 39.51000 12.72200 45.33800
13 6 20 05 12 8347.30000 5.62500000 209.32000 39.51000 12.72200 45.33800
13 6 20 05 13 8347.20000 5.62500000 209.33000 39.51000 12.72200 45.33800
13 6 20 05 13 8347.30000 5.62500000 209.33000 39.51000 12.72200 45.33800
13 6 20 05 14 8347.30000 5.62500000 209.33000 39.51000 12.72200 45.33800
13 6 20 05 14 8347.30000 5.62500000 209.33000 39.51000 12.72200 45.33800
13 6 20 05 15 8347.30000 5.62500000 209.33000 39.49000 12.72200 45.33800
13 6 20 05 15 8347.30000 5.62500000 209.33000 39.49000 12.72200 45.33800
13 6 20 05 16 8347.30000 5.62500000 209.27000 39.49000 12.72200 45.33800
13 6 20 05 16 8347.30000 5.62500000 209.27000 39.49000 12.72200 45.33800
13 6 20 05 17 8347.30000 5.62500000 209.28000 39.49000 12.72200 45.33800
13 6 20 05 17 8346.50000 5.66400000 209.28000 39.49000 12.72200 45.33800
13 6 20 05 17 8346.20000 5.62500000 209.27000 39.49000 12.72200 45.33800
13 6 20 05 18 8341.70000 5.66400000 209.27000 39.51000 12.72200 45.33800
13 6 20 05 18 8341.50000 5.62500000 209.28000 39.49000 12.72200 45.33800
13 6 20 05 19 8340.70000 5.62500000 209.28000 39.51000 12.72200 45.33800
13 6 20 05 19 8340.50000 5.62500000 209.28000 39.49000 12.72200 45.33800
13 6 20 05 20 8341.60000 5.62500000 209.28000 39.49000 12.72200 45.33800
13 6 20 05 20 8341.60000 5.62500000 209.28000 39.49000 12.72200 45.33800
13 6 20 05 21 8341.60000 5.62500000 209.28000 39.51000 12.72200 45.33800
13 6 20 05 21 8341.20000 5.62500000 209.28000 39.49000 12.72200 45.33800
13 6 20 05 21 8341.10000 5.62500000 209.28000 39.49000 12.72200 45.33800
13 6 20 05 22 8341.10000 5.62500000 209.28000 39.49000 12.72200 45.33800
13 6 20 05 22 8341.20000 5.62500000 209.28000 39.49000 12.72200 45.33800
13 6 20 05 23 8341.20000 5.62500000 209.28000 39.49000 12.72200 45.33800
13 6 20 05 23 8341.10000 5.62500000 209.28000 39.49000 12.72200 45.33800
13 6 20 05 24 8341.10000 5.62500000 209.28000 39.51000 12.72200 45.33800
13 6 20 05 24 8341.20000 5.62500000 209.28000 39.51000 12.72200 45.33800
13 6 20 05 25 8341.10000 5.62500000 209.28000 39.49000 12.72200 45.33800
13 6 20 05 25 8341.10000 5.62500000 209.28000 39.49000 12.72200 45.33800
13 6 20 05 26 8341.20000 5.62500000 209.27000 39.49000 12.72200 45.33800
13 6 20 05 26 8341.10000 5.66400000 209.27000 39.49000 12.72200 45.33800
13 6 20 05 27 8341.10000 5.62500000 209.20000 39.49000 12.72200 45.33800
13 6 20 05 27 8341.20000 5.62500000 209.20000 39.49000 12.72200 45.33800
13 6 20 05 27 8341.20000 5.62500000 209.20000 39.49000 12.72200 45.33800
13 6 20 05 28 8341.20000 5.62500000 209.20000 39.49000 12.72200 45.33800
13 6 20 05 28 8341.20000 5.62500000 209.20000 39.49000 12.72200 45.33800
13 6 20 05 29 8341.20000 5.62500000 209.20000 39.49000 12.72200 45.33800
13 6 20 05 29 8341.20000 5.62500000 209.20000 39.43000 12.72200 45.72000
13 6 20 05 30 8341.10000 5.62500000 209.20000 39.43000 12.72200 45.33800
13 6 20 05 30 8341.20000 5.62500000 209.20000 39.43000 12.72200 45.33800
13 6 20 05 31 8341.20000 5.66400000 209.20000 39.51000 12.72200 45.33800
