M=[
24 6 21 23 23 29142.60000 36.17800000 1670.15000 112.33000 15.55400 94.08500
24 6 21 23 24 29152.10000 36.17800000 1670.15000 112.33000 15.55400 94.08500
24 6 21 23 24 29174.90000 36.17800000 1671.67000 112.91000 15.55400 94.08500
24 6 21 23 25 29164.20000 36.17800000 1671.74000 112.91000 15.55400 94.08500
24 6 21 23 25 29152.20000 36.17800000 1671.74000 112.91000 15.55400 94.08500
24 6 21 23 26 29152.20000 36.26600000 1670.11000 112.91000 15.55400 94.08500
24 6 21 23 26 29136.90000 36.26600000 1670.11000 112.67000 15.55400 94.08500
24 6 21 23 26 29134.20000 36.26600000 1670.11000 112.67000 15.55400 94.08500
24 6 21 23 27 29113.10000 36.26600000 1667.96000 112.67000 15.55400 94.08500
24 6 21 23 27 29124.80000 36.26600000 1667.96000 112.67000 15.55400 94.08500
24 6 21 23 28 29130.90000 36.41300000 1667.96000 112.67000 15.55400 94.08500
24 6 21 23 28 29121.20000 36.41300000 1668.96000 112.67000 15.55400 94.08500
24 6 21 23 29 29113.10000 36.41300000 1668.97000 112.48000 15.55400 94.08500
24 6 21 23 29 29113.10000 36.41300000 1668.97000 112.48000 15.55400 94.08500
24 6 21 23 29 29112.80000 36.41300000 1668.16000 112.59000 15.55400 94.08500
24 6 21 23 30 29112.90000 36.41300000 1668.16000 112.51000 15.55400 94.08500
24 6 21 23 30 29112.90000 36.41300000 1669.03000 112.51000 15.55400 94.08500
24 6 21 23 31 29128.60000 36.41300000 1670.27000 112.70000 15.55400 94.08500
24 6 21 23 31 29115.90000 36.41300000 1669.36000 112.70000 15.55400 94.08500
24 6 21 23 32 29115.90000 36.41300000 1669.36000 112.70000 15.55400 94.08500
24 6 21 23 32 29114.00000 36.41300000 1668.33000 112.70000 15.55400 94.08500
24 6 21 23 32 29114.10000 36.41300000 1668.33000 112.70000 15.55400 94.08500
24 6 21 23 33 29129.90000 36.41300000 1668.33000 112.70000 15.55400 94.08500
24 6 21 23 33 29119.40000 36.41300000 1668.33000 112.70000 15.55400 94.08500
24 6 21 23 34 29120.40000 36.41300000 1666.92000 112.70000 15.55400 94.08500
24 6 21 23 34 29114.00000 36.41300000 1666.92000 112.65000 15.55400 94.08500
24 6 21 23 35 29114.10000 36.41300000 1666.47000 112.65000 15.55400 94.08500
24 6 21 23 35 29114.00000 36.41300000 1666.47000 112.62000 15.55400 94.08500
24 6 21 23 35 29114.10000 36.41300000 1666.95000 112.62000 15.55400 94.08500
24 6 21 23 36 29114.10000 36.41300000 1666.95000 112.64000 15.55400 94.08500
24 6 21 23 36 29083.50000 36.41300000 1666.30000 112.55000 15.55400 94.08500
24 6 21 23 37 29071.20000 36.41300000 1665.36000 112.41000 15.55400 94.08500
24 6 21 23 37 29071.20000 36.41300000 1664.88000 112.42000 15.55400 94.08500
24 6 21 23 38 29071.20000 36.41300000 1665.81000 112.42000 15.55400 94.08500
24 6 21 23 38 29061.50000 36.41300000 1665.81000 112.42000 15.55400 94.08500
24 6 21 23 38 29061.50000 36.41300000 1665.50000 112.42000 15.55400 94.08500
24 6 21 23 39 29061.50000 36.41300000 1666.00000 112.62000 15.55400 94.08500
24 6 21 23 39 29030.70000 36.41300000 1666.59000 112.62000 15.55400 94.08500
24 6 21 23 40 29030.70000 36.41300000 1666.59000 112.62000 15.55400 94.08500
24 6 21 23 40 29013.00000 36.17000000 1664.92000 112.49000 15.55400 94.08500
24 6 21 23 41 29010.60000 36.17000000 1662.61000 112.49000 15.55400 94.08500
24 6 21 23 41 28990.60000 36.17000000 1662.97000 112.49000 15.55400 94.08500
24 6 21 23 41 28990.60000 36.17000000 1662.97000 112.49000 15.55400 94.08500
24 6 21 23 42 28990.60000 36.17000000 1662.97000 112.49000 15.55400 94.08500
24 6 21 23 42 28990.20000 36.17000000 1662.97000 112.49000 15.55400 94.08500
24 6 21 23 43 28988.00000 36.17000000 1662.36000 112.49000 15.55400 94.08500
24 6 21 23 43 28965.10000 36.17000000 1662.36000 112.49000 15.55400 94.08500
24 6 21 23 44 28962.10000 36.17000000 1662.36000 112.49000 15.55400 94.08500
24 6 21 23 44 28970.20000 36.17000000 1661.20000 112.49000 15.55400 94.08500
24 6 21 23 44 28970.20000 36.17000000 1661.20000 112.31000 15.55400 94.08500
24 6 21 23 45 28962.10000 36.17000000 1661.37000 112.31000 15.55400 94.08500
24 6 21 23 45 28988.30000 36.03500000 1662.78000 112.31000 15.55400 94.08500
24 6 21 23 46 28998.00000 36.03500000 1664.33000 112.31000 15.55400 94.08500
24 6 21 23 46 28996.40000 36.03500000 1664.33000 112.31000 15.55400 94.08500
24 6 21 23 47 29008.90000 36.03500000 1664.67000 112.31000 15.55400 94.08500
24 6 21 23 47 29005.10000 36.03500000 1664.68000 112.31000 15.55400 94.08500
24 6 21 23 47 29005.20000 36.03500000 1663.59000 112.31000 15.55400 94.08500
24 6 21 23 48 29022.50000 36.03500000 1664.82000 112.31000 15.55400 94.08500
24 6 21 23 48 29016.80000 36.03500000 1664.82000 112.31000 15.55400 94.08500
24 6 21 23 49 29015.90000 36.03500000 1664.82000 112.51000 15.55400 94.08500
24 6 21 23 49 29010.90000 36.03500000 1664.82000 112.51000 15.55400 94.08500
24 6 21 23 50 29028.70000 36.17500000 1664.82000 112.51000 15.55400 94.08500
24 6 21 23 50 29028.70000 36.17500000 1665.78000 112.63000 15.55400 94.08500
24 6 21 23 50 29030.50000 36.17500000 1665.34000 112.63000 15.55400 94.08500
24 6 21 23 51 29015.00000 36.17500000 1664.95000 112.63000 15.55400 94.08500
24 6 21 23 51 28995.30000 36.10400000 1663.53000 112.63000 15.55400 94.08500
24 6 21 23 52 28995.30000 36.10400000 1663.53000 112.63000 15.55400 94.08500
24 6 21 23 52 28978.80000 36.10400000 1663.53000 112.63000 15.55400 94.08500
24 6 21 23 53 28978.80000 36.10400000 1663.20000 112.36000 15.55400 94.08500
24 6 21 23 53 28968.20000 36.10400000 1663.20000 112.36000 15.55400 94.08500
24 6 21 23 53 28972.20000 36.10400000 1662.18000 112.29000 15.55400 94.08500
24 6 21 23 54 28962.90000 36.10400000 1661.83000 112.29000 15.55400 94.08500
24 6 21 23 54 28967.60000 36.00600000 1661.83000 112.29000 15.55400 94.08500
24 6 21 23 55 28974.70000 36.00600000 1663.54000 112.24000 15.55400 94.08500
24 6 21 23 55 28978.00000 36.00600000 1663.54000 112.24000 15.55400 94.08500
24 6 21 23 56 28992.40000 36.00600000 1664.10000 112.24000 15.55400 94.08500
24 6 21 23 56 29008.40000 36.00600000 1664.10000 112.45000 15.55400 94.08500
24 6 21 23 56 29008.30000 36.00600000 1663.17000 112.45000 15.55400 94.08500
24 6 21 23 57 29027.70000 36.00600000 1664.31000 112.45000 15.55400 94.08500
24 6 21 23 57 29041.50000 36.00600000 1665.78000 112.45000 15.55400 94.08500
24 6 21 23 58 29053.50000 36.00600000 1665.78000 112.45000 15.55400 94.08500
24 6 21 23 58 29053.40000 36.00600000 1665.78000 112.45000 15.55400 94.08500
24 6 21 23 59 29046.30000 36.00600000 1665.78000 112.45000 15.55400 94.08500
24 6 21 23 59 29043.50000 36.14500000 1666.30000 112.45000 15.55400 94.38900
24 6 21 23 59 29043.40000 36.14500000 1666.30000 112.45000 15.55400 94.38900
25 6 21 00 00 29061.50000 36.18200000 1669.20000 112.78000 15.68400 94.62500
25 6 21 00 00 29091.90000 36.18200000 1670.25000 113.01000 15.68400 94.62500
25 6 21 00 01 29055.90000 36.18200000 1669.87000 113.01000 15.68400 94.62500
25 6 21 00 01 29030.20000 36.21300000 1668.17000 113.10000 15.68400 94.53900
25 6 21 00 02 29057.90000 36.15200000 1668.17000 113.17000 15.68100 94.53900
25 6 21 00 02 29088.50000 36.07700000 1669.11000 113.19000 15.68100 94.53900
25 6 21 00 02 29114.10000 36.07700000 1670.41000 113.19000 15.68100 94.53900
25 6 21 00 03 29095.30000 36.07700000 1671.02000 113.19000 15.68100 94.53900
25 6 21 00 03 29120.40000 36.07700000 1673.00000 113.37000 15.68100 94.53900
25 6 21 00 04 29142.00000 36.07700000 1674.70000 113.37000 15.68100 94.53900
25 6 21 00 04 29154.60000 36.58600000 1674.63000 113.57000 15.68100 94.53900
25 6 21 00 05 29134.20000 36.66000000 1674.63000 113.78000 15.68100 94.53900
25 6 21 00 05 29116.60000 36.66000000 1672.22000 113.78000 15.63300 94.53900
25 6 21 00 05 29116.20000 36.72900000 1672.22000 113.78000 15.63300 94.53900
25 6 21 00 06 29172.00000 37.00000000 1675.20000 113.80000 15.63300 94.53900
25 6 21 00 06 29189.30000 37.25100000 1677.00000 113.99000 15.63300 94.53900
25 6 21 00 07 29182.00000 37.42500000 1677.00000 114.00000 15.63300 94.53900
25 6 21 00 07 29189.20000 37.69000000 1677.86000 114.05000 15.63300 94.53900
