M=[
 1 8 20 15 34 9890.80000 6.39100000 303.29000 50.59000 17.35900 71.10300
 1 8 20 15 35 9894.90000 6.39100000 303.48000 50.59000 17.35900 71.10300
 1 8 20 15 35 9894.90000 6.39100000 303.49000 50.61000 17.35900 70.88100
 1 8 20 15 36 9895.00000 6.39100000 303.47000 50.61000 17.43000 70.88100
 1 8 20 15 36 9895.10000 6.39100000 303.45000 50.61000 17.43000 70.88100
 1 8 20 15 37 9895.10000 6.39100000 303.42000 50.61000 17.43000 70.88100
 1 8 20 15 37 9895.00000 6.39100000 303.43000 50.61000 17.43000 70.88100
 1 8 20 15 37 9897.70000 6.39100000 303.44000 50.61000 17.43000 70.88100
 1 8 20 15 38 9897.50000 6.39100000 303.45000 50.61000 17.43000 71.03400
 1 8 20 15 38 9897.60000 6.39100000 303.45000 50.61000 17.43000 71.03400
 1 8 20 15 39 9898.60000 6.39100000 303.45000 50.61000 17.43000 71.03400
 1 8 20 15 39 9898.70000 6.39100000 303.45000 50.61000 17.43000 71.03400
 1 8 20 15 40 9898.60000 6.39100000 303.45000 50.61000 17.43000 71.03400
 1 8 20 15 40 9895.00000 6.39100000 303.52000 50.60000 17.48000 71.03400
 1 8 20 15 41 9895.00000 6.39100000 303.80000 50.60000 17.48000 71.03400
 1 8 20 15 41 9900.90000 6.39100000 303.89000 50.60000 17.47000 71.03400
 1 8 20 15 42 9901.00000 6.39100000 303.95000 50.60000 17.47000 71.03400
 1 8 20 15 42 9901.00000 6.39100000 304.31000 50.66000 17.47000 71.03400
 1 8 20 15 43 9908.90000 6.39100000 304.41000 50.67000 17.47000 71.03400
 1 8 20 15 43 9908.90000 6.39100000 304.44000 50.72000 17.47000 71.03400
 1 8 20 15 44 9909.90000 6.39100000 304.58000 50.72000 17.47000 71.03400
 1 8 20 15 44 9911.60000 6.41000000 304.57000 50.72000 17.47000 71.03400
 1 8 20 15 45 9911.60000 6.41000000 304.42000 50.72000 17.47000 71.03400
 1 8 20 15 45 9914.70000 6.41000000 304.51000 50.72000 17.47000 71.03400
 1 8 20 15 46 9913.00000 6.41000000 304.59000 50.72000 17.47000 70.97500
 1 8 20 15 46 9912.20000 6.41000000 304.70000 50.72000 17.47000 70.97500
 1 8 20 15 46 9912.50000 6.41000000 304.74000 50.72000 17.47000 70.97500
 1 8 20 15 47 9912.50000 6.41000000 304.76000 50.72000 17.47000 71.03300
 1 8 20 15 47 9912.40000 6.41000000 304.68000 50.72000 17.47000 71.26500
 1 8 20 15 48 9912.50000 6.41000000 304.72000 50.80000 17.47000 71.26500
 1 8 20 15 48 9912.20000 6.41000000 304.73000 50.80000 17.47000 71.26500
 1 8 20 15 49 9912.50000 6.41000000 304.70000 50.80000 17.47000 71.66000
 1 8 20 15 49 9912.30000 6.41000000 304.78000 50.80000 17.47000 71.66000
 1 8 20 15 50 9911.30000 6.41000000 304.84000 50.80000 17.47000 71.81000
 1 8 20 15 50 9911.40000 6.41000000 304.75000 50.79000 17.47000 72.00000
 1 8 20 15 51 9904.00000 6.41000000 304.47000 50.79000 17.47000 71.86000
 1 8 20 15 51 9903.40000 6.41000000 304.41000 50.79000 17.47000 71.86000
 1 8 20 15 52 9901.50000 6.41000000 304.28000 50.79000 17.47000 71.92500
 1 8 20 15 52 9902.20000 6.42100000 304.10000 50.79000 17.47000 71.83700
 1 8 20 15 53 9900.00000 6.42100000 304.10000 50.79000 17.47000 71.47000
 1 8 20 15 53 9900.10000 6.42300000 304.13000 50.79000 17.47000 71.67400
 1 8 20 15 54 9900.10000 6.42300000 304.16000 50.79000 17.47000 71.67400
 1 8 20 15 54 9899.00000 6.43000000 304.16000 50.69000 17.47000 71.92500
 1 8 20 15 55 9900.10000 6.43000000 304.47000 50.69000 17.47000 71.87500
 1 8 20 15 55 9900.10000 6.43000000 304.57000 50.70000 17.47000 71.87500
 1 8 20 15 55 9900.00000 6.47000000 304.75000 50.70000 17.47000 71.79000
 1 8 20 15 56 9900.00000 6.47000000 304.75000 50.70000 17.47000 71.79000
 1 8 20 15 56 9899.90000 6.47000000 304.71000 50.70000 17.47000 71.78000
 1 8 20 15 57 9899.90000 6.47000000 304.77000 50.80000 17.47000 71.78000
 1 8 20 15 57 9899.90000 6.47000000 304.83000 50.80000 17.47000 71.91000
 1 8 20 15 58 9900.00000 6.47000000 304.80000 50.80000 17.47000 71.91000
 1 8 20 15 58 9900.40000 6.47000000 304.80000 50.80000 17.47000 71.92500
 1 8 20 15 59 9903.70000 6.47000000 304.90000 50.80000 17.47000 72.11000
 1 8 20 15 59 9903.80000 6.47000000 304.93000 50.80000 17.47000 72.28000
 1 8 20 16 00 9903.80000 6.47000000 304.82000 50.80000 17.47000 72.28000
 1 8 20 16 00 9903.80000 6.47000000 304.82000 50.80000 17.47000 72.71700
 1 8 20 16 01 9903.70000 6.47000000 304.77000 50.80000 17.47000 72.61100
 1 8 20 16 01 9899.60000 6.47000000 304.75000 50.80000 17.47000 72.76300
 1 8 20 16 02 9899.60000 6.47000000 304.75000 50.80000 17.47000 72.76300
 1 8 20 16 02 9899.60000 6.47000000 304.75000 50.80000 17.47000 72.76300
 1 8 20 16 03 9905.00000 6.47000000 304.75000 50.80000 17.47000 72.76300
 1 8 20 16 03 9905.00000 6.47000000 304.75000 50.80000 17.47000 72.76300
 1 8 20 16 03 9905.00000 6.47000000 304.88000 50.80000 17.47000 72.81000
 1 8 20 16 04 9904.90000 6.47000000 305.00000 50.81000 17.47000 73.40900
 1 8 20 16 04 9905.00000 6.47000000 305.00000 50.81000 17.47000 73.40900
 1 8 20 16 05 9905.00000 6.47000000 305.00000 50.92000 17.47000 73.40900
 1 8 20 16 05 9901.50000 6.47000000 304.85000 50.92000 17.47000 73.40900
 1 8 20 16 06 9900.80000 6.47000000 304.86000 50.92000 17.47000 74.33300
 1 8 20 16 06 9895.10000 6.47000000 304.86000 50.92000 17.47000 74.69100
 1 8 20 16 07 9895.10000 6.47000000 304.86000 50.92000 17.47000 74.69100
 1 8 20 16 07 9896.10000 6.47000000 304.86000 50.92000 17.47000 74.69100
 1 8 20 16 08 9896.60000 6.47000000 304.86000 50.92000 17.47000 74.69100
 1 8 20 16 08 9896.50000 6.47000000 304.93000 50.92000 17.47000 74.51000
 1 8 20 16 08 9902.30000 6.47000000 304.74000 50.92000 17.47000 73.89000
 1 8 20 16 09 9897.60000 6.47000000 304.98000 50.92000 17.56500 74.34800
 1 8 20 16 09 9904.90000 6.47000000 304.99000 50.92000 17.56500 74.34800
 1 8 20 16 10 9904.80000 6.48000000 304.99000 50.92000 17.56500 74.58000
 1 8 20 16 10 9905.00000 6.48000000 305.00000 50.91000 17.56500 74.80000
 1 8 20 16 11 9905.00000 6.47100000 305.24000 50.91000 17.56500 74.80000
 1 8 20 16 11 9904.50000 6.47100000 305.16000 50.94000 17.56500 74.80000
 1 8 20 16 12 9904.90000 6.48700000 305.23000 50.94000 17.56500 75.33900
 1 8 20 16 12 9905.00000 6.53800000 305.29000 51.00000 17.56500 75.50800
 1 8 20 16 13 9905.00000 6.53800000 305.30000 51.09000 17.56500 75.60600
 1 8 20 16 13 9914.90000 6.53800000 305.50000 51.12000 17.56500 75.50800
 1 8 20 16 14 9910.70000 6.53800000 305.58000 51.13000 17.56500 75.50800
 1 8 20 16 14 9915.90000 6.50800000 305.60000 51.13000 17.56500 75.12100
 1 8 20 16 15 9916.80000 6.50800000 305.75000 51.13000 17.56500 75.09000
 1 8 20 16 15 9920.40000 6.50800000 305.75000 51.13000 17.56500 75.47800
 1 8 20 16 16 9926.20000 6.50800000 305.75000 51.13000 17.56500 75.62500
 1 8 20 16 16 9925.00000 6.50800000 305.90000 51.13000 17.56500 75.20000
 1 8 20 16 17 9925.00000 6.50800000 305.99000 51.13000 17.53500 75.20000
 1 8 20 16 17 9925.00000 6.51400000 306.05000 51.19000 17.53500 75.20000
 1 8 20 16 17 9925.10000 6.51400000 306.05000 51.19000 17.46200 74.50100
 1 8 20 16 18 9925.10000 6.51400000 306.24000 51.19000 17.52900 74.59400
 1 8 20 16 18 9925.10000 6.51400000 306.24000 51.19000 17.46200 74.59400
 1 8 20 16 19 9925.00000 6.51400000 305.95000 51.04000 17.44700 74.59400
 1 8 20 16 19 9913.70000 6.51400000 305.53000 50.93000 17.54700 74.63800
 1 8 20 16 20 9916.60000 6.51400000 305.70000 51.10000 17.52800 74.37900
 1 8 20 16 20 9915.30000 6.51400000 306.11000 51.10000 17.52800 74.60900
 1 8 20 16 21 9923.10000 6.50300000 306.09000 51.07000 17.52800 74.73300
 1 8 20 16 21 9919.80000 6.50300000 306.20000 51.07000 17.52800 74.65500
 1 8 20 16 22 9921.80000 6.50300000 306.27000 51.03000 17.52800 74.65500
 1 8 20 16 22 9919.60000 6.50300000 306.37000 51.03000 17.59800 74.65500
 1 8 20 16 23 9918.20000 6.50300000 306.40000 51.03000 17.59800 74.65500
 1 8 20 16 23 9920.80000 6.50300000 306.39000 51.03000 17.59800 74.65500
 1 8 20 16 23 9926.10000 6.50300000 306.50000 51.03000 17.59800 74.65500
 1 8 20 16 24 9925.40000 6.51400000 306.44000 51.03000 17.54800 74.65500
 1 8 20 16 24 9926.30000 6.51400000 306.52000 51.03000 17.54800 75.35800
 1 8 20 16 25 9923.10000 6.51400000 306.69000 51.19000 17.54800 75.43000
