M=[
11 2 21 23 48 39410.30000 9.62300000 1472.00000 153.01000 23.69500 117.41800
11 2 21 23 48 39401.00000 9.62300000 1470.75000 153.01000 23.65400 117.41800
11 2 21 23 49 39414.10000 9.60100000 1470.75000 152.94000 23.65400 117.03800
11 2 21 23 49 39391.60000 9.60100000 1470.74000 152.87000 23.65400 117.03800
11 2 21 23 49 39415.50000 9.60100000 1470.75000 152.74000 23.65400 117.03800
11 2 21 23 50 39420.00000 9.60100000 1470.74000 152.75000 23.65400 117.03800
11 2 21 23 50 39441.90000 9.60100000 1470.75000 152.66000 23.65400 117.03800
11 2 21 23 51 39475.00000 9.60100000 1472.09000 152.73000 23.65400 117.03800
11 2 21 23 51 39475.00000 9.60100000 1471.74000 152.57000 23.65400 117.03800
11 2 21 23 52 39473.00000 9.60100000 1470.75000 152.41000 23.65400 117.03800
11 2 21 23 52 39520.00000 9.60100000 1470.75000 152.41000 23.65400 117.03800
11 2 21 23 52 39586.20000 9.60100000 1473.61000 152.60000 23.65400 117.03800
11 2 21 23 53 39543.10000 9.60100000 1472.26000 152.28000 23.65400 117.03800
11 2 21 23 53 39506.70000 9.56200000 1471.63000 152.19000 23.65400 117.03800
11 2 21 23 54 39334.90000 9.56200000 1469.41000 151.82000 23.57600 117.03800
11 2 21 23 54 39332.80000 9.56200000 1467.00000 151.63000 23.57600 117.03800
11 2 21 23 55 39417.90000 9.56200000 1469.00000 152.04000 23.57600 117.14600
11 2 21 23 55 39517.40000 9.56200000 1470.13000 152.36000 23.57600 117.14600
11 2 21 23 55 39507.70000 9.59900000 1473.43000 152.13000 23.51000 117.74600
11 2 21 23 56 39425.30000 9.59900000 1471.09000 151.70000 23.41400 117.41000
11 2 21 23 56 39485.30000 9.59900000 1471.22000 152.05000 23.40000 117.41000
11 2 21 23 57 39505.00000 9.59900000 1471.31000 152.05000 23.40000 117.41000
11 2 21 23 57 39565.70000 9.59900000 1471.31000 152.39000 23.16400 117.41000
11 2 21 23 58 39545.70000 9.63800000 1473.72000 152.21000 23.16400 117.41000
11 2 21 23 58 39566.40000 9.66600000 1474.49000 152.19000 23.17800 117.41000
11 2 21 23 58 39613.50000 9.73900000 1474.23000 152.31000 23.09200 117.41000
11 2 21 23 59 39586.30000 9.73900000 1474.59000 152.19000 22.83700 117.39000
11 2 21 23 59 39549.80000 9.73900000 1474.25000 151.78000 23.36900 117.39000
12 2 21 00 00 39580.10000 9.73900000 1473.97000 151.60000 23.48200 117.47200
12 2 21 00 00 39624.40000 9.72500000 1475.00000 152.29000 23.48200 117.47200
12 2 21 00 01 39650.00000 9.74000000 1476.45000 152.32000 23.48200 117.83700
12 2 21 00 01 39705.90000 9.75200000 1476.64000 152.32000 23.48200 117.83700
12 2 21 00 01 39699.80000 9.75200000 1478.40000 152.32000 23.48200 117.83700
12 2 21 00 02 39590.70000 9.76900000 1477.00000 152.32000 23.48200 117.64000
12 2 21 00 02 39621.90000 9.76800000 1476.50000 151.93000 23.48200 118.13600
12 2 21 00 03 39700.00000 9.78700000 1476.45000 152.09000 23.48200 118.13600
12 2 21 00 03 39747.60000 9.80200000 1477.51000 152.40000 23.48800 118.31600
12 2 21 00 04 39753.60000 9.80900000 1477.79000 152.09000 23.48800 118.31600
12 2 21 00 04 39790.00000 9.80900000 1478.45000 152.50000 23.48800 118.36000
12 2 21 00 04 39800.00000 9.79800000 1479.00000 152.50000 23.48800 118.37600
12 2 21 00 05 39791.70000 9.76200000 1479.44000 152.41000 23.48800 118.30400
12 2 21 00 05 39790.90000 9.73600000 1479.45000 152.41000 23.48800 118.30400
12 2 21 00 06 39820.00000 9.71500000 1479.99000 152.86000 23.48800 118.45800
12 2 21 00 06 39882.50000 9.74100000 1480.00000 153.13000 23.48800 118.53400
12 2 21 00 07 39882.60000 9.74100000 1481.00000 153.16000 23.48800 118.58600
12 2 21 00 07 39897.00000 9.74100000 1481.52000 153.49000 23.48800 118.58600
12 2 21 00 08 39938.50000 9.73700000 1481.87000 153.60000 23.48800 118.58600
12 2 21 00 08 39903.70000 9.73700000 1481.18000 153.62000 23.48800 118.58600
12 2 21 00 08 39911.70000 9.73700000 1481.97000 153.68000 23.14200 118.58600
12 2 21 00 09 39938.30000 9.73700000 1482.85000 154.08000 23.14200 118.62600
12 2 21 00 09 39989.90000 9.73700000 1482.83000 154.17000 23.14200 118.62600
12 2 21 00 10 39992.70000 9.73700000 1481.52000 154.43000 23.14200 118.85100
12 2 21 00 10 39990.80000 9.73700000 1480.43000 154.56000 23.14200 118.94100
12 2 21 00 11 39999.00000 9.73700000 1477.96000 154.46000 23.14200 118.94100
12 2 21 00 11 40080.00000 9.73700000 1477.71000 154.56000 23.30700 118.94100
12 2 21 00 11 40192.00000 9.73700000 1480.08000 155.12000 23.30700 118.94100
12 2 21 00 12 40101.10000 9.73700000 1478.30000 154.69000 23.30700 118.94100
12 2 21 00 12 40143.80000 9.73700000 1481.33000 155.17000 23.30700 118.94100
12 2 21 00 13 40115.20000 9.73700000 1481.61000 154.91000 23.30700 118.32700
12 2 21 00 13 40017.80000 9.69700000 1480.31000 154.53000 23.30700 118.08400
12 2 21 00 14 39900.40000 9.69700000 1480.10000 153.94000 23.30700 117.84700
12 2 21 00 14 39978.30000 9.62600000 1481.88000 153.94000 23.30700 117.84700
12 2 21 00 14 39859.80000 9.62600000 1479.13000 153.64000 23.30700 117.84700
12 2 21 00 15 39922.90000 9.62600000 1478.45000 153.73000 23.30700 117.84700
12 2 21 00 15 39765.50000 9.62600000 1474.89000 153.19000 23.30700 117.66400
12 2 21 00 16 39783.10000 9.66200000 1475.85000 152.92000 23.30700 117.60100
12 2 21 00 16 39862.20000 9.66200000 1476.39000 153.12000 23.30700 117.60100
12 2 21 00 17 39875.70000 9.66200000 1476.90000 153.00000 23.30700 117.60100
12 2 21 00 17 39892.70000 9.65000000 1477.00000 153.13000 23.30700 117.60100
12 2 21 00 17 39890.60000 9.65000000 1476.57000 153.13000 23.30700 117.60100
12 2 21 00 18 39944.40000 9.65000000 1477.01000 153.95000 23.30700 117.94800
12 2 21 00 18 40053.10000 9.72000000 1478.68000 154.15000 23.30700 117.94800
12 2 21 00 19 40068.10000 9.72000000 1481.04000 154.57000 23.30700 117.94800
12 2 21 00 19 40002.20000 9.72000000 1479.66000 154.57000 23.30700 117.94800
12 2 21 00 20 40061.40000 9.72000000 1480.00000 153.91000 23.30700 117.94800
12 2 21 00 20 40173.40000 9.72000000 1483.39000 154.55000 23.30700 118.94000
12 2 21 00 20 40174.90000 9.72000000 1484.66000 154.52000 23.30700 119.00000
12 2 21 00 21 40159.10000 9.71000000 1483.42000 154.13000 23.30700 119.00000
12 2 21 00 21 40163.40000 9.69300000 1483.11000 154.19000 23.30700 119.00000
12 2 21 00 22 40159.00000 9.69300000 1481.86000 154.10000 23.30700 119.00000
12 2 21 00 22 40141.40000 9.69300000 1480.91000 154.10000 23.30700 119.00000
12 2 21 00 23 40133.90000 9.69300000 1480.99000 154.10000 23.30700 118.39300
12 2 21 00 23 40034.00000 9.69300000 1480.90000 153.54000 23.30700 118.39300
12 2 21 00 23 40029.20000 9.69300000 1480.87000 153.54000 23.30700 118.39300
12 2 21 00 24 40029.20000 9.69300000 1482.61000 153.54000 23.47400 118.39300
12 2 21 00 24 40029.30000 9.72300000 1481.43000 153.54000 23.47400 118.39300
12 2 21 00 25 40056.90000 9.71900000 1481.66000 153.65000 23.47400 118.39300
12 2 21 00 25 40058.90000 9.71900000 1481.66000 153.64000 23.47400 118.39300
12 2 21 00 26 40103.50000 9.71900000 1481.98000 153.64000 23.48500 119.14600
12 2 21 00 26 40109.50000 9.71900000 1482.67000 153.60000 23.48500 119.41800
12 2 21 00 26 40075.00000 9.71900000 1482.58000 153.50000 23.48500 119.41800
12 2 21 00 27 40086.70000 9.71900000 1482.24000 153.50000 23.48500 119.41800
12 2 21 00 27 39923.30000 9.71900000 1480.86000 153.45000 23.48500 119.41800
12 2 21 00 28 39923.70000 9.69500000 1480.57000 153.21000 23.47700 119.41800
12 2 21 00 28 39900.00000 9.69500000 1481.30000 153.21000 23.47700 119.41800
12 2 21 00 29 39801.30000 9.69500000 1480.46000 153.19000 23.47700 119.41800
12 2 21 00 29 39880.40000 9.67900000 1481.46000 153.21000 23.47700 119.60700
12 2 21 00 29 39928.00000 9.67900000 1481.46000 153.50000 23.47700 120.22900
12 2 21 00 30 39855.80000 9.67900000 1481.36000 153.55000 23.47700 119.76800
12 2 21 00 30 39874.10000 9.67900000 1480.70000 153.55000 23.47700 119.74000
12 2 21 00 31 39908.00000 9.67900000 1480.14000 153.32000 23.47700 119.91400
12 2 21 00 31 39940.30000 9.67900000 1481.39000 153.32000 23.47700 120.28700
12 2 21 00 32 39941.30000 9.69600000 1481.24000 153.32000 23.47700 119.94900
