M=[
31 1 21 22 34 27151.10000 6.08200000 1081.56000 105.77000 16.58300 70.30800
31 1 21 22 34 27151.10000 6.08200000 1082.05000 105.83000 16.58300 70.31700
31 1 21 22 34 27151.20000 6.08200000 1081.91000 105.83000 16.58300 70.31700
31 1 21 22 35 27169.10000 6.09100000 1082.25000 105.91000 16.58300 70.22500
31 1 21 22 35 27173.60000 6.09100000 1083.04000 106.00000 16.58300 70.22500
31 1 21 22 36 27188.20000 6.09100000 1083.50000 106.00000 16.58300 70.22500
31 1 21 22 36 27192.00000 6.09100000 1084.09000 106.19000 16.58300 70.22500
31 1 21 22 37 27192.00000 6.09100000 1084.09000 106.19000 16.58300 70.22500
31 1 21 22 37 27182.20000 6.09100000 1082.81000 106.15000 16.58300 70.22500
31 1 21 22 37 27190.10000 6.09100000 1082.80000 106.15000 16.58300 70.22500
31 1 21 22 38 27191.90000 6.12000000 1084.17000 106.11000 16.58300 70.22500
31 1 21 22 38 27199.90000 6.12000000 1084.37000 106.08000 16.58300 70.22500
31 1 21 22 39 27200.00000 6.12000000 1083.63000 106.08000 16.58300 70.22500
31 1 21 22 39 27200.00000 6.12000000 1082.64000 106.08000 16.58300 70.22500
31 1 21 22 40 27220.40000 6.11800000 1082.65000 106.09000 16.58300 70.22500
31 1 21 22 40 27215.00000 6.11800000 1082.63000 106.08000 16.58300 70.14700
31 1 21 22 40 27220.00000 6.11800000 1082.63000 106.08000 16.58300 70.14700
31 1 21 22 41 27250.00000 6.11800000 1082.98000 106.08000 16.58300 70.14700
31 1 21 22 41 27277.80000 6.12500000 1084.11000 106.21000 16.58300 70.14700
31 1 21 22 42 27293.80000 6.12500000 1084.18000 106.23000 16.58300 70.23000
31 1 21 22 42 27295.70000 6.12500000 1083.84000 106.22000 16.58300 70.23000
31 1 21 22 43 27273.40000 6.12500000 1082.66000 106.22000 16.58300 70.23000
31 1 21 22 43 27275.00000 6.12500000 1083.94000 106.20000 16.58300 70.23000
31 1 21 22 43 27274.90000 6.09800000 1084.93000 106.20000 16.58300 70.23000
31 1 21 22 44 27274.90000 6.09800000 1084.76000 106.18000 16.58300 70.23500
31 1 21 22 44 27274.90000 6.09800000 1086.16000 106.25000 16.58300 70.23500
31 1 21 22 45 27274.90000 6.09800000 1086.00000 106.25000 16.58300 70.23500
31 1 21 22 45 27274.90000 6.09800000 1085.94000 106.40000 16.58300 70.23500
31 1 21 22 46 27250.00000 6.09800000 1082.39000 106.20000 16.58300 70.23500
31 1 21 22 46 27264.50000 6.09800000 1085.39000 106.39000 16.58300 70.23500
31 1 21 22 46 27279.20000 6.09800000 1086.00000 106.39000 16.58300 70.23500
31 1 21 22 47 27265.00000 6.09800000 1083.85000 106.27000 16.58300 70.23500
31 1 21 22 47 27265.10000 6.09800000 1083.50000 106.22000 16.58300 70.23500
31 1 21 22 48 27260.20000 6.09800000 1083.24000 106.35000 16.58300 70.14200
31 1 21 22 48 27269.70000 6.09800000 1083.42000 106.30000 16.58300 70.14200
31 1 21 22 49 27269.90000 6.09800000 1082.76000 106.30000 16.58300 70.14200
31 1 21 22 49 27261.60000 6.09800000 1082.15000 106.30000 16.58300 70.14200
31 1 21 22 49 27261.50000 6.09800000 1081.80000 106.30000 16.58300 70.14200
31 1 21 22 50 27246.40000 6.09800000 1082.00000 106.30000 16.58300 70.14200
31 1 21 22 50 27242.00000 6.09800000 1081.99000 106.30000 16.58300 70.14200
31 1 21 22 51 27242.00000 6.09800000 1082.15000 106.25000 16.58300 70.14200
31 1 21 22 51 27260.90000 6.09800000 1082.00000 106.24000 16.58300 70.14200
31 1 21 22 52 27239.90000 6.09800000 1081.39000 106.24000 16.58300 70.14200
31 1 21 22 52 27237.00000 6.09800000 1081.58000 106.24000 16.58300 70.14200
31 1 21 22 52 27240.00000 6.09800000 1081.69000 106.24000 16.58300 70.14200
31 1 21 22 53 27240.00000 6.09800000 1081.37000 106.21000 16.58300 70.14200
31 1 21 22 53 27240.00000 6.09800000 1081.37000 106.21000 16.58300 70.14200
31 1 21 22 54 27240.00000 6.09800000 1081.16000 106.07000 16.58300 70.09500
31 1 21 22 54 27216.40000 6.09800000 1079.09000 106.07000 16.58300 70.07800
31 1 21 22 55 27187.60000 6.09800000 1080.03000 106.03000 16.58300 70.07800
31 1 21 22 55 27186.80000 6.09800000 1080.04000 106.03000 16.58300 70.07800
31 1 21 22 55 27185.00000 6.09800000 1080.04000 106.03000 16.58300 70.07800
31 1 21 22 56 27194.00000 6.09800000 1079.87000 106.03000 16.58300 70.01500
31 1 21 22 56 27194.00000 6.09800000 1079.01000 106.10000 16.58300 70.01500
31 1 21 22 57 27167.40000 6.09800000 1079.85000 105.94000 16.58300 70.01500
31 1 21 22 57 27179.90000 6.09800000 1080.56000 105.93000 16.58300 70.01500
31 1 21 22 58 27180.00000 6.09800000 1080.56000 105.93000 16.58300 70.01500
31 1 21 22 58 27180.00000 6.09800000 1079.36000 105.93000 16.58300 70.01500
31 1 21 22 58 27180.00000 6.09800000 1079.93000 105.92000 16.58300 70.01500
31 1 21 22 59 27185.40000 6.09800000 1080.52000 105.92000 16.58300 70.01500
31 1 21 22 59 27210.20000 6.09800000 1082.32000 105.92000 16.58300 70.01500
31 1 21 23 00 27210.10000 6.09800000 1081.41000 106.00000 16.58300 70.04900
31 1 21 23 00 27195.60000 6.09800000 1079.91000 105.97000 16.58300 70.04900
31 1 21 23 01 27250.00000 6.09800000 1083.69000 106.14000 16.58300 70.04900
31 1 21 23 01 27271.40000 6.09800000 1083.70000 106.18000 16.58300 70.18500
31 1 21 23 01 27253.60000 6.09800000 1083.20000 106.11000 16.58300 70.18500
31 1 21 23 02 27222.90000 6.09400000 1084.72000 106.11000 16.58300 70.18500
31 1 21 23 02 27239.40000 6.07900000 1085.23000 106.12000 16.58300 70.18500
31 1 21 23 03 27246.90000 6.07900000 1085.24000 106.12000 16.58300 70.18500
31 1 21 23 03 27262.40000 6.07900000 1087.33000 106.14000 16.58300 70.18500
31 1 21 23 04 27263.20000 6.07900000 1087.17000 106.14000 16.58300 70.18500
31 1 21 23 04 27283.00000 6.07900000 1087.94000 106.36000 16.58300 70.18500
31 1 21 23 04 27302.80000 6.07900000 1087.94000 106.47000 16.58300 70.18500
31 1 21 23 05 27348.80000 6.07900000 1087.68000 106.48000 16.58300 70.18500
31 1 21 23 05 27349.30000 6.07900000 1087.98000 106.46000 16.58300 70.18500
31 1 21 23 06 27373.30000 6.07900000 1087.89000 106.47000 16.58300 70.18500
31 1 21 23 06 27383.70000 6.09400000 1088.00000 106.50000 16.58300 70.18500
31 1 21 23 07 27368.60000 6.09400000 1087.10000 106.50000 16.58300 70.18500
31 1 21 23 07 27372.90000 6.09000000 1087.31000 106.61000 16.58300 70.18500
31 1 21 23 07 27380.60000 6.09000000 1087.94000 106.63000 16.58300 70.18500
31 1 21 23 08 27383.90000 6.09200000 1087.92000 106.73000 16.58300 70.18500
31 1 21 23 08 27393.50000 6.09200000 1088.85000 106.73000 16.58300 70.18500
31 1 21 23 09 27398.80000 6.09200000 1088.99000 106.73000 16.58300 70.32900
31 1 21 23 09 27407.80000 6.09200000 1089.02000 106.80000 16.58300 70.32900
31 1 21 23 10 27394.90000 6.09200000 1089.66000 106.80000 16.58300 70.32900
31 1 21 23 10 27369.00000 6.09200000 1087.95000 106.72000 16.58300 70.32900
31 1 21 23 10 27357.40000 6.09200000 1088.02000 106.66000 16.58300 70.21500
31 1 21 23 11 27349.80000 6.09200000 1087.36000 106.63000 16.58300 70.21500
31 1 21 23 11 27359.10000 6.09200000 1087.35000 106.70000 16.58300 70.21500
31 1 21 23 12 27350.00000 6.09200000 1087.59000 106.70000 16.58300 70.21500
31 1 21 23 12 27314.70000 6.09200000 1086.40000 106.61000 16.58300 70.30200
31 1 21 23 13 27322.90000 6.09200000 1086.41000 106.61000 16.58300 70.30200
31 1 21 23 13 27312.10000 6.09200000 1086.43000 106.61000 16.58300 70.30200
31 1 21 23 13 27312.10000 6.09200000 1086.43000 106.53000 16.58300 70.35000
31 1 21 23 14 27312.10000 6.09200000 1086.49000 106.53000 16.58300 70.49200
31 1 21 23 14 27312.00000 6.09200000 1086.83000 106.62000 16.58300 70.49200
31 1 21 23 15 27332.70000 6.09200000 1087.83000 106.62000 16.60700 70.49200
31 1 21 23 15 27352.40000 6.09200000 1088.05000 106.70000 16.60700 70.49200
31 1 21 23 16 27314.70000 6.09200000 1087.32000 106.70000 16.60700 70.65800
31 1 21 23 16 27305.80000 6.09200000 1087.20000 106.70000 16.60700 70.65800
31 1 21 23 16 27305.80000 6.09000000 1087.22000 106.70000 16.60700 70.65800
31 1 21 23 17 27304.60000 6.09000000 1088.34000 106.70000 16.60700 70.65800
31 1 21 23 17 27387.30000 6.09000000 1090.01000 106.70000 16.60700 70.65800
31 1 21 23 18 27393.40000 6.09000000 1091.31000 106.93000 16.60700 70.91700
31 1 21 23 18 27383.40000 6.09000000 1090.05000 106.74000 16.60700 70.91700
