M=[
 2 8 21 07 59 33768.70000 43.55900000 2205.01000 122.02000 23.22900 99.51700
 2 8 21 08 00 33785.00000 43.55900000 2205.00000 121.96000 23.23000 99.51700
 2 8 21 08 00 33782.40000 43.55900000 2205.01000 122.12000 23.23000 99.51700
 2 8 21 08 00 33787.50000 43.55900000 2205.01000 122.11000 23.23000 99.51700
 2 8 21 08 01 33781.40000 43.55900000 2204.01000 122.08000 23.00500 99.51700
 2 8 21 08 01 33780.30000 43.55900000 2206.08000 122.08000 23.15500 99.51700
 2 8 21 08 02 33785.20000 43.61700000 2206.90000 122.08000 23.15500 99.51700
 2 8 21 08 02 33804.30000 43.61700000 2206.25000 122.08000 23.14300 99.51700
 2 8 21 08 03 33795.00000 43.61700000 2205.86000 122.08000 23.14300 99.51700
 2 8 21 08 03 33775.10000 43.61700000 2204.00000 121.96000 23.13900 99.51700
 2 8 21 08 03 33769.00000 43.61700000 2201.87000 121.96000 23.13900 99.60000
 2 8 21 08 04 33768.90000 43.61700000 2200.75000 121.96000 23.13900 99.60000
 2 8 21 08 04 33746.70000 43.61700000 2200.45000 121.69000 23.13900 99.60000
 2 8 21 08 05 33742.40000 43.61700000 2200.23000 121.68000 23.13900 99.60000
 2 8 21 08 05 33748.00000 43.61700000 2200.27000 121.70000 23.13900 99.60000
 2 8 21 08 06 33745.10000 43.61700000 2200.35000 121.70000 23.13900 99.57600
 2 8 21 08 06 33740.10000 43.43500000 2197.33000 121.70000 23.13900 99.57600
 2 8 21 08 06 33727.40000 43.43000000 2196.37000 121.70000 23.13900 99.57600
 2 8 21 08 07 33729.90000 43.43000000 2197.02000 121.70000 23.13900 99.57600
 2 8 21 08 07 33730.10000 43.43000000 2198.46000 121.71000 23.13900 99.57600
 2 8 21 08 08 33705.80000 43.43000000 2196.01000 121.71000 23.13900 99.57600
 2 8 21 08 08 33679.40000 43.43000000 2194.51000 121.51000 23.13900 99.57600
 2 8 21 08 09 33674.90000 43.43000000 2194.00000 121.51000 23.13900 99.57600
 2 8 21 08 09 33660.00000 43.43000000 2192.85000 121.54000 23.13900 99.57600
 2 8 21 08 09 33626.40000 43.43000000 2188.10000 121.34000 23.13900 99.57600
 2 8 21 08 10 33627.70000 43.20900000 2191.31000 121.34000 23.13900 99.21000
 2 8 21 08 10 33609.30000 43.20900000 2187.47000 121.34000 23.13900 99.21000
 2 8 21 08 11 33618.70000 43.20900000 2188.29000 121.34000 23.13900 99.21000
 2 8 21 08 11 33609.20000 43.20900000 2186.24000 121.30000 23.13900 99.21000
 2 8 21 08 12 33628.80000 43.20900000 2188.01000 121.29000 23.13900 99.04000
 2 8 21 08 12 33634.70000 43.20900000 2189.86000 121.37000 23.13900 99.04000
 2 8 21 08 12 33628.60000 43.20900000 2189.27000 121.37000 23.13900 99.04000
 2 8 21 08 13 33628.60000 43.20900000 2187.32000 121.35000 23.13900 99.25400
 2 8 21 08 13 33634.00000 43.30000000 2189.82000 121.35000 23.13900 99.25400
 2 8 21 08 14 33634.00000 43.30000000 2188.67000 121.45000 23.13900 99.25400
 2 8 21 08 14 33634.00000 43.30000000 2189.80000 121.49000 23.13900 99.25400
 2 8 21 08 15 33634.00000 43.26800000 2190.17000 121.49000 23.13900 99.25400
 2 8 21 08 15 33650.10000 43.30000000 2192.73000 121.73000 23.13900 99.25400
 2 8 21 08 16 33633.60000 43.30000000 2191.12000 121.73000 23.13900 99.29500
 2 8 21 08 16 33609.30000 43.25800000 2182.75000 121.73000 23.13900 99.29500
 2 8 21 08 16 33609.20000 43.25800000 2185.11000 121.33000 23.13900 99.29500
 2 8 21 08 17 33609.30000 43.25800000 2185.11000 121.28000 23.13900 99.29500
 2 8 21 08 17 33593.40000 43.25800000 2181.91000 121.28000 23.13900 99.13900
 2 8 21 08 18 33621.20000 43.25800000 2186.70000 121.28000 23.13900 99.13900
 2 8 21 08 18 33620.00000 43.25800000 2188.81000 121.46000 23.13900 99.13900
 2 8 21 08 19 33606.70000 43.28500000 2188.59000 121.42000 23.13900 99.13900
 2 8 21 08 19 33597.40000 43.27700000 2186.90000 121.42000 23.13900 99.13900
 2 8 21 08 19 33596.90000 43.27700000 2186.43000 121.42000 23.13900 99.13900
 2 8 21 08 20 33612.40000 43.16300000 2186.91000 121.42000 23.13900 99.13900
 2 8 21 08 20 33606.60000 43.16300000 2187.65000 121.42000 23.13900 99.13900
 2 8 21 08 21 33606.60000 43.16300000 2187.47000 121.35000 23.13900 99.13900
 2 8 21 08 21 33595.90000 43.16300000 2187.37000 121.31000 23.13900 99.13900
 2 8 21 08 22 33601.00000 43.16300000 2187.58000 121.31000 23.13900 99.25000
 2 8 21 08 22 33606.60000 43.16300000 2187.58000 121.34000 23.13900 99.25000
 2 8 21 08 22 33590.10000 43.16300000 2185.01000 121.34000 23.13900 99.25000
 2 8 21 08 23 33590.00000 43.18400000 2183.19000 121.34000 23.13900 99.25000
 2 8 21 08 23 33590.00000 43.20000000 2183.19000 121.28000 23.13900 99.25000
 2 8 21 08 24 33590.10000 43.23500000 2184.31000 121.21000 23.13900 99.23900
 2 8 21 08 24 33573.90000 43.25400000 2182.41000 121.21000 23.13900 99.23900
 2 8 21 08 25 33572.00000 43.26600000 2182.13000 121.21000 23.13900 99.23900
 2 8 21 08 25 33580.00000 43.26600000 2183.77000 121.23000 23.13900 99.23900
 2 8 21 08 25 33579.90000 43.26600000 2183.52000 121.23000 23.13900 99.23900
 2 8 21 08 26 33580.00000 43.26600000 2183.30000 121.23000 23.13900 98.99900
 2 8 21 08 26 33592.60000 43.26600000 2184.47000 121.26000 23.13900 98.99900
 2 8 21 08 27 33580.00000 43.26600000 2183.87000 121.23000 23.13900 98.99900
 2 8 21 08 27 33529.90000 43.26600000 2180.38000 121.23000 23.13900 98.99900
 2 8 21 08 28 33419.90000 43.26600000 2178.80000 120.94000 23.13900 98.76000
 2 8 21 08 28 33353.20000 43.12100000 2176.83000 120.67000 23.13900 98.76000
 2 8 21 08 28 33359.90000 43.12100000 2174.42000 120.62000 23.13900 98.76000
 2 8 21 08 29 33441.20000 43.12100000 2176.12000 120.62000 23.13900 98.76000
 2 8 21 08 29 33388.40000 43.12100000 2172.01000 120.56000 23.13900 98.76000
 2 8 21 08 30 33352.00000 43.12100000 2170.00000 120.56000 23.13900 98.76000
 2 8 21 08 30 33349.70000 43.12100000 2170.71000 120.56000 23.13900 98.44300
 2 8 21 08 31 33383.10000 43.12100000 2176.96000 120.56000 23.13900 98.62400
 2 8 21 08 31 33435.20000 43.12100000 2178.19000 120.90000 23.13900 98.62400
 2 8 21 08 31 33429.20000 43.12100000 2178.00000 120.95000 23.13900 98.62400
 2 8 21 08 32 33428.90000 43.06000000 2178.19000 120.95000 23.13900 98.62400
 2 8 21 08 32 33370.00000 43.06000000 2176.06000 120.92000 23.01500 98.62400
 2 8 21 08 33 33370.00000 43.06000000 2174.13000 120.92000 23.04700 98.62400
 2 8 21 08 33 33353.80000 43.06000000 2171.89000 120.92000 23.04700 98.62400
 2 8 21 08 34 33348.30000 42.95900000 2170.81000 120.73000 23.04700 98.62400
 2 8 21 08 34 33369.40000 42.95900000 2173.61000 120.79000 23.04700 98.62400
 2 8 21 08 35 33370.00000 42.95900000 2174.56000 120.82000 23.04700 98.62400
 2 8 21 08 35 33325.30000 42.95900000 2170.87000 120.64000 23.04700 98.62400
 2 8 21 08 35 33310.90000 42.95900000 2170.01000 120.64000 23.04700 98.62400
 2 8 21 08 36 33311.00000 42.94900000 2170.01000 120.64000 23.01000 98.62400
 2 8 21 08 36 33293.90000 42.94900000 2168.89000 120.64000 23.01000 98.62400
 2 8 21 08 37 33298.20000 42.94900000 2169.19000 120.52000 23.01000 98.62400
 2 8 21 08 37 33288.10000 42.86500000 2167.04000 120.44000 23.01000 98.62400
 2 8 21 08 38 33304.10000 42.86500000 2170.35000 120.44000 23.01000 98.62400
 2 8 21 08 38 33308.00000 42.86500000 2175.33000 120.44000 23.01000 98.62400
 2 8 21 08 38 33325.80000 42.86500000 2174.55000 120.68000 23.01000 98.62400
 2 8 21 08 39 33366.10000 42.86500000 2176.08000 120.68000 23.01000 98.62400
 2 8 21 08 39 33400.70000 42.86500000 2178.33000 120.89000 23.04800 98.62400
 2 8 21 08 40 33375.90000 42.86500000 2175.38000 120.81000 23.04800 98.62400
 2 8 21 08 40 33348.10000 42.86500000 2174.59000 120.81000 23.04800 98.62400
 2 8 21 08 41 33338.40000 42.86500000 2173.76000 120.81000 23.04800 98.75500
 2 8 21 08 41 33354.80000 42.86500000 2174.50000 120.79000 23.04800 98.75500
 2 8 21 08 41 33365.50000 42.86500000 2175.54000 120.93000 23.04800 98.75500
 2 8 21 08 42 33379.60000 42.86500000 2176.28000 120.93000 23.04800 98.75500
 2 8 21 08 42 33350.00000 42.86500000 2176.28000 120.93000 23.04800 98.75500
 2 8 21 08 43 33381.90000 42.86500000 2177.05000 120.88000 23.04800 98.75500
 2 8 21 08 43 33384.90000 42.86500000 2178.10000 120.88000 23.04800 98.75500
