M=[
28 4 21 07 22 45060.10000 27.96200000 2166.66000 211.23000 33.28200 193.45500
28 4 21 07 22 45090.50000 27.96200000 2167.74000 211.15000 33.28200 193.45500
28 4 21 07 23 45082.70000 27.96200000 2167.84000 211.15000 33.28200 193.45500
28 4 21 07 23 45086.00000 27.96200000 2167.41000 211.19000 33.28200 193.45500
28 4 21 07 24 45100.00000 27.96200000 2167.25000 211.18000 33.28200 193.45500
28 4 21 07 24 45086.50000 28.01300000 2166.69000 211.16000 33.28200 193.45500
28 4 21 07 24 45092.20000 28.01300000 2167.23000 211.16000 33.49600 193.45500
28 4 21 07 25 45071.50000 28.01300000 2167.07000 211.03000 33.49600 193.45500
28 4 21 07 25 45074.70000 28.01300000 2166.10000 211.26000 33.49600 193.40900
28 4 21 07 26 45078.10000 28.03800000 2167.78000 211.20000 33.49600 193.40900
28 4 21 07 26 45099.90000 28.03800000 2169.85000 211.71000 33.49600 193.40900
28 4 21 07 27 45100.00000 28.25900000 2171.14000 211.76000 33.49600 193.40900
28 4 21 07 27 45156.00000 28.25900000 2171.97000 211.81000 33.49600 193.40900
28 4 21 07 27 45170.40000 28.25700000 2174.51000 211.89000 33.49600 193.40900
28 4 21 07 28 45185.80000 28.25700000 2172.84000 211.60000 33.49600 194.49000
28 4 21 07 28 45190.10000 28.25700000 2173.63000 211.74000 33.49600 194.49000
28 4 21 07 29 45174.00000 28.25700000 2172.62000 211.84000 33.49600 194.49000
28 4 21 07 29 45224.90000 28.25700000 2173.37000 211.93000 33.49600 194.49000
28 4 21 07 30 45250.80000 28.25700000 2174.87000 211.83000 33.49600 194.49000
28 4 21 07 30 45194.40000 28.25700000 2173.05000 211.83000 33.49600 194.54400
28 4 21 07 30 45203.10000 28.25700000 2174.39000 211.81000 33.49600 194.54400
28 4 21 07 31 45196.00000 28.25700000 2175.68000 211.83000 33.49600 194.54400
28 4 21 07 31 45202.90000 28.25700000 2175.17000 211.83000 33.49600 194.54400
28 4 21 07 32 45211.90000 28.25700000 2176.19000 211.61000 33.49600 194.49700
28 4 21 07 32 45212.70000 28.25700000 2176.42000 211.61000 33.49600 194.49700
28 4 21 07 33 45214.40000 28.25700000 2176.59000 211.77000 33.49600 194.49700
28 4 21 07 33 45181.60000 28.25700000 2176.40000 211.50000 33.49600 194.45100
28 4 21 07 33 45190.00000 28.25700000 2175.01000 211.29000 33.49600 194.45100
28 4 21 07 34 45190.10000 28.25700000 2171.70000 211.34000 33.49600 194.45100
28 4 21 07 34 45205.20000 28.30800000 2171.99000 211.27000 33.49600 194.45100
28 4 21 07 35 45190.10000 28.30800000 2171.70000 211.35000 33.49600 194.45100
28 4 21 07 35 45156.90000 28.30800000 2170.00000 211.15000 33.49600 194.45100
28 4 21 07 36 45175.40000 28.30800000 2170.45000 211.15000 33.49600 194.24500
28 4 21 07 36 45163.10000 28.30800000 2170.50000 211.23000 33.49600 194.24500
28 4 21 07 36 45162.10000 28.30800000 2169.89000 211.23000 33.49600 194.24500
28 4 21 07 37 45138.80000 28.30800000 2169.89000 210.86000 33.49600 194.24500
28 4 21 07 37 45144.60000 28.29200000 2170.62000 211.01000 33.49600 194.24500
28 4 21 07 38 45162.80000 28.29200000 2171.79000 210.91000 33.49600 194.24500
28 4 21 07 38 45163.70000 28.29200000 2171.55000 211.26000 33.49600 194.24500
28 4 21 07 39 45180.00000 28.29200000 2172.00000 211.26000 33.49600 194.24500
28 4 21 07 39 45190.00000 28.33500000 2172.00000 211.37000 33.49600 194.24500
28 4 21 07 39 45207.70000 28.33500000 2172.00000 211.38000 33.49600 194.22100
28 4 21 07 40 45247.50000 28.33500000 2173.76000 211.18000 33.49600 194.22100
28 4 21 07 40 45224.90000 28.42800000 2173.49000 211.53000 33.49600 194.22100
28 4 21 07 41 45217.10000 28.42800000 2174.17000 211.47000 33.49600 194.82500
28 4 21 07 41 45224.80000 28.42800000 2174.17000 211.27000 33.49600 194.38800
28 4 21 07 42 45221.40000 28.42800000 2174.62000 211.31000 33.49600 194.38800
28 4 21 07 42 45238.20000 28.42800000 2175.49000 211.33000 33.49600 194.38800
28 4 21 07 42 45238.20000 28.42800000 2175.47000 211.46000 33.49600 194.38800
28 4 21 07 43 45231.80000 28.42800000 2175.70000 211.45000 33.49600 194.38800
28 4 21 07 43 45221.80000 28.42800000 2175.21000 211.44000 33.49600 194.38800
28 4 21 07 44 45206.80000 28.32600000 2175.04000 211.50000 33.49600 194.69900
28 4 21 07 44 45185.90000 28.32400000 2174.00000 211.50000 33.49600 194.60300
28 4 21 07 45 45203.00000 28.32400000 2173.46000 211.42000 33.49600 194.60300
28 4 21 07 45 45167.20000 28.32400000 2171.84000 211.12000 33.49600 194.60300
28 4 21 07 45 45152.70000 28.32400000 2170.84000 211.07000 33.49600 194.60300
28 4 21 07 46 45151.00000 28.32400000 2171.24000 211.08000 33.49600 194.60300
28 4 21 07 46 45141.00000 28.32400000 2170.78000 211.15000 33.49600 194.60300
28 4 21 07 47 45141.00000 28.32400000 2171.31000 211.15000 33.49600 194.12200
28 4 21 07 47 45125.80000 28.32400000 2170.83000 211.34000 33.49600 194.12200
28 4 21 07 48 45127.40000 27.81500000 2170.31000 211.34000 33.49600 194.12200
28 4 21 07 48 45115.40000 27.88400000 2170.29000 211.39000 33.49600 193.82200
28 4 21 07 48 45115.40000 27.81700000 2170.29000 211.56000 33.35100 193.82200
28 4 21 07 49 45094.10000 27.93700000 2167.51000 211.32000 33.35100 193.82200
28 4 21 07 49 45059.80000 27.93700000 2165.55000 211.32000 33.35100 193.82200
28 4 21 07 50 45077.90000 27.93400000 2167.43000 211.45000 33.35100 193.43800
28 4 21 07 50 45053.30000 27.93400000 2167.45000 211.07000 33.35100 193.43800
28 4 21 07 51 45053.60000 27.93400000 2167.43000 211.00000 33.35100 193.43800
28 4 21 07 51 45064.80000 27.93400000 2167.42000 211.24000 33.35100 193.43800
28 4 21 07 51 45045.10000 27.93400000 2167.42000 211.34000 33.35100 193.43800
28 4 21 07 52 45028.40000 27.98700000 2165.61000 211.34000 33.35100 193.43800
28 4 21 07 52 45047.90000 27.98700000 2165.61000 211.34000 33.35100 193.43800
28 4 21 07 53 45055.30000 27.98700000 2168.38000 211.34000 33.35100 193.43800
28 4 21 07 53 45063.90000 27.98700000 2168.36000 211.20000 33.35100 193.43800
28 4 21 07 54 45073.40000 27.98700000 2169.25000 211.20000 33.35100 193.43800
28 4 21 07 54 45085.10000 27.98700000 2169.93000 211.44000 33.35100 193.43800
28 4 21 07 54 45085.10000 27.98700000 2171.12000 211.27000 33.35100 193.43800
28 4 21 07 55 45068.50000 27.98700000 2170.72000 211.27000 33.35100 193.81000
28 4 21 07 55 45027.20000 27.98700000 2166.65000 210.98000 33.35100 193.81000
28 4 21 07 56 45017.30000 27.98700000 2167.53000 210.74000 33.35100 193.81000
28 4 21 07 56 45018.70000 27.98700000 2166.71000 210.74000 33.35100 193.81000
28 4 21 07 57 45000.10000 27.98700000 2165.93000 210.74000 33.35100 193.20800
28 4 21 07 57 45000.20000 27.96300000 2166.60000 210.74000 33.35100 193.20800
28 4 21 07 57 44994.00000 27.96300000 2166.08000 210.55000 33.35100 193.20800
28 4 21 07 58 44994.00000 27.96300000 2165.35000 210.50000 33.35100 193.20800
28 4 21 07 58 45000.00000 27.96300000 2165.91000 210.50000 33.35100 193.20800
28 4 21 07 59 45029.60000 27.96300000 2167.17000 210.66000 33.35100 193.20800
28 4 21 07 59 45021.60000 27.99600000 2167.16000 210.65000 33.35100 193.20800
28 4 21 08 00 45054.90000 27.99600000 2167.87000 210.69000 33.35100 193.20800
28 4 21 08 00 45027.00000 27.99600000 2167.41000 210.71000 33.35100 193.20800
28 4 21 08 00 45015.00000 27.99900000 2167.20000 210.74000 33.35100 193.20800
28 4 21 08 01 44984.10000 27.95700000 2166.01000 210.45000 33.35100 193.20800
28 4 21 08 01 44970.10000 27.95700000 2164.00000 209.99000 33.35100 192.60000
28 4 21 08 02 44961.00000 27.75300000 2162.45000 209.85000 33.35100 192.60000
28 4 21 08 02 44940.00000 27.75300000 2163.26000 209.85000 33.35100 192.60000
28 4 21 08 03 44929.10000 27.74000000 2161.19000 209.89000 33.35100 192.60000
28 4 21 08 03 44977.90000 27.82100000 2162.21000 210.00000 33.35100 192.60000
28 4 21 08 03 44958.90000 27.82100000 2163.81000 210.00000 33.35100 192.60000
28 4 21 08 04 44944.30000 27.82100000 2162.31000 210.11000 33.35100 192.60000
28 4 21 08 04 44972.70000 27.82100000 2164.30000 210.20000 33.35100 192.60000
28 4 21 08 05 44964.10000 27.82100000 2163.65000 210.20000 33.35100 192.60000
28 4 21 08 05 45040.40000 28.00200000 2168.14000 211.25000 33.35100 192.60000
