M=[
28 7 21 19 48 34087.50000 41.51700000 1950.28000 116.87000 22.54900 88.20900
28 7 21 19 48 34087.90000 41.51700000 1949.73000 116.82000 22.54900 88.20900
28 7 21 19 48 34094.00000 41.51700000 1950.89000 116.82000 22.54900 88.20900
28 7 21 19 49 34086.30000 41.51700000 1950.21000 116.82000 22.67100 88.20900
28 7 21 19 49 34150.20000 41.51700000 1952.77000 116.82000 22.67100 88.20900
28 7 21 19 50 34105.80000 41.51700000 1950.82000 116.82000 22.67100 88.20900
28 7 21 19 50 34109.90000 41.51700000 1952.16000 116.89000 22.67100 88.20900
28 7 21 19 51 34110.00000 41.51700000 1952.49000 116.89000 22.67100 88.20900
28 7 21 19 51 34109.90000 41.51700000 1951.36000 116.89000 22.67100 88.20900
28 7 21 19 51 34107.40000 41.51700000 1949.34000 116.89000 22.67100 88.20900
28 7 21 19 52 34108.00000 41.51700000 1949.15000 116.88000 22.67100 88.20700
28 7 21 19 52 34111.60000 41.51700000 1949.15000 116.88000 22.38300 88.20700
28 7 21 19 53 34119.40000 41.51700000 1949.35000 116.88000 22.38300 88.20700
28 7 21 19 53 34127.00000 41.51700000 1950.00000 116.88000 22.38300 88.20700
28 7 21 19 54 34129.50000 41.51700000 1949.40000 116.90000 22.38300 88.20700
28 7 21 19 54 34127.20000 41.51700000 1949.45000 116.90000 22.59600 88.20700
28 7 21 19 54 34123.20000 41.51700000 1948.76000 116.90000 22.59600 88.20700
28 7 21 19 55 34115.40000 41.51700000 1947.57000 116.88000 22.59600 88.20700
28 7 21 19 55 34108.30000 41.51700000 1948.56000 116.88000 22.59600 88.20700
28 7 21 19 56 34150.00000 41.51700000 1949.47000 116.98000 22.59600 88.20700
28 7 21 19 56 34122.20000 41.51700000 1948.91000 116.98000 22.59600 88.20700
28 7 21 19 57 34128.30000 41.51700000 1949.39000 116.98000 22.59600 88.20700
28 7 21 19 57 34114.90000 41.51700000 1949.39000 116.98000 22.59600 88.20700
28 7 21 19 58 34115.10000 41.51700000 1949.39000 116.98000 22.59600 88.20700
28 7 21 19 58 34021.60000 41.51700000 1949.39000 116.98000 22.59600 88.20700
28 7 21 19 58 34042.60000 41.51700000 1949.39000 116.98000 22.52800 88.20700
28 7 21 19 59 34016.30000 41.51700000 1949.39000 116.55000 22.32600 88.20700
28 7 21 19 59 34039.50000 41.51700000 1948.92000 116.52000 22.32600 88.20700
28 7 21 20 00 34091.70000 41.51700000 1948.92000 116.60000 22.32600 88.20700
28 7 21 20 00 34071.20000 41.51700000 1948.92000 116.52000 22.32600 88.20700
28 7 21 20 01 34056.70000 41.51700000 1947.18000 116.52000 22.56500 88.20700
28 7 21 20 01 33971.90000 41.51700000 1945.72000 116.35000 22.66300 88.20700
28 7 21 20 01 34000.80000 41.51700000 1945.04000 116.35000 22.65900 88.20700
28 7 21 20 02 34040.80000 41.51700000 1947.88000 116.35000 22.65900 88.20700
28 7 21 20 02 34040.50000 41.51700000 1947.88000 116.35000 22.56900 88.20700
28 7 21 20 03 34020.60000 41.51700000 1947.88000 116.54000 22.56900 88.20700
28 7 21 20 03 34034.30000 41.51700000 1948.85000 116.54000 22.56900 88.20700
28 7 21 20 04 34066.30000 41.51700000 1950.00000 116.57000 22.56900 88.20700
28 7 21 20 04 34058.10000 41.51700000 1948.67000 116.57000 22.56900 88.20700
28 7 21 20 04 34015.60000 41.51700000 1948.86000 116.57000 22.56900 88.20700
28 7 21 20 05 34008.50000 41.51700000 1948.37000 116.58000 22.59700 88.20700
28 7 21 20 05 34009.10000 41.51700000 1948.68000 116.51000 22.59700 88.20700
28 7 21 20 06 34027.10000 41.51700000 1948.82000 116.59000 22.59700 88.20700
28 7 21 20 06 34054.50000 41.51700000 1950.94000 116.59000 22.59700 88.20700
28 7 21 20 07 34031.60000 41.51700000 1950.94000 116.63000 22.59700 88.20700
28 7 21 20 07 34019.90000 41.51700000 1948.68000 116.63000 22.59700 88.20700
28 7 21 20 07 33962.10000 41.51700000 1948.67000 116.63000 22.59700 88.20700
28 7 21 20 08 33823.60000 41.51700000 1942.78000 116.41000 22.53400 88.20700
28 7 21 20 08 33785.60000 41.51700000 1943.57000 116.28000 22.53400 88.20700
28 7 21 20 09 33770.90000 41.51700000 1943.33000 116.28000 22.53400 88.20700
28 7 21 20 09 33730.60000 41.51700000 1942.32000 116.28000 22.53400 88.20700
28 7 21 20 10 33757.30000 41.51700000 1942.32000 116.28000 22.53400 88.20700
28 7 21 20 10 33848.80000 41.51700000 1942.32000 116.28000 22.53400 88.20700
28 7 21 20 10 33865.30000 41.51700000 1942.32000 116.28000 22.53400 88.20700
28 7 21 20 11 33796.40000 41.51700000 1942.32000 116.28000 22.53400 88.20700
28 7 21 20 11 33769.70000 41.51700000 1943.64000 116.28000 22.53400 88.20700
28 7 21 20 12 33793.50000 41.51700000 1943.64000 116.28000 22.53400 87.92200
28 7 21 20 12 33856.80000 41.51700000 1946.67000 116.28000 22.53400 87.92200
28 7 21 20 13 33817.50000 41.51700000 1947.38000 116.46000 22.53400 87.92200
28 7 21 20 13 33901.70000 41.51700000 1946.41000 116.67000 22.53400 87.92200
28 7 21 20 14 33908.00000 41.51700000 1946.41000 116.73000 22.53400 87.92200
28 7 21 20 14 33907.30000 41.51700000 1948.73000 116.61000 22.53400 87.92200
28 7 21 20 14 33934.90000 41.51700000 1948.72000 116.61000 22.53400 87.92200
28 7 21 20 15 33920.00000 41.51700000 1948.73000 116.55000 22.53400 87.92200
28 7 21 20 15 33892.20000 41.47200000 1946.49000 116.55000 22.53400 87.92200
28 7 21 20 16 33892.30000 41.47200000 1946.14000 116.44000 22.53400 87.92200
28 7 21 20 16 33931.20000 41.47200000 1946.14000 116.44000 22.53400 87.92200
28 7 21 20 17 33905.10000 41.47200000 1947.66000 116.44000 22.51100 87.92200
28 7 21 20 17 33841.90000 41.47200000 1945.75000 116.44000 22.51100 87.92200
28 7 21 20 17 33854.40000 41.47200000 1944.28000 116.37000 22.51100 87.92200
28 7 21 20 18 33859.90000 41.47200000 1944.24000 116.37000 22.51100 87.92200
28 7 21 20 18 33900.00000 41.47200000 1947.29000 116.37000 22.51100 87.92200
28 7 21 20 19 33899.00000 41.47200000 1944.54000 116.37000 22.49000 87.92200
28 7 21 20 19 33881.60000 41.47200000 1944.76000 116.53000 22.49000 87.92200
28 7 21 20 20 33886.60000 41.47200000 1945.93000 116.53000 22.48900 87.92200
28 7 21 20 20 33878.40000 41.47200000 1945.47000 116.53000 22.48900 87.92200
28 7 21 20 20 33840.30000 41.47200000 1944.10000 116.53000 22.48900 87.92200
28 7 21 20 21 33827.20000 41.47200000 1943.09000 116.53000 22.48900 87.92200
28 7 21 20 21 33844.10000 41.47200000 1943.67000 116.53000 22.48900 87.92200
28 7 21 20 22 33861.10000 41.47200000 1944.56000 116.53000 22.48900 87.92200
28 7 21 20 22 33819.90000 41.47200000 1943.06000 116.53000 22.48900 87.87500
28 7 21 20 23 33785.90000 41.47200000 1943.06000 116.24000 22.48900 87.87500
28 7 21 20 23 33797.90000 41.47200000 1943.06000 116.24000 22.48900 87.87500
28 7 21 20 23 33795.60000 41.47200000 1942.58000 116.24000 22.48900 87.59200
28 7 21 20 24 33766.50000 41.40500000 1941.16000 116.18000 22.48900 87.59200
28 7 21 20 24 33801.10000 41.40500000 1941.16000 116.18000 22.48900 87.59200
28 7 21 20 25 33772.50000 41.40500000 1941.16000 116.18000 22.52500 87.59200
28 7 21 20 25 33753.20000 41.40500000 1941.16000 116.18000 22.52500 87.59200
28 7 21 20 26 33740.60000 41.40500000 1941.39000 116.18000 22.52500 87.59200
28 7 21 20 26 33783.90000 41.40500000 1938.34000 116.18000 22.52500 87.59200
28 7 21 20 26 33783.90000 41.40500000 1941.24000 116.18000 22.55000 87.59200
28 7 21 20 27 33783.50000 41.40500000 1941.40000 116.18000 22.51000 87.59200
28 7 21 20 27 33783.50000 41.40500000 1940.76000 116.29000 22.49400 87.87500
28 7 21 20 28 33795.50000 41.39600000 1943.55000 116.37000 22.49400 87.87500
28 7 21 20 28 33776.30000 41.39600000 1943.55000 116.37000 22.49400 87.87500
28 7 21 20 29 33760.90000 41.39600000 1942.25000 116.36000 22.49400 87.87500
28 7 21 20 29 33756.60000 41.39500000 1942.23000 116.36000 22.49400 87.87500
28 7 21 20 29 33764.50000 41.39500000 1942.23000 116.49000 22.49400 87.84400
28 7 21 20 30 33730.00000 41.39500000 1940.01000 116.49000 22.49400 87.84400
28 7 21 20 30 33693.10000 41.39500000 1940.00000 116.44000 22.49400 87.69500
28 7 21 20 31 33660.00000 41.39500000 1935.05000 116.44000 22.49400 87.69500
28 7 21 20 31 33675.20000 41.39500000 1938.86000 116.44000 22.48800 87.69500
28 7 21 20 32 33686.80000 41.39500000 1938.01000 116.33000 22.48800 87.69500
