M=[
 8 5 21 17 35 48579.20000 96.00000000 3153.59000 283.66000 38.39600 246.90600
 8 5 21 17 35 48568.50000 96.45300000 3153.17000 283.66000 38.39600 246.98700
 8 5 21 17 36 48580.00000 96.45300000 3153.52000 283.66000 38.39600 246.98700
 8 5 21 17 36 48631.40000 96.61100000 3153.58000 283.66000 38.39600 246.98700
 8 5 21 17 37 48632.30000 95.92600000 3152.45000 283.47000 38.39600 246.98700
 8 5 21 17 37 48644.60000 96.47700000 3152.83000 283.83000 38.39600 246.98700
 8 5 21 17 37 48619.70000 96.41200000 3151.16000 283.83000 38.39600 247.74900
 8 5 21 17 38 48625.00000 96.44800000 3150.90000 284.18000 38.39600 247.81200
 8 5 21 17 38 48587.80000 96.02900000 3144.14000 284.27000 38.39600 247.81200
 8 5 21 17 39 48573.10000 96.01400000 3145.00000 284.38000 38.39600 247.48800
 8 5 21 17 39 48580.80000 96.43800000 3144.94000 284.20000 38.39600 247.48800
 8 5 21 17 40 48555.30000 96.43800000 3140.04000 284.20000 38.21800 247.26400
 8 5 21 17 40 48606.30000 96.34400000 3141.99000 284.23000 38.21800 247.29500
 8 5 21 17 40 48638.40000 96.72900000 3144.39000 284.23000 38.21800 248.68000
 8 5 21 17 41 48615.70000 96.45500000 3145.85000 284.19000 38.21800 248.68000
 8 5 21 17 41 48591.20000 96.81400000 3145.37000 284.02000 38.21800 248.68000
 8 5 21 17 42 48591.10000 96.88500000 3145.85000 284.02000 38.21800 248.97200
 8 5 21 17 42 48598.30000 96.95900000 3147.20000 284.05000 38.21800 248.97200
 8 5 21 17 42 48628.80000 96.87200000 3145.51000 284.01000 38.21800 248.97200
 8 5 21 17 43 48638.20000 96.80600000 3152.60000 284.02000 38.21800 248.97200
 8 5 21 17 43 48665.80000 97.48900000 3155.00000 284.07000 38.21800 249.44300
 8 5 21 17 44 48648.50000 97.65200000 3153.34000 283.99000 38.21800 249.44300
 8 5 21 17 44 48600.50000 97.24300000 3146.27000 283.32000 38.21800 249.44300
 8 5 21 17 45 48598.10000 97.12700000 3143.00000 282.91000 38.21800 249.44300
 8 5 21 17 45 48572.70000 96.82700000 3139.98000 282.49000 38.21800 249.10700
 8 5 21 17 45 48588.00000 96.65800000 3141.04000 282.67000 38.21800 249.10700
 8 5 21 17 46 48641.50000 96.97600000 3149.03000 283.32000 38.21800 249.10700
 8 5 21 17 46 48644.90000 97.05600000 3146.60000 283.87000 38.21800 249.19200
 8 5 21 17 47 48671.40000 96.78500000 3145.99000 283.74000 38.21800 249.19200
 8 5 21 17 47 48671.50000 96.78000000 3144.82000 283.73000 38.21800 249.19200
 8 5 21 17 48 48679.90000 96.85300000 3145.00000 283.73000 38.21800 249.19200
 8 5 21 17 48 48683.70000 96.85300000 3145.94000 283.88000 38.21800 249.19200
 8 5 21 17 48 48652.80000 96.42500000 3146.45000 283.76000 38.21800 249.07500
 8 5 21 17 49 48634.20000 96.34600000 3145.95000 283.75000 38.21800 249.07500
 8 5 21 17 49 48611.40000 96.34600000 3146.00000 283.75000 38.21800 249.07500
 8 5 21 17 50 48620.10000 96.44200000 3148.99000 283.78000 38.21800 249.10600
 8 5 21 17 50 48623.40000 96.42300000 3154.87000 283.78000 38.21800 249.57900
 8 5 21 17 51 48676.90000 96.62500000 3157.17000 283.96000 38.21800 249.77000
 8 5 21 17 51 48623.80000 96.71900000 3153.75000 283.80000 38.21800 249.77000
 8 5 21 17 51 48627.90000 96.78100000 3153.76000 283.98000 38.21800 249.77000
 8 5 21 17 52 48649.90000 96.87600000 3157.09000 284.40000 38.21800 249.56800
 8 5 21 17 52 48641.00000 97.05600000 3157.69000 284.43000 38.21800 248.87500
 8 5 21 17 53 48641.30000 97.27200000 3159.73000 284.43000 38.21800 248.87500
 8 5 21 17 53 48627.40000 97.27200000 3160.74000 284.04000 38.21800 248.87500
 8 5 21 17 54 48629.30000 96.89000000 3157.65000 284.12000 38.21800 248.87500
 8 5 21 17 54 48636.00000 96.89000000 3156.90000 284.24000 38.21800 249.02200
 8 5 21 17 54 48645.70000 96.89000000 3157.19000 284.00000 38.21800 249.02200
 8 5 21 17 55 48672.10000 97.26700000 3160.94000 284.00000 38.21800 249.50300
 8 5 21 17 55 48679.20000 97.26700000 3161.16000 284.37000 38.21800 249.50300
 8 5 21 17 56 48662.50000 97.18600000 3161.02000 284.20000 38.21800 249.47200
 8 5 21 17 56 48668.20000 97.17200000 3158.83000 284.20000 38.21800 249.47200
 8 5 21 17 57 48661.00000 97.16100000 3159.24000 284.20000 38.21800 249.47200
 8 5 21 17 57 48668.90000 97.16100000 3159.24000 284.18000 38.21800 249.47200
 8 5 21 17 57 48667.40000 96.81900000 3159.51000 284.19000 38.21800 249.47200
 8 5 21 17 58 48689.30000 96.91200000 3164.00000 284.19000 38.21800 249.24400
 8 5 21 17 58 48689.40000 97.10500000 3162.24000 284.19000 38.51300 249.24400
 8 5 21 17 59 48694.80000 97.21800000 3163.33000 284.37000 38.51300 249.24400
 8 5 21 17 59 48703.50000 97.14000000 3167.47000 284.51000 38.51300 249.24400
 8 5 21 18 00 48731.80000 97.36600000 3170.19000 284.51000 38.51300 249.39000
 8 5 21 18 00 48743.80000 98.00000000 3175.00000 284.75000 38.51300 249.39000
 8 5 21 18 00 48752.30000 98.48700000 3176.00000 284.87000 38.51300 249.81200
 8 5 21 18 01 48787.80000 98.33000000 3173.40000 284.98000 38.51300 249.81200
 8 5 21 18 01 48797.00000 98.55400000 3174.01000 285.16000 38.51300 250.31700
 8 5 21 18 02 48797.80000 98.89100000 3174.18000 285.49000 38.51300 250.44800
 8 5 21 18 02 48797.90000 99.70000000 3173.62000 286.40000 38.51300 250.44800
 8 5 21 18 03 48797.80000 99.70000000 3170.53000 286.40000 38.51300 250.44800
 8 5 21 18 03 48748.00000 100.00000000 3167.47000 286.57000 38.51300 250.44800
 8 5 21 18 03 48799.00000 100.06000000 3167.95000 286.63000 38.51300 251.02300
 8 5 21 18 04 48767.60000 99.63000000 3165.39000 286.89000 38.69500 251.23100
 8 5 21 18 04 48782.30000 99.88800000 3167.99000 287.24000 38.69500 250.90400
 8 5 21 18 05 48750.90000 100.03700000 3163.81000 286.98000 38.69500 250.90400
 8 5 21 18 05 48770.30000 100.80000000 3164.19000 287.19000 38.70100 250.90400
 8 5 21 18 06 48785.70000 101.53700000 3165.39000 287.66000 38.70100 251.26400
 8 5 21 18 06 48772.10000 101.50000000 3164.98000 287.69000 38.70100 251.26400
 8 5 21 18 06 48771.90000 101.67100000 3164.34000 287.61000 38.51000 250.91500
 8 5 21 18 07 48771.80000 102.40400000 3164.74000 287.62000 38.51000 251.21700
 8 5 21 18 07 48778.50000 103.39900000 3163.76000 288.00000 38.49500 251.21700
 8 5 21 18 08 48796.40000 102.76000000 3163.75000 287.99000 38.49500 250.91400
 8 5 21 18 08 48802.30000 103.37800000 3162.42000 287.99000 38.49500 250.91400
 8 5 21 18 09 48804.50000 104.60000000 3161.30000 288.13000 38.49500 250.91400
 8 5 21 18 09 48818.60000 104.18700000 3161.85000 288.42000 38.49500 250.91400
 8 5 21 18 09 48827.60000 104.22800000 3161.95000 288.65000 38.49500 250.91400
 8 5 21 18 10 48850.00000 103.75700000 3162.00000 288.99000 38.49500 250.91400
 8 5 21 18 10 48860.80000 104.58700000 3163.32000 288.51000 38.49500 251.15600
 8 5 21 18 11 48894.00000 105.00000000 3165.38000 288.74000 38.49500 251.15600
 8 5 21 18 11 48892.00000 105.45800000 3165.38000 287.57000 38.49500 251.15600
 8 5 21 18 12 48867.30000 105.47900000 3166.99000 287.67000 38.49500 251.74400
 8 5 21 18 12 48845.80000 106.00000000 3167.00000 287.39000 38.49500 251.97000
 8 5 21 18 12 48847.30000 106.39500000 3165.39000 287.53000 38.49500 252.37100
 8 5 21 18 13 48840.00000 106.37600000 3159.41000 287.63000 38.49500 252.37100
 8 5 21 18 13 48814.50000 106.94500000 3159.41000 287.84000 38.49500 252.37100
 8 5 21 18 14 48812.00000 106.77800000 3159.27000 288.12000 38.49500 252.14900
 8 5 21 18 14 48812.00000 107.70900000 3158.41000 288.22000 38.49100 252.14900
 8 5 21 18 15 48802.70000 108.13000000 3158.10000 287.89000 38.49100 252.14900
 8 5 21 18 15 48794.80000 108.24300000 3157.25000 288.01000 38.49500 252.14900
 8 5 21 18 15 48756.50000 109.00000000 3155.98000 287.85000 38.49500 252.14900
 8 5 21 18 16 48782.50000 108.96700000 3153.90000 288.03000 38.49500 252.80500
 8 5 21 18 16 48763.50000 108.50800000 3153.77000 288.22000 38.49500 252.80500
 8 5 21 18 17 48755.70000 109.96000000 3151.01000 288.23000 38.49500 252.80500
 8 5 21 18 17 48794.30000 110.75400000 3150.62000 288.91000 38.49500 252.80500
 8 5 21 18 18 48776.90000 110.96000000 3146.29000 288.81000 38.49500 252.80500
 8 5 21 18 18 48805.70000 110.04900000 3148.36000 289.00000 38.49500 252.80500
