M=[
 8 2 21 09 43 32526.10000 6.88600000 1361.00000 125.51000 19.30500 77.67500
 8 2 21 09 43 32466.60000 6.88600000 1359.56000 125.38000 19.30500 77.67500
 8 2 21 09 44 32469.20000 6.87900000 1359.02000 125.31000 19.30500 77.67500
 8 2 21 09 44 32508.70000 6.87100000 1359.56000 125.48000 19.59500 77.67500
 8 2 21 09 44 32519.50000 6.87100000 1360.68000 125.48000 19.59500 77.67500
 8 2 21 09 45 32539.40000 6.90200000 1361.28000 125.47000 19.59500 77.67500
 8 2 21 09 45 32549.30000 6.90200000 1362.38000 125.57000 19.59500 77.69800
 8 2 21 09 46 32543.90000 6.90200000 1362.74000 125.72000 19.59500 77.84000
 8 2 21 09 46 32549.00000 6.90200000 1362.06000 125.56000 19.59500 77.84000
 8 2 21 09 47 32565.10000 6.90200000 1362.91000 125.67000 19.59500 77.84000
 8 2 21 09 47 32523.30000 6.90200000 1360.60000 125.47000 19.59500 77.84000
 8 2 21 09 47 32523.20000 6.90200000 1360.46000 125.53000 19.59500 77.84000
 8 2 21 09 48 32529.10000 6.87100000 1360.09000 125.48000 19.59500 77.84000
 8 2 21 09 48 32534.20000 6.89600000 1359.87000 125.48000 19.59500 77.84000
 8 2 21 09 49 32528.20000 6.89600000 1361.16000 125.48000 19.59500 77.84000
 8 2 21 09 49 32540.80000 6.89600000 1362.43000 125.48000 19.59500 77.84000
 8 2 21 09 50 32540.90000 6.89600000 1362.47000 125.48000 19.59500 77.84000
 8 2 21 09 50 32523.20000 6.89600000 1360.48000 125.64000 19.59500 77.84000
 8 2 21 09 50 32523.30000 6.87100000 1361.29000 125.68000 19.59500 77.70900
 8 2 21 09 51 32491.30000 6.87100000 1360.26000 125.62000 19.59500 77.70900
 8 2 21 09 51 32480.80000 6.87100000 1359.74000 125.57000 19.59500 77.70900
 8 2 21 09 52 32500.20000 6.87100000 1359.79000 125.50000 19.59500 77.70900
 8 2 21 09 52 32492.70000 6.87100000 1359.34000 125.50000 19.59500 77.70900
 8 2 21 09 53 32485.70000 6.87100000 1359.10000 125.49000 19.59500 77.70900
 8 2 21 09 53 32481.90000 6.87100000 1359.00000 125.49000 19.59500 77.70900
 8 2 21 09 53 32487.10000 6.87100000 1358.51000 125.41000 19.59500 77.70900
 8 2 21 09 54 32490.10000 6.87100000 1358.57000 125.40000 19.59500 77.70900
 8 2 21 09 54 32480.10000 6.87100000 1358.02000 125.40000 19.59500 77.70900
 8 2 21 09 55 32485.80000 6.88100000 1358.00000 125.45000 19.13600 77.70900
 8 2 21 09 55 32478.10000 6.88100000 1356.54000 125.45000 19.37400 77.70900
 8 2 21 09 55 32444.00000 6.88100000 1357.28000 125.36000 19.10800 77.70900
 8 2 21 09 56 32461.00000 6.88100000 1357.18000 125.42000 19.10800 77.70900
 8 2 21 09 56 32483.00000 6.88100000 1357.64000 125.46000 19.10800 77.65900
 8 2 21 09 57 32468.80000 6.88100000 1357.11000 125.46000 19.37400 77.65900
 8 2 21 09 57 32485.30000 6.88100000 1357.67000 125.46000 19.37400 77.65900
 8 2 21 09 58 32481.10000 6.88100000 1357.65000 125.45000 19.37400 77.65900
 8 2 21 09 58 32476.70000 6.88100000 1357.50000 125.39000 19.37400 77.49100
 8 2 21 09 58 32489.80000 6.88100000 1357.69000 125.39000 19.37400 77.49100
 8 2 21 09 59 32484.90000 6.88100000 1358.02000 125.39000 19.37400 77.49100
 8 2 21 09 59 32475.20000 6.88100000 1358.50000 125.33000 19.37400 77.49100
 8 2 21 10 00 32469.70000 6.88100000 1357.93000 125.35000 19.37400 77.49100
 8 2 21 10 00 32453.60000 6.88100000 1357.60000 125.45000 19.37400 77.49100
 8 2 21 10 01 32449.60000 6.88100000 1358.47000 125.45000 19.37400 77.49100
 8 2 21 10 01 32439.40000 6.88100000 1358.46000 125.48000 19.37400 77.49100
 8 2 21 10 01 32434.00000 6.87200000 1358.71000 125.48000 19.37400 77.49100
 8 2 21 10 02 32429.30000 6.87200000 1358.53000 125.33000 19.37400 77.49100
 8 2 21 10 02 32440.60000 6.87200000 1358.91000 125.39000 19.37400 77.49100
 8 2 21 10 03 32460.90000 6.87200000 1359.00000 125.41000 19.37400 77.49100
 8 2 21 10 03 32462.30000 6.87200000 1359.00000 125.41000 19.37400 77.49100
 8 2 21 10 04 32477.80000 6.87200000 1358.90000 125.39000 19.37400 77.49100
 8 2 21 10 04 32419.20000 6.87200000 1357.55000 125.33000 19.37400 77.49100
 8 2 21 10 04 32391.40000 6.87200000 1355.15000 125.18000 19.37400 77.49100
 8 2 21 10 05 32432.40000 6.87200000 1356.19000 125.19000 19.37400 77.49100
 8 2 21 10 05 32450.00000 6.87200000 1357.49000 125.31000 19.37400 77.49100
 8 2 21 10 06 32471.40000 6.88500000 1357.79000 125.33000 19.17300 77.49100
 8 2 21 10 06 32461.80000 6.88500000 1357.96000 125.33000 19.17300 77.49100
 8 2 21 10 07 32475.90000 6.88500000 1359.19000 125.22000 19.17300 77.49100
 8 2 21 10 07 32464.80000 6.88500000 1357.21000 125.19000 19.17300 77.49100
 8 2 21 10 07 32464.70000 6.88500000 1357.00000 125.16000 19.17300 77.49100
 8 2 21 10 08 32458.10000 6.88500000 1357.00000 125.15000 19.17300 77.49100
 8 2 21 10 08 32477.40000 6.88500000 1356.99000 125.15000 19.17300 77.49100
 8 2 21 10 09 32490.00000 6.88500000 1357.00000 125.15000 19.17300 77.49100
 8 2 21 10 09 32490.00000 6.88500000 1358.84000 125.28000 19.17300 77.49100
 8 2 21 10 10 32490.00000 6.87400000 1358.51000 125.37000 19.17300 77.49100
 8 2 21 10 10 32490.00000 6.88500000 1358.37000 125.23000 19.17300 77.90000
 8 2 21 10 10 32490.00000 6.88500000 1359.03000 125.31000 19.17300 77.89400
 8 2 21 10 11 32489.90000 6.88500000 1357.78000 125.31000 19.17300 77.89400
 8 2 21 10 11 32482.90000 6.88500000 1358.00000 125.31000 19.17300 77.89400
 8 2 21 10 12 32465.90000 6.88500000 1357.75000 125.31000 19.17300 77.89400
 8 2 21 10 12 32458.60000 6.88500000 1356.59000 125.31000 19.17300 77.89400
 8 2 21 10 13 32464.80000 6.88500000 1357.14000 125.31000 19.17300 77.89400
 8 2 21 10 13 32500.60000 6.88500000 1358.82000 125.34000 19.17300 77.89400
 8 2 21 10 13 32500.60000 6.88500000 1358.86000 125.41000 19.37300 77.89400
 8 2 21 10 14 32500.50000 6.88500000 1359.99000 125.54000 19.37300 77.89400
 8 2 21 10 14 32497.00000 6.88500000 1358.88000 125.39000 19.37300 77.89400
 8 2 21 10 15 32497.00000 6.88500000 1359.41000 125.39000 19.37300 77.89400
 8 2 21 10 15 32497.60000 6.88500000 1359.24000 125.41000 19.37300 77.89400
 8 2 21 10 16 32512.70000 6.88500000 1359.97000 125.42000 19.37300 77.89400
 8 2 21 10 16 32487.10000 6.88500000 1359.65000 125.39000 19.37300 77.89400
 8 2 21 10 16 32484.20000 6.88500000 1358.87000 125.39000 19.37300 77.89400
 8 2 21 10 17 32493.00000 6.88500000 1359.15000 125.39000 19.37300 77.89400
 8 2 21 10 17 32494.80000 6.88500000 1359.56000 125.39000 19.37300 77.89400
 8 2 21 10 18 32485.50000 6.88500000 1359.97000 125.39000 19.37300 77.89400
 8 2 21 10 18 32494.80000 6.88500000 1360.00000 125.39000 19.37300 77.89400
 8 2 21 10 19 32519.60000 6.88500000 1360.98000 125.39000 19.37300 77.89400
 8 2 21 10 19 32519.80000 6.88500000 1362.00000 125.39000 19.57400 77.89400
 8 2 21 10 19 32525.50000 6.88500000 1361.00000 125.39000 19.57400 77.89400
 8 2 21 10 20 32493.70000 6.88500000 1361.01000 125.65000 19.57400 77.89400
 8 2 21 10 20 32478.30000 6.89500000 1359.90000 125.56000 19.57400 77.89400
 8 2 21 10 21 32459.70000 6.89500000 1360.98000 125.51000 19.37700 77.89400
 8 2 21 10 21 32485.20000 6.91500000 1362.00000 125.51000 19.37700 77.89400
 8 2 21 10 22 32509.70000 6.91500000 1362.00000 125.76000 19.75700 77.89400
 8 2 21 10 22 32538.50000 6.91500000 1364.31000 125.83000 19.75700 77.89400
 8 2 21 10 22 32545.70000 6.91500000 1364.99000 125.83000 19.75700 77.89400
 8 2 21 10 23 32545.70000 6.91500000 1365.00000 125.89000 19.75700 78.10700
 8 2 21 10 23 32536.20000 6.91500000 1364.99000 125.85000 19.75700 78.10700
 8 2 21 10 24 32523.90000 6.91500000 1364.36000 125.79000 19.75700 78.10700
 8 2 21 10 24 32529.00000 6.91500000 1364.27000 125.88000 19.75700 78.10700
 8 2 21 10 25 32533.60000 6.91500000 1363.79000 125.85000 19.74600 78.10700
 8 2 21 10 25 32523.90000 6.91500000 1363.58000 125.73000 19.74600 78.10700
 8 2 21 10 25 32529.30000 6.91500000 1364.12000 125.86000 19.74600 78.10700
 8 2 21 10 26 32540.40000 6.91500000 1364.19000 125.86000 19.55000 78.10700
 8 2 21 10 26 32535.70000 6.90100000 1363.40000 125.88000 19.55000 78.10700
 8 2 21 10 27 32540.00000 6.90100000 1363.32000 125.83000 19.55000 78.10700
 8 2 21 10 27 32533.60000 6.90100000 1363.00000 125.79000 19.55000 78.10700
