M=[
28 5 21 23 50 29305.90000 56.31400000 1988.97000 145.05000 23.47600 133.82900
28 5 21 23 51 29305.90000 56.31400000 1991.00000 145.05000 23.47600 133.82900
28 5 21 23 51 29316.00000 56.31400000 1990.14000 145.05000 23.47600 133.05700
28 5 21 23 52 29316.00000 56.31400000 1992.58000 145.05000 23.47600 133.05700
28 5 21 23 52 29339.90000 56.31400000 1994.32000 145.38000 23.47600 133.05700
28 5 21 23 53 29328.50000 56.31400000 1992.73000 145.38000 23.47600 133.05700
28 5 21 23 53 29304.80000 56.31400000 1991.94000 145.38000 23.47600 133.46700
28 5 21 23 53 29298.90000 56.31400000 1991.46000 145.38000 23.47600 133.46700
28 5 21 23 54 29324.80000 56.31400000 1992.11000 145.38000 23.47600 133.35700
28 5 21 23 54 29339.90000 56.31400000 1991.73000 145.38000 23.47600 133.35700
28 5 21 23 55 29298.60000 56.31400000 1990.48000 145.38000 23.47600 133.35700
28 5 21 23 55 29305.30000 56.31400000 1991.17000 145.38000 23.47600 134.20300
28 5 21 23 56 29280.10000 56.31400000 1986.81000 145.38000 23.47600 134.26900
28 5 21 23 56 29286.60000 56.31400000 1988.78000 145.38000 23.47600 134.26900
28 5 21 23 56 29280.00000 56.31400000 1987.48000 145.35000 23.47600 134.60000
28 5 21 23 57 29295.20000 56.31400000 1986.52000 145.35000 23.47600 135.06000
28 5 21 23 57 29321.20000 56.31400000 1989.38000 145.56000 23.47600 135.06000
28 5 21 23 58 29300.00000 56.31400000 1987.41000 145.56000 23.47600 135.06000
28 5 21 23 58 29300.00000 56.31400000 1986.37000 145.56000 23.47600 135.06000
28 5 21 23 59 29319.30000 56.31400000 1987.18000 145.48000 23.47600 135.48800
28 5 21 23 59 29316.00000 56.31400000 1982.31000 145.48000 23.47600 135.48800
28 5 21 23 59 29299.90000 56.31400000 1983.17000 145.48000 23.47600 135.48800
29 5 21 00 00 29325.00000 56.31400000 1973.06000 145.71000 23.17400 135.02700
29 5 21 00 00 29321.40000 56.31400000 1971.13000 145.59000 23.17400 135.02700
29 5 21 00 01 29405.10000 56.31400000 1978.00000 145.97000 23.17400 135.18300
29 5 21 00 01 29455.50000 56.31400000 1989.60000 146.59000 23.17400 136.63000
29 5 21 00 02 29536.20000 56.47100000 1995.14000 146.64000 23.17400 136.72100
29 5 21 00 02 29577.70000 56.74800000 1996.98000 146.88000 23.17400 137.31700
29 5 21 00 02 29456.80000 56.74800000 1985.18000 146.43000 23.17400 137.09400
29 5 21 00 03 29381.30000 56.27100000 1984.55000 146.07000 23.17400 137.02700
29 5 21 00 03 29357.20000 56.27100000 1982.11000 145.97000 23.17400 136.89300
29 5 21 00 04 29374.50000 56.15300000 1976.51000 145.52000 23.17400 136.24600
29 5 21 00 04 29319.60000 56.15300000 1973.87000 145.13000 23.17400 136.03800
29 5 21 00 05 29329.30000 56.15300000 1978.75000 145.20000 23.17400 136.02100
29 5 21 00 05 29298.00000 56.12000000 1979.19000 145.17000 23.17400 136.01500
29 5 21 00 05 29306.00000 56.12000000 1977.64000 145.17000 23.17400 136.01500
29 5 21 00 06 29306.10000 56.12000000 1981.54000 145.17000 23.17400 136.01500
29 5 21 00 06 29319.00000 56.12000000 1986.89000 145.17000 23.17400 136.01500
29 5 21 00 07 29335.00000 56.12000000 1986.19000 146.82000 23.17400 137.32800
29 5 21 00 07 29440.80000 56.73300000 1993.06000 147.66000 23.17400 138.50800
29 5 21 00 08 29438.50000 56.79000000 1994.06000 148.13000 23.17400 138.50800
29 5 21 00 08 29409.50000 56.75100000 1991.16000 147.98000 23.17400 138.50800
29 5 21 00 08 29429.30000 56.75100000 1993.87000 147.98000 23.17400 138.29300
29 5 21 00 09 29406.90000 56.75100000 1994.19000 147.98000 23.17400 138.29300
29 5 21 00 09 29394.60000 56.75100000 1993.73000 148.32000 23.17400 138.29300
29 5 21 00 10 29384.20000 56.75100000 1992.45000 148.58000 23.17400 138.38100
29 5 21 00 10 29383.60000 56.75100000 1992.55000 147.98000 23.17400 138.38100
29 5 21 00 11 29408.40000 56.64200000 1996.00000 147.98000 23.17400 138.57100
29 5 21 00 11 29379.10000 56.64200000 1998.57000 147.97000 23.17400 138.57100
29 5 21 00 11 29390.20000 56.64200000 1996.78000 148.01000 23.17400 138.57100
29 5 21 00 12 29425.40000 56.64200000 2002.46000 148.00000 23.17400 138.81100
29 5 21 00 12 29445.80000 56.83900000 2000.51000 147.88000 23.17400 138.81100
29 5 21 00 13 29445.50000 56.83900000 2002.64000 147.75000 23.17400 139.00000
29 5 21 00 13 29456.40000 56.92100000 2005.00000 148.10000 23.17400 140.03000
29 5 21 00 14 29476.80000 56.92100000 2005.75000 147.85000 23.17400 140.33600
29 5 21 00 14 29484.60000 57.22500000 2008.05000 148.21000 23.17400 140.33600
29 5 21 00 14 29484.60000 57.22500000 2008.30000 148.21000 23.17400 141.19400
29 5 21 00 15 29468.50000 57.22500000 2008.71000 148.21000 23.17400 140.44600
29 5 21 00 15 29529.90000 57.22500000 2015.43000 148.53000 23.17400 141.09300
29 5 21 00 16 29529.90000 57.20300000 2014.74000 148.69000 23.17400 141.25300
29 5 21 00 16 29500.50000 57.20300000 2016.05000 148.69000 23.17400 141.25300
29 5 21 00 17 29580.40000 57.20300000 2019.51000 149.00000 23.17400 143.25700
29 5 21 00 17 29597.10000 57.34900000 2020.90000 148.97000 23.17400 141.16100
29 5 21 00 17 29597.10000 57.34900000 2020.00000 148.97000 23.17400 140.76000
29 5 21 00 18 29576.40000 57.38500000 2018.00000 148.39000 23.17400 140.76000
29 5 21 00 18 29576.40000 57.13000000 2020.56000 148.33000 23.17400 141.86400
29 5 21 00 19 29610.30000 57.12000000 2020.56000 148.33000 23.17400 141.86400
29 5 21 00 19 29565.30000 57.12000000 2019.35000 148.33000 23.17400 142.34600
29 5 21 00 20 29536.30000 57.12000000 2018.24000 148.33000 23.17400 140.90300
29 5 21 00 20 29516.80000 57.12000000 2013.47000 147.91000 23.17400 141.08500
29 5 21 00 20 29513.60000 57.12000000 2015.07000 148.15000 23.17400 141.08500
29 5 21 00 21 29531.50000 57.12000000 2016.58000 148.41000 23.17400 141.19500
29 5 21 00 21 29522.30000 57.12000000 2016.63000 148.41000 23.17400 141.19500
29 5 21 00 22 29488.40000 57.12000000 2017.77000 148.33000 23.17400 140.90400
29 5 21 00 22 29519.00000 57.12000000 2015.71000 148.36000 23.17400 140.90400
29 5 21 00 23 29513.10000 57.12000000 2015.71000 148.36000 23.17400 140.90400
29 5 21 00 23 29542.70000 57.12000000 2015.71000 148.36000 23.17400 140.81900
29 5 21 00 23 29498.30000 57.12000000 2013.64000 148.33000 23.17400 140.81900
29 5 21 00 24 29503.30000 57.12000000 2016.00000 148.33000 23.17400 141.14600
29 5 21 00 24 29503.30000 56.82600000 2015.21000 148.33000 23.17400 141.19700
29 5 21 00 25 29515.40000 56.83500000 2016.70000 148.33000 23.17400 141.69800
29 5 21 00 25 29508.20000 56.83500000 2016.13000 148.33000 23.17400 141.47200
29 5 21 00 26 29493.10000 56.83500000 2016.13000 148.65000 23.17400 141.19600
29 5 21 00 26 29523.60000 56.83500000 2019.23000 148.59000 23.17400 141.43400
29 5 21 00 26 29506.40000 56.83500000 2017.23000 148.66000 23.17400 141.43400
29 5 21 00 27 29512.00000 56.93400000 2017.78000 148.53000 23.17400 141.43400
29 5 21 00 27 29511.90000 56.93400000 2017.47000 148.53000 23.17400 141.43400
29 5 21 00 28 29511.80000 56.93400000 2018.56000 148.22000 23.17400 141.00000
29 5 21 00 28 29511.80000 56.93400000 2018.37000 148.22000 23.17400 140.07700
29 5 21 00 29 29507.70000 56.79900000 2018.37000 148.22000 23.17400 140.21200
29 5 21 00 29 29573.30000 56.79900000 2022.65000 148.61000 23.17400 140.21200
29 5 21 00 29 29529.10000 56.79900000 2021.55000 148.61000 23.17400 140.35700
29 5 21 00 30 29553.10000 56.79900000 2020.57000 148.37000 23.17400 140.37900
29 5 21 00 30 29521.00000 56.54200000 2018.16000 148.37000 23.17400 140.37900
29 5 21 00 31 29503.60000 56.50800000 2016.83000 148.40000 23.17400 140.23700
29 5 21 00 31 29503.60000 56.50800000 2013.22000 148.25000 23.17400 140.51500
29 5 21 00 32 29454.50000 56.50800000 2012.92000 148.25000 23.17400 140.40600
29 5 21 00 32 29510.60000 56.50800000 2015.85000 148.25000 23.17400 140.40600
29 5 21 00 32 29491.40000 56.44900000 2015.10000 148.25000 23.17400 140.94500
29 5 21 00 33 29491.40000 56.44900000 2015.10000 148.25000 23.17400 141.06900
29 5 21 00 33 29479.70000 56.44900000 2014.49000 148.00000 23.17400 141.06900
29 5 21 00 34 29456.70000 56.44900000 2011.48000 148.08000 23.17400 141.06900
