M=[
10 8 20 05 40 10151.80000 5.86800000 335.82000 49.30000 18.19900 78.86400
10 8 20 05 41 10151.80000 5.86800000 336.02000 49.30000 18.19900 78.86400
10 8 20 05 41 10151.80000 5.86800000 336.03000 49.30000 18.25000 78.86400
10 8 20 05 42 10151.90000 5.86800000 336.02000 49.30000 18.25000 78.86400
10 8 20 05 42 10151.80000 5.86800000 336.02000 49.30000 18.25000 78.86400
10 8 20 05 43 10154.40000 5.86800000 335.90000 49.30000 18.25000 78.86400
10 8 20 05 43 10154.50000 5.86800000 335.91000 49.30000 18.25000 78.86400
10 8 20 05 44 10152.90000 5.86800000 335.67000 49.30000 18.25000 78.86400
10 8 20 05 44 10152.30000 5.86800000 335.69000 49.30000 18.25000 78.86400
10 8 20 05 45 10152.40000 5.86800000 335.80000 49.30000 18.25000 78.98700
10 8 20 05 45 10154.50000 5.86800000 335.87000 49.31000 18.25000 78.98700
10 8 20 05 46 10169.10000 5.86800000 335.87000 49.31000 18.25000 78.98700
10 8 20 05 46 10165.50000 5.86800000 335.84000 49.31000 18.25000 78.98700
10 8 20 05 47 10173.30000 5.86800000 335.87000 49.31000 18.25000 78.98700
10 8 20 05 47 10170.20000 5.86800000 335.86000 49.31000 18.25000 78.98700
10 8 20 05 48 10173.60000 5.86800000 336.08000 49.31000 18.25000 78.98700
10 8 20 05 48 10182.40000 5.86800000 336.17000 49.31000 18.25000 78.98700
10 8 20 05 49 10180.60000 5.86800000 336.17000 49.47000 18.25000 78.98700
10 8 20 05 49 10182.50000 5.86800000 336.33000 49.48000 18.25000 78.98700
10 8 20 05 49 10179.60000 5.86800000 336.30000 49.47000 18.25000 78.98700
10 8 20 05 50 10179.10000 5.86800000 336.03000 49.47000 18.25000 78.98700
10 8 20 05 50 10179.20000 5.86800000 336.03000 49.48000 18.25000 78.98700
10 8 20 05 51 10177.10000 5.86800000 335.62000 49.47000 18.25000 78.98700
10 8 20 05 51 10176.40000 5.86800000 335.49000 49.38000 18.25000 78.98700
10 8 20 05 52 10176.30000 5.86800000 335.65000 49.38000 18.25000 78.98700
10 8 20 05 52 10176.30000 5.86800000 335.65000 49.38000 18.25000 78.94700
10 8 20 05 53 10175.10000 5.86800000 335.45000 49.38000 18.25000 78.94700
10 8 20 05 53 10173.40000 5.86800000 335.42000 49.38000 18.25000 78.94700
10 8 20 05 54 10173.30000 5.86800000 335.38000 49.38000 18.25000 78.94700
10 8 20 05 54 10173.30000 5.86800000 335.39000 49.40000 18.25000 78.94700
10 8 20 05 55 10170.10000 5.86800000 335.40000 49.40000 18.25000 78.67200
10 8 20 05 55 10170.00000 5.86800000 335.40000 49.40000 18.25000 78.67200
10 8 20 05 56 10170.00000 5.86800000 335.27000 49.40000 18.25000 78.67200
10 8 20 05 56 10162.40000 5.86800000 335.45000 49.38000 18.25000 78.67200
10 8 20 05 57 10170.10000 5.86800000 335.45000 49.39000 18.25000 78.67200
10 8 20 05 57 10171.60000 5.86800000 335.78000 49.39000 18.25000 78.67200
10 8 20 05 58 10163.60000 5.86800000 335.78000 49.39000 18.25000 78.67200
10 8 20 05 58 10165.00000 5.86800000 335.42000 49.39000 18.25000 78.67200
10 8 20 05 59 10165.80000 5.86800000 335.62000 49.35000 18.25000 78.67200
10 8 20 05 59 10163.10000 5.86800000 335.44000 49.35000 18.25000 78.63100
10 8 20 06 00 10163.30000 5.86800000 335.59000 49.35000 18.25000 78.63100
10 8 20 06 00 10173.30000 5.86800000 335.94000 49.32000 18.25000 78.63100
10 8 20 06 01 10176.90000 5.86800000 336.22000 49.32000 18.25000 78.63100
10 8 20 06 01 10171.30000 5.86800000 336.24000 49.32000 18.25000 78.63100
10 8 20 06 02 10173.70000 5.86800000 336.24000 49.32000 18.25000 78.63100
10 8 20 06 02 10176.10000 5.86800000 336.26000 49.32000 18.25000 78.63100
10 8 20 06 03 10176.80000 5.86800000 336.38000 49.32000 18.25000 78.63100
10 8 20 06 03 10175.10000 5.86800000 336.38000 49.32000 18.25000 78.63100
10 8 20 06 04 10175.40000 5.86800000 336.35000 49.32000 18.25000 78.63100
10 8 20 06 04 10175.40000 5.86800000 336.36000 49.43000 18.25000 78.63100
10 8 20 06 04 10178.20000 5.86800000 336.36000 49.43000 18.25000 78.63100
10 8 20 06 05 10177.80000 5.86800000 336.36000 49.43000 18.25000 78.63100
10 8 20 06 05 10178.00000 5.86800000 336.31000 49.43000 18.25000 78.63100
10 8 20 06 06 10177.70000 5.86800000 336.29000 49.41000 18.21100 78.63100
10 8 20 06 06 10177.80000 5.86800000 336.28000 49.41000 18.21100 78.63100
10 8 20 06 07 10177.70000 5.86800000 335.91000 49.41000 18.21100 78.63100
10 8 20 06 07 10177.80000 5.86800000 335.91000 49.41000 18.21100 78.63100
10 8 20 06 08 10178.00000 5.86800000 335.89000 49.40000 18.25000 78.79000
10 8 20 06 08 10178.00000 5.86800000 335.90000 49.40000 18.25000 78.79000
10 8 20 06 09 10177.90000 5.86800000 336.29000 49.40000 18.25000 78.79000
10 8 20 06 09 10178.00000 5.87000000 336.30000 49.40000 18.25000 78.79000
10 8 20 06 09 10178.00000 5.87000000 336.30000 49.40000 18.25000 78.79000
10 8 20 06 10 10178.20000 5.87000000 336.29000 49.40000 18.25000 78.79000
10 8 20 06 10 10180.00000 5.87000000 336.30000 49.40000 18.25000 78.79000
10 8 20 06 11 10182.50000 5.87000000 336.30000 49.40000 18.25000 78.79000
10 8 20 06 11 10180.20000 5.87000000 336.31000 49.37000 18.25000 78.79000
10 8 20 06 12 10181.20000 5.87000000 336.31000 49.37000 18.34500 78.79000
10 8 20 06 12 10181.60000 5.87000000 336.31000 49.37000 18.29300 78.79000
10 8 20 06 13 10181.40000 5.87000000 336.30000 49.36000 18.29300 78.79000
10 8 20 06 13 10180.50000 5.87000000 336.30000 49.33000 18.29300 78.79000
10 8 20 06 14 10180.00000 5.87000000 336.30000 49.33000 18.29300 78.79000
10 8 20 06 14 10178.00000 5.87000000 336.20000 49.33000 18.29300 78.79000
10 8 20 06 15 10178.00000 5.87000000 336.19000 49.33000 18.29300 78.79000
10 8 20 06 15 10178.10000 5.87000000 336.20000 49.33000 18.29300 78.79000
10 8 20 06 15 10178.00000 5.87000000 336.20000 49.33000 18.29300 78.79000
10 8 20 06 16 10177.00000 5.90100000 336.16000 49.29000 18.29300 78.79000
10 8 20 06 16 10177.10000 5.90100000 336.15000 49.29000 18.29300 78.79000
10 8 20 06 17 10175.00000 5.90100000 336.10000 49.29000 18.29300 78.79000
10 8 20 06 17 10171.00000 5.90100000 336.10000 49.29000 18.29300 78.79000
10 8 20 06 18 10171.10000 5.90100000 336.11000 49.29000 18.29300 78.79000
10 8 20 06 18 10170.80000 5.90100000 336.10000 49.29000 18.29300 78.79000
10 8 20 06 20 10171.90000 5.90100000 336.10000 49.32000 18.29300 78.79000
10 8 20 06 20 10170.40000 5.90100000 336.10000 49.32000 18.29300 78.79000
10 8 20 06 21 10170.40000 5.90100000 336.11000 49.32000 18.29300 78.79000
10 8 20 06 21 10170.30000 5.90100000 336.11000 49.32000 18.29300 78.79000
10 8 20 06 22 10170.30000 5.90100000 336.10000 49.32000 18.29300 78.79000
10 8 20 06 22 10170.00000 5.90100000 336.11000 49.32000 18.29300 78.79000
10 8 20 06 23 10170.00000 5.90100000 335.68000 49.32000 18.29300 78.79000
10 8 20 06 23 10170.10000 5.90100000 335.68000 49.32000 18.29300 78.79000
10 8 20 06 24 10161.80000 5.90100000 335.50000 49.27000 18.29300 78.79000
10 8 20 06 24 10161.20000 5.90100000 335.27000 49.27000 18.29300 78.79000
10 8 20 06 25 10160.10000 5.90100000 335.33000 49.27000 18.29300 78.79000
10 8 20 06 25 10160.00000 5.90100000 335.39000 49.27000 18.29300 78.79000
10 8 20 06 26 10160.10000 5.90100000 335.49000 49.27000 18.29300 78.79000
10 8 20 06 26 10162.30000 5.90100000 335.59000 49.27000 18.29300 78.79000
10 8 20 06 27 10160.00000 5.90100000 335.55000 49.27000 18.29300 78.79000
10 8 20 06 27 10160.20000 5.90100000 335.56000 49.28000 18.29300 78.79000
10 8 20 06 27 10160.10000 5.90100000 335.49000 49.28000 18.29300 78.79000
10 8 20 06 28 10160.10000 5.90100000 335.39000 49.28000 18.29300 78.79000
10 8 20 06 28 10160.10000 5.90100000 335.44000 49.28000 18.29300 78.79000
10 8 20 06 29 10160.20000 5.90100000 335.59000 49.28000 18.29300 78.79000
10 8 20 06 29 10160.20000 5.90100000 335.62000 49.28000 18.29300 78.79000
10 8 20 06 30 10160.20000 5.90100000 335.67000 49.28000 18.29300 78.79000
10 8 20 06 30 10160.10000 5.90100000 335.62000 49.28000 18.29300 78.79000
10 8 20 06 31 10160.00000 5.90100000 335.63000 49.28000 18.29300 78.79000
10 8 20 06 31 10160.10000 5.90100000 335.63000 49.28000 18.29300 78.79000
10 8 20 06 32 10164.90000 5.90100000 335.63000 49.28000 18.29300 78.95600
10 8 20 06 32 10168.80000 5.90100000 335.88000 49.28000 18.29300 78.95600
