M=[
14 3 21 01 42 50311.00000 11.25400000 1574.37000 184.99000 26.60600 126.21200
14 3 21 01 42 50310.90000 11.25400000 1574.55000 185.05000 26.60600 126.21200
14 3 21 01 42 50311.00000 11.25400000 1573.25000 184.91000 26.60600 126.21200
14 3 21 01 43 50311.00000 11.25400000 1573.25000 185.11000 26.60600 126.21200
14 3 21 01 43 50311.00000 11.25400000 1573.25000 185.12000 26.60600 126.21200
14 3 21 01 44 50310.90000 11.25400000 1573.38000 185.15000 26.60600 126.21200
14 3 21 01 44 50311.00000 11.25400000 1573.38000 185.13000 26.60600 126.21200
14 3 21 01 45 50311.00000 11.25400000 1573.38000 185.13000 26.60600 126.21200
14 3 21 01 45 50311.00000 11.25400000 1573.38000 185.13000 26.60600 126.21200
14 3 21 01 45 50311.00000 11.25400000 1573.37000 185.13000 26.60600 126.21200
14 3 21 01 46 50311.00000 11.25400000 1573.37000 185.13000 26.60600 126.21200
14 3 21 01 46 50311.00000 11.25400000 1573.37000 185.16000 26.60600 126.21200
14 3 21 01 47 50339.80000 11.25400000 1573.38000 185.16000 26.60600 126.21200
14 3 21 01 47 50353.50000 11.25400000 1573.38000 185.16000 26.60600 126.21200
14 3 21 01 48 50368.70000 11.25400000 1574.74000 185.16000 26.60600 126.21200
14 3 21 01 48 50364.60000 11.25400000 1574.34000 185.16000 26.60600 126.21200
14 3 21 01 48 50364.60000 11.25400000 1573.49000 185.16000 26.60600 126.21200
14 3 21 01 49 50364.50000 11.20200000 1573.49000 185.16000 26.60600 126.21200
14 3 21 01 49 50365.00000 11.20200000 1574.80000 185.16000 26.60600 126.21200
14 3 21 01 50 50364.50000 11.20200000 1574.82000 185.16000 26.60600 126.21200
14 3 21 01 50 50385.40000 11.20200000 1574.97000 185.16000 26.60600 126.21200
14 3 21 01 50 50377.10000 11.20200000 1574.98000 185.16000 26.60600 126.21200
14 3 21 01 51 50362.40000 11.20200000 1574.98000 185.16000 26.60600 126.21200
14 3 21 01 51 50379.50000 11.20200000 1574.97000 185.47000 26.60600 126.21200
14 3 21 01 52 50383.20000 11.20200000 1575.00000 185.47000 26.60600 126.21200
14 3 21 01 52 50393.10000 11.20200000 1575.00000 185.47000 26.60600 126.21200
14 3 21 01 53 50397.80000 11.20200000 1575.00000 185.47000 26.60600 126.21200
14 3 21 01 53 50397.80000 11.20200000 1575.19000 185.54000 26.60600 126.21200
14 3 21 01 53 50399.70000 11.20200000 1574.50000 185.54000 26.60600 126.21200
14 3 21 01 54 50411.60000 11.20200000 1574.99000 185.54000 26.60600 126.21200
14 3 21 01 54 50421.40000 11.20200000 1574.99000 185.54000 26.60600 126.21200
14 3 21 01 55 50421.30000 11.20200000 1575.00000 185.54000 26.60600 126.21200
14 3 21 01 55 50421.30000 11.20200000 1575.00000 185.05000 26.60600 126.21200
14 3 21 01 56 50437.00000 11.20200000 1575.00000 185.31000 26.60600 126.21200
14 3 21 01 56 50436.90000 11.20200000 1574.82000 185.22000 26.60600 126.21200
14 3 21 01 56 50420.10000 11.20200000 1575.02000 185.29000 26.60600 126.21200
14 3 21 01 57 50420.10000 11.20200000 1575.02000 185.29000 26.60600 126.21200
14 3 21 01 57 50378.40000 11.20200000 1575.02000 185.29000 26.60600 126.21200
14 3 21 01 58 50338.90000 11.20200000 1572.07000 185.36000 26.60600 126.21200
14 3 21 01 58 50334.40000 11.21200000 1570.14000 185.36000 26.60600 126.21200
14 3 21 01 59 50338.90000 11.21200000 1570.14000 185.36000 26.60600 126.21200
14 3 21 01 59 50338.90000 11.21200000 1570.00000 185.36000 26.60600 126.21200
14 3 21 01 59 50356.70000 11.21200000 1570.00000 185.36000 26.60600 126.21200
14 3 21 02 00 50304.70000 11.21200000 1568.58000 185.36000 26.60600 126.21200
14 3 21 02 00 50307.90000 11.21200000 1569.59000 185.36000 26.60600 126.21200
14 3 21 02 01 50329.70000 11.21200000 1569.38000 185.36000 26.60600 126.21200
14 3 21 02 01 50369.90000 11.21200000 1572.04000 185.36000 26.60600 127.48000
14 3 21 02 02 50392.30000 11.21200000 1572.29000 185.36000 26.60600 127.48000
14 3 21 02 02 50398.10000 11.21200000 1573.17000 185.54000 26.60600 127.48000
14 3 21 02 02 50399.80000 11.21200000 1573.17000 186.09000 26.60600 127.48000
14 3 21 02 03 50417.40000 11.21200000 1573.99000 186.03000 26.60600 127.65900
14 3 21 02 03 50400.00000 11.21200000 1573.99000 186.03000 26.60600 127.65900
14 3 21 02 04 50400.00000 11.21200000 1572.88000 186.03000 26.60600 127.65900
14 3 21 02 04 50400.00000 11.21200000 1572.88000 186.03000 26.60600 127.65900
14 3 21 02 05 50400.00000 11.21200000 1572.12000 185.88000 26.60600 127.65900
14 3 21 02 05 50399.90000 11.21200000 1572.11000 185.88000 26.60600 127.65900
14 3 21 02 05 50399.90000 11.21200000 1572.11000 185.88000 26.60600 127.65900
14 3 21 02 06 50400.00000 11.21200000 1572.11000 185.71000 26.60600 127.65900
14 3 21 02 06 50399.90000 11.21200000 1572.11000 185.71000 26.60600 127.65900
14 3 21 02 07 50399.90000 11.21200000 1573.57000 185.71000 26.60600 127.65900
14 3 21 02 07 50360.80000 11.21200000 1573.57000 185.71000 26.60600 127.65900
14 3 21 02 08 50360.80000 11.21200000 1571.84000 185.71000 26.60600 127.65900
14 3 21 02 08 50315.70000 11.21200000 1570.65000 185.71000 26.60600 127.65900
14 3 21 02 08 50315.60000 11.21200000 1570.65000 185.71000 26.60600 127.65900
14 3 21 02 09 50279.40000 11.21200000 1569.94000 185.25000 26.60600 127.65900
14 3 21 02 09 50279.50000 11.21200000 1569.55000 185.36000 26.60600 127.65900
14 3 21 02 10 50300.00000 11.21200000 1569.55000 185.55000 26.60600 127.65900
14 3 21 02 10 50300.00000 11.21200000 1568.90000 185.55000 26.60600 127.65900
14 3 21 02 11 50279.50000 11.21200000 1568.90000 185.61000 26.60600 127.65900
14 3 21 02 11 50284.60000 11.21200000 1570.01000 185.61000 26.60600 127.65900
14 3 21 02 11 50284.60000 11.21200000 1570.01000 185.43000 26.60600 127.65900
14 3 21 02 12 50284.60000 11.21200000 1570.00000 185.43000 26.60600 127.65900
14 3 21 02 12 50284.60000 11.21200000 1570.45000 185.43000 26.60600 127.65900
14 3 21 02 13 50284.70000 11.21200000 1570.45000 185.43000 26.60600 127.65900
14 3 21 02 13 50284.70000 11.21200000 1570.45000 185.54000 26.60600 127.65900
14 3 21 02 14 50291.80000 11.21200000 1571.64000 185.82000 26.60600 127.65900
14 3 21 02 14 50291.80000 11.21200000 1571.09000 185.82000 26.60600 127.65900
14 3 21 02 14 50299.90000 11.21200000 1571.65000 185.82000 26.60600 127.65900
14 3 21 02 15 50299.90000 11.21200000 1571.65000 185.74000 26.60600 127.65900
14 3 21 02 15 50300.00000 11.21200000 1571.65000 185.74000 26.60600 127.65900
14 3 21 02 16 50300.00000 11.21200000 1572.48000 185.74000 26.60600 127.65900
14 3 21 02 16 50317.80000 11.21200000 1573.68000 185.74000 26.60600 127.65900
14 3 21 02 17 50317.70000 11.21200000 1574.26000 186.03000 26.60600 127.65900
14 3 21 02 17 50317.70000 11.21200000 1574.70000 186.03000 26.60600 127.65900
14 3 21 02 17 50317.80000 11.21200000 1574.70000 186.03000 26.50000 127.65900
14 3 21 02 18 50317.80000 11.21200000 1574.21000 186.03000 26.50000 127.65900
14 3 21 02 18 50317.70000 11.21200000 1574.21000 185.62000 26.50000 127.65900
14 3 21 02 19 50317.70000 11.21200000 1574.21000 185.62000 26.50000 127.65900
14 3 21 02 19 50317.70000 11.21200000 1574.21000 185.62000 26.50000 127.65900
14 3 21 02 20 50317.80000 11.21200000 1574.95000 185.82000 26.50000 127.65900
14 3 21 02 20 50317.70000 11.21200000 1574.95000 185.82000 26.50000 127.65900
14 3 21 02 20 50317.70000 11.21200000 1574.94000 185.82000 26.50000 127.65900
14 3 21 02 21 50317.80000 11.21200000 1574.94000 185.59000 26.50000 127.65900
14 3 21 02 21 50317.80000 11.21200000 1574.94000 185.59000 26.50000 127.65900
14 3 21 02 22 50317.80000 11.21200000 1573.68000 185.52000 26.50000 127.65900
14 3 21 02 22 50331.30000 11.21200000 1573.51000 185.52000 26.50000 127.65900
14 3 21 02 23 50325.70000 11.21200000 1572.88000 185.52000 26.50000 127.65900
14 3 21 02 23 50300.10000 11.21200000 1573.53000 185.25000 26.50000 127.65900
14 3 21 02 23 50300.10000 11.21200000 1573.53000 185.25000 26.50000 127.65900
14 3 21 02 24 50311.50000 11.21200000 1573.14000 185.25000 26.50000 127.65900
14 3 21 02 24 50311.50000 11.21200000 1573.02000 185.25000 26.50000 127.65900
14 3 21 02 25 50276.20000 11.21200000 1573.02000 185.05000 26.50000 127.65900
