M=[
26 5 20 08 03 8200.20000 6.18400000 186.53000 39.19000 11.50000 41.66000
26 5 20 08 03 8204.90000 6.18400000 186.53000 39.21000 11.50000 41.66000
26 5 20 08 03 8200.20000 6.18400000 186.46000 39.19000 11.50000 41.66000
26 5 20 08 04 8201.30000 6.18400000 186.50000 39.19000 11.50000 41.66000
26 5 20 08 04 8204.80000 6.17200000 186.50000 39.19000 11.50000 41.67900
26 5 20 08 05 8206.40000 6.18400000 186.50000 39.19000 11.50000 41.66000
26 5 20 08 05 8205.40000 6.18400000 186.50000 39.19000 11.50000 41.66000
26 5 20 08 06 8208.40000 6.18400000 186.71000 39.25000 11.50000 41.78900
26 5 20 08 06 8235.50000 6.18400000 186.96000 39.25000 11.50000 41.90000
26 5 20 08 07 8240.00000 6.18400000 187.08000 39.25000 11.50000 41.90000
26 5 20 08 07 8249.80000 6.19300000 187.02000 39.25000 11.53300 41.82700
26 5 20 08 08 8243.10000 6.19300000 187.04000 39.25000 11.50000 41.90000
26 5 20 08 08 8242.30000 6.19300000 187.05000 39.30000 11.50000 41.82700
26 5 20 08 09 8242.20000 6.19300000 186.94000 39.30000 11.50000 41.90000
26 5 20 08 09 8242.20000 6.19300000 187.03000 39.30000 11.50000 41.90000
26 5 20 08 10 8235.60000 6.19300000 186.91000 39.30000 11.50000 41.90000
26 5 20 08 10 8235.60000 6.19300000 186.90000 39.25000 11.50000 41.82700
26 5 20 08 11 8235.60000 6.19300000 186.91000 39.25000 11.50000 41.78900
26 5 20 08 11 8240.20000 6.19300000 186.91000 39.25000 11.50000 41.78900
26 5 20 08 11 8240.10000 6.19300000 186.77000 39.25000 11.50000 41.78900
26 5 20 08 12 8240.00000 6.19300000 186.82000 39.25000 11.50000 41.78900
26 5 20 08 12 8240.10000 6.19300000 186.76000 39.25000 11.50000 41.78900
26 5 20 08 13 8240.00000 6.19300000 186.77000 39.26000 11.50000 41.78900
26 5 20 08 13 8240.00000 6.19300000 186.78000 39.26000 11.50000 41.90000
26 5 20 08 14 8240.40000 6.17200000 186.81000 39.22000 11.50000 41.78900
26 5 20 08 14 8240.50000 6.17200000 186.80000 39.22000 11.50000 41.78900
26 5 20 08 15 8241.00000 6.17200000 186.83000 39.22000 11.50000 41.62400
26 5 20 08 15 8242.90000 6.17200000 186.85000 39.22000 11.50000 41.62400
26 5 20 08 15 8237.80000 6.17200000 186.72000 39.22000 11.50000 41.62400
26 5 20 08 16 8238.20000 6.17100000 186.73000 39.24000 11.50000 41.62400
26 5 20 08 16 8237.80000 6.17100000 186.57000 39.24000 11.50000 41.62400
26 5 20 08 17 8237.80000 6.17100000 186.67000 39.24000 11.50000 41.62400
26 5 20 08 17 8238.10000 6.17100000 186.75000 39.23000 11.50000 41.90000
26 5 20 08 18 8237.20000 6.17100000 186.75000 39.23000 11.50000 41.78900
26 5 20 08 18 8237.00000 6.17100000 186.70000 39.23000 11.50000 41.90000
26 5 20 08 19 8239.70000 6.17100000 186.73000 39.23000 11.41900 41.62400
26 5 20 08 19 8235.10000 6.19300000 186.75000 39.23000 11.50000 41.78900
26 5 20 08 20 8232.20000 6.17100000 186.67000 39.21000 11.50000 41.62400
26 5 20 08 20 8236.00000 6.17100000 186.67000 39.23000 11.50000 41.62400
26 5 20 08 21 8235.90000 6.18000000 186.70000 39.21000 11.50000 41.62400
26 5 20 08 21 8227.20000 6.18000000 186.70000 39.21000 11.50000 41.62400
26 5 20 08 21 8230.90000 6.19300000 186.54000 39.21000 11.50000 41.62400
26 5 20 08 22 8228.50000 6.18000000 186.55000 39.21000 11.50000 41.62400
26 5 20 08 22 8228.50000 6.18000000 186.58000 39.22000 11.50000 41.62400
26 5 20 08 23 8230.90000 6.18000000 186.62000 39.22000 11.41900 41.62400
26 5 20 08 23 8230.70000 6.17100000 186.54000 39.22000 11.50000 41.62400
26 5 20 08 24 8228.50000 6.18000000 186.62000 39.22000 11.50000 41.62400
26 5 20 08 24 8235.20000 6.18000000 186.58000 39.24000 11.50000 41.78900
26 5 20 08 25 8237.90000 6.18000000 186.69000 39.24000 11.50000 41.62400
26 5 20 08 25 8234.00000 6.18000000 186.61000 39.21000 11.50000 41.62400
26 5 20 08 26 8233.10000 6.18000000 186.66000 39.21000 11.50000 41.62400
26 5 20 08 26 8233.10000 6.18000000 186.65000 39.21000 11.50000 41.62400
26 5 20 08 26 8231.00000 6.18000000 186.65000 39.21000 11.50000 41.62400
26 5 20 08 27 8231.80000 6.18000000 186.67000 39.21000 11.50000 41.62400
26 5 20 08 27 8232.00000 6.18000000 186.66000 39.21000 11.50000 41.62400
26 5 20 08 28 8236.60000 6.15800000 186.68000 39.21000 11.50000 41.62400
26 5 20 08 28 8235.90000 6.15800000 186.68000 39.21000 11.50000 41.62400
26 5 20 08 29 8235.80000 6.15800000 186.68000 39.21000 11.50000 41.62400
26 5 20 08 29 8235.80000 6.15800000 186.68000 39.21000 11.50000 41.62400
26 5 20 08 30 8239.70000 6.15800000 186.68000 39.21000 11.50000 41.62400
26 5 20 08 30 8239.20000 6.15800000 186.82000 39.21000 11.50000 41.62400
26 5 20 08 30 8238.90000 6.15800000 186.84000 39.21000 11.50000 41.62400
26 5 20 08 31 8231.10000 6.15800000 186.84000 39.25000 11.50000 41.62400
26 5 20 08 31 8231.10000 6.17100000 186.84000 39.19000 11.50000 41.62400
26 5 20 08 32 8230.00000 6.15800000 186.69000 39.19000 11.50000 41.62400
26 5 20 08 32 8225.20000 6.15800000 186.69000 39.19000 11.50000 41.62400
26 5 20 08 33 8228.30000 6.15800000 186.69000 39.19000 11.50000 41.62400
26 5 20 08 33 8223.30000 6.15800000 186.69000 39.19000 11.50000 41.62400
26 5 20 08 34 8223.00000 6.15800000 186.60000 39.19000 11.50000 41.62400
26 5 20 08 34 8225.20000 6.15800000 186.60000 39.19000 11.50000 41.62400
26 5 20 08 35 8218.70000 6.15800000 186.60000 39.19000 11.50000 41.62400
26 5 20 08 35 8216.20000 6.15800000 186.55000 39.19000 11.50000 41.78900
26 5 20 08 36 8216.70000 6.15800000 186.53000 39.18000 11.50000 41.90000
26 5 20 08 36 8215.70000 6.15800000 186.53000 39.18000 11.50000 41.90000
26 5 20 08 36 8216.10000 6.15800000 186.53000 39.18000 11.50000 41.62400
26 5 20 08 37 8216.00000 6.15800000 186.60000 39.18000 11.50000 41.62400
26 5 20 08 37 8217.70000 6.15800000 186.60000 39.18000 11.50000 41.67000
26 5 20 08 38 8210.90000 6.15800000 186.50000 39.18000 11.50000 41.67000
26 5 20 08 38 8210.80000 6.15800000 186.50000 39.18000 11.50000 41.67000
26 5 20 08 39 8213.90000 6.15800000 186.52000 39.18000 11.50000 41.67000
26 5 20 08 39 8217.40000 6.15800000 186.52000 39.18000 11.50000 41.62400
26 5 20 08 40 8216.80000 6.15800000 186.52000 39.18000 11.50000 41.67000
26 5 20 08 40 8216.70000 6.15800000 186.69000 39.18000 11.50000 41.67000
26 5 20 08 41 8220.00000 6.15800000 186.59000 39.23000 11.50000 41.67000
26 5 20 08 41 8222.00000 6.15800000 186.51000 39.22000 11.50000 41.67000
26 5 20 08 41 8223.20000 6.15800000 186.51000 39.22000 11.41900 41.67000
26 5 20 08 42 8222.00000 6.15800000 186.58000 39.22000 11.50000 41.67000
26 5 20 08 42 8222.10000 6.15800000 186.59000 39.22000 11.50000 41.67000
26 5 20 08 43 8222.10000 6.15800000 186.58000 39.22000 11.50000 41.67000
26 5 20 08 43 8222.00000 6.15800000 186.60000 39.22000 11.50000 41.67000
26 5 20 08 44 8217.00000 6.17600000 186.50000 39.22000 11.50000 41.67000
26 5 20 08 44 8217.80000 6.17600000 186.50000 39.22000 11.50000 41.67000
26 5 20 08 45 8218.60000 6.17600000 186.51000 39.23000 11.50000 41.67000
26 5 20 08 45 8217.80000 6.17600000 186.51000 39.23000 11.50000 41.67000
26 5 20 08 46 8218.10000 6.17600000 186.51000 39.23000 11.50000 41.67000
26 5 20 08 46 8218.10000 6.17600000 186.58000 39.23000 11.50000 41.67000
26 5 20 08 47 8219.30000 6.17600000 186.53000 39.23000 11.50000 41.67000
26 5 20 08 47 8220.30000 6.17600000 186.50000 39.23000 11.50000 41.67000
26 5 20 08 47 8220.20000 6.15800000 186.47000 39.23000 11.50000 41.67000
26 5 20 08 48 8218.30000 6.17600000 186.35000 39.23000 11.50000 41.67000
26 5 20 08 48 8218.30000 6.17600000 186.35000 39.23000 11.46100 41.67000
26 5 20 08 49 8218.60000 6.17600000 186.38000 39.23000 11.46100 41.67000
26 5 20 08 49 8220.20000 6.17600000 186.38000 39.23000 11.46100 41.67000
26 5 20 08 50 8215.00000 6.17600000 186.31000 39.23000 11.46100 41.62400
26 5 20 08 50 8215.10000 6.17600000 186.31000 39.18000 11.46100 41.67000
26 5 20 08 51 8215.00000 6.17600000 186.36000 39.22000 11.46100 41.67000
26 5 20 08 51 8220.10000 6.17600000 186.48000 39.22000 11.46100 41.67000
26 5 20 08 52 8218.60000 6.17600000 186.48000 39.22000 11.46100 41.67000
26 5 20 08 52 8215.00000 6.17600000 186.20000 39.22000 11.46100 41.67000
