M=[
 1 11 20 05 34 11804.80000 4.49200000 332.44000 47.53000 11.60100 49.67000
 1 11 20 05 34 11797.40000 4.49200000 332.44000 47.53000 11.60100 49.67000
 1 11 20 05 35 11795.90000 4.49200000 332.12000 47.40000 11.60100 49.67000
 1 11 20 05 35 11796.30000 4.49200000 332.12000 47.40000 11.60100 49.67000
 1 11 20 05 35 11796.90000 4.49200000 332.12000 47.40000 11.60100 49.67000
 1 11 20 05 36 11797.00000 4.49200000 332.12000 47.40000 11.60100 49.67000
 1 11 20 05 36 11798.00000 4.49200000 332.51000 47.40000 11.60100 49.67000
 1 11 20 05 37 11800.70000 4.49200000 332.51000 47.40000 11.60100 49.67000
 1 11 20 05 37 11800.70000 4.49200000 332.51000 47.40000 11.60100 49.67000
 1 11 20 05 38 11800.70000 4.49200000 332.51000 47.40000 11.60100 49.67000
 1 11 20 05 38 11800.70000 4.49200000 332.51000 47.40000 11.60100 49.67000
 1 11 20 05 38 11800.70000 4.49200000 332.51000 47.40000 11.60100 49.67000
 1 11 20 05 39 11797.30000 4.49200000 332.51000 47.40000 11.60100 49.67000
 1 11 20 05 39 11797.30000 4.49200000 332.51000 47.40000 11.60100 49.67000
 1 11 20 05 40 11796.90000 4.49200000 332.51000 47.40000 11.60100 49.67000
 1 11 20 05 40 11797.00000 4.49200000 332.51000 47.40000 11.60100 49.80200
 1 11 20 05 41 11797.00000 4.49200000 332.51000 47.40000 11.60100 49.80200
 1 11 20 05 41 11797.00000 4.49200000 332.29000 47.40000 11.60100 49.80200
 1 11 20 05 41 11799.70000 4.49200000 332.29000 47.40000 11.60100 49.80200
 1 11 20 05 42 11799.70000 4.49200000 332.29000 47.40000 11.60100 49.80200
 1 11 20 05 42 11800.30000 4.49200000 332.32000 47.40000 11.60100 49.80200
 1 11 20 05 43 11800.00000 4.49200000 332.32000 47.40000 11.60100 49.80200
 1 11 20 05 43 11800.00000 4.49200000 332.32000 47.40000 11.60100 49.80200
 1 11 20 05 43 11800.10000 4.49200000 332.32000 47.40000 11.60100 49.80200
 1 11 20 05 44 11800.00000 4.49200000 332.36000 47.40000 11.60100 49.80200
 1 11 20 05 44 11800.10000 4.49200000 332.36000 47.40000 11.60100 49.80200
 1 11 20 05 45 11800.10000 4.49200000 332.36000 47.40000 11.60100 49.80200
 1 11 20 05 45 11800.10000 4.49200000 332.36000 47.40000 11.60100 49.80200
 1 11 20 05 46 11800.10000 4.49200000 332.36000 47.40000 11.60100 49.80200
 1 11 20 05 46 11800.10000 4.49200000 332.36000 47.40000 11.60100 49.80200
 1 11 20 05 46 11800.10000 4.49200000 332.36000 47.40000 11.60100 49.80200
 1 11 20 05 47 11800.70000 4.49200000 332.36000 47.40000 11.60100 49.80200
 1 11 20 05 47 11800.70000 4.49200000 332.19000 47.40000 11.60100 49.80200
 1 11 20 05 48 11800.70000 4.49200000 332.19000 47.40000 11.60100 49.80200
 1 11 20 05 48 11800.60000 4.49200000 332.19000 47.40000 11.60100 49.80200
 1 11 20 05 49 11800.10000 4.49200000 332.19000 47.40000 11.60100 49.80200
 1 11 20 05 49 11775.20000 4.49200000 332.19000 47.40000 11.60100 49.80200
 1 11 20 05 49 11780.90000 4.49200000 332.19000 47.40000 11.60100 49.80200
 1 11 20 05 50 11781.10000 4.49200000 332.19000 47.29000 11.60100 49.80200
 1 11 20 05 50 11781.20000 4.49200000 331.75000 47.29000 11.60100 49.80200
 1 11 20 05 51 11781.10000 4.49200000 331.79000 47.29000 11.60100 49.80200
 1 11 20 05 51 11781.20000 4.49200000 331.79000 47.29000 11.60100 49.80200
 1 11 20 05 52 11770.80000 4.49200000 331.79000 47.29000 11.60100 49.80200
 1 11 20 05 52 11768.00000 4.49200000 331.79000 47.29000 11.60100 49.80200
 1 11 20 05 52 11763.70000 4.49200000 331.79000 47.29000 11.60100 49.80200
 1 11 20 05 53 11767.70000 4.49200000 331.79000 47.29000 11.60100 49.80200
 1 11 20 05 53 11767.70000 4.49200000 331.79000 47.29000 11.60100 49.80200
 1 11 20 05 54 11774.00000 4.49200000 331.79000 47.29000 11.60100 49.80200
 1 11 20 05 54 11774.00000 4.49200000 331.79000 47.29000 11.60100 49.80200
 1 11 20 05 55 11780.60000 4.49200000 331.79000 47.29000 11.60100 49.80200
 1 11 20 05 55 11780.50000 4.49200000 331.79000 47.29000 11.60100 49.80200
 1 11 20 05 55 11780.50000 4.49200000 331.79000 47.29000 11.60100 49.80200
 1 11 20 05 56 11780.50000 4.49200000 331.79000 47.29000 11.60100 49.80200
 1 11 20 05 56 11780.50000 4.49200000 331.79000 47.27000 11.60100 49.80200
 1 11 20 05 57 11774.70000 4.49200000 331.79000 47.27000 11.60100 49.80200
 1 11 20 05 57 11774.70000 4.49200000 331.79000 47.27000 11.60100 49.80200
 1 11 20 05 58 11767.60000 4.49200000 331.79000 47.27000 11.60100 49.80200
 1 11 20 05 58 11772.20000 4.49200000 331.79000 47.27000 11.60100 49.80200
 1 11 20 05 58 11771.70000 4.49200000 331.79000 47.27000 11.60100 49.80200
 1 11 20 05 59 11771.10000 4.49200000 331.32000 47.26000 11.60100 49.80200
 1 11 20 05 59 11766.40000 4.49200000 331.32000 47.26000 11.60100 49.80200
 1 11 20 06 00 11764.20000 4.49200000 331.29000 47.26000 11.60100 49.80200
 1 11 20 06 00 11770.40000 4.49200000 331.29000 47.26000 11.60100 49.80200
 1 11 20 06 01 11775.00000 4.49200000 331.29000 47.26000 11.60100 49.80200
 1 11 20 06 01 11779.40000 4.49200000 331.29000 47.26000 11.60100 49.80200
 1 11 20 06 01 11789.10000 4.49200000 331.29000 47.26000 11.60100 49.80200
 1 11 20 06 02 11790.40000 4.49200000 331.29000 47.26000 11.60100 49.80200
 1 11 20 06 02 11790.60000 4.49200000 331.70000 47.26000 11.60100 49.80200
 1 11 20 06 03 11790.60000 4.49200000 331.70000 47.33000 11.60100 49.80200
 1 11 20 06 03 11790.60000 4.49200000 331.70000 47.35000 11.60100 49.80200
 1 11 20 06 04 11791.00000 4.49200000 331.70000 47.35000 11.60100 49.80200
 1 11 20 06 04 11791.00000 4.49200000 331.70000 47.35000 11.60100 49.80200
 1 11 20 06 04 11774.20000 4.49200000 331.09000 47.35000 11.60100 49.80200
 1 11 20 06 05 11768.40000 4.49200000 331.09000 47.35000 11.60100 49.80200
 1 11 20 06 05 11768.40000 4.49200000 331.09000 47.20000 11.60100 49.75400
 1 11 20 06 06 11776.10000 4.49200000 331.09000 47.20000 11.60100 49.75100
 1 11 20 06 06 11781.00000 4.49200000 331.09000 47.20000 11.60100 49.75100
 1 11 20 06 07 11786.60000 4.49200000 331.09000 47.19000 11.60100 49.75100
 1 11 20 06 07 11781.30000 4.49200000 331.28000 47.19000 11.60100 49.75100
 1 11 20 06 07 11781.10000 4.49200000 331.28000 47.19000 11.60100 49.75100
 1 11 20 06 08 11781.10000 4.49200000 331.10000 47.19000 11.60100 49.75100
 1 11 20 06 08 11781.10000 4.49200000 331.04000 47.19000 11.60100 49.75100
 1 11 20 06 09 11771.00000 4.49200000 331.04000 47.19000 11.60100 49.75100
 1 11 20 06 09 11769.60000 4.49200000 331.04000 47.19000 11.60100 49.75100
 1 11 20 06 10 11766.10000 4.49200000 331.04000 47.19000 11.60100 49.75100
 1 11 20 06 10 11773.60000 4.49200000 331.04000 47.19000 11.60100 49.75100
 1 11 20 06 10 11769.60000 4.49200000 331.04000 47.19000 11.60100 49.75100
 1 11 20 06 11 11769.10000 4.49200000 331.04000 47.19000 11.60100 49.75100
 1 11 20 06 11 11778.20000 4.49200000 331.04000 47.19000 11.60100 49.75100
 1 11 20 06 12 11773.90000 4.49200000 331.04000 47.19000 11.60100 49.75100
 1 11 20 06 12 11773.90000 4.49200000 331.03000 47.19000 11.60100 49.75100
 1 11 20 06 13 11770.50000 4.49200000 331.03000 47.19000 11.60100 49.75100
 1 11 20 06 13 11777.60000 4.49200000 331.04000 47.19000 11.60100 49.75100
 1 11 20 06 13 11777.60000 4.49200000 331.04000 47.19000 11.60100 49.75100
 1 11 20 06 14 11777.60000 4.49200000 331.04000 47.15000 11.60100 49.75100
 1 11 20 06 14 11773.00000 4.49200000 331.04000 47.15000 11.60100 49.75100
 1 11 20 06 15 11773.00000 4.49200000 331.04000 47.15000 11.60100 49.75100
 1 11 20 06 15 11781.30000 4.49200000 331.04000 47.15000 11.60100 49.75100
 1 11 20 06 16 11785.30000 4.49200000 331.04000 47.15000 11.60100 49.75100
 1 11 20 06 16 11785.30000 4.49200000 331.04000 47.15000 11.60100 49.75100
 1 11 20 06 16 11776.00000 4.49200000 331.04000 47.15000 11.60100 49.75100
 1 11 20 06 17 11776.20000 4.49200000 331.04000 47.15000 11.60100 49.75100
 1 11 20 06 17 11772.20000 4.49200000 331.04000 47.15000 11.60100 49.75100
 1 11 20 06 18 11768.70000 4.49200000 331.15000 47.15000 11.60100 49.75100
 1 11 20 06 18 11766.10000 4.49200000 331.15000 47.15000 11.60100 49.75100
 1 11 20 06 19 11765.10000 4.49200000 331.06000 47.15000 11.60100 49.75100
