M=[
11 9 20 00 13 8776.70000 4.41800000 313.54000 41.37000 14.27800 52.88000
11 9 20 00 14 8776.70000 4.41800000 313.47000 41.37000 14.27800 52.88000
11 9 20 00 14 8776.00000 4.41800000 313.47000 41.37000 14.27800 52.88000
11 9 20 00 15 8778.40000 4.41800000 313.47000 41.37000 14.27800 52.88000
11 9 20 00 15 8782.00000 4.41800000 313.73000 41.37000 14.27600 52.88000
11 9 20 00 16 8782.00000 4.41800000 313.73000 41.37000 14.27600 52.88000
11 9 20 00 16 8779.70000 4.41800000 313.75000 41.37000 14.27600 52.88000
11 9 20 00 16 8780.20000 4.41800000 313.87000 41.37000 14.27600 52.88000
11 9 20 00 17 8778.70000 4.41800000 313.87000 41.37000 14.27600 52.88000
11 9 20 00 17 8779.50000 4.41800000 313.87000 41.37000 14.27600 52.88000
11 9 20 00 18 8779.60000 4.41800000 313.87000 41.37000 14.27600 52.88000
11 9 20 00 18 8779.50000 4.41800000 313.87000 41.37000 14.27600 52.88000
11 9 20 00 19 8774.50000 4.41800000 313.87000 41.37000 14.27600 52.88000
11 9 20 00 19 8773.50000 4.41800000 313.87000 41.37000 14.27600 52.88000
11 9 20 00 19 8773.50000 4.41800000 313.87000 41.37000 14.27600 52.88000
11 9 20 00 20 8775.30000 4.41800000 313.87000 41.37000 14.27600 52.88000
11 9 20 00 20 8775.30000 4.41800000 313.59000 41.37000 14.27600 52.88000
11 9 20 00 21 8775.50000 4.41800000 313.59000 41.37000 14.27600 52.88000
11 9 20 00 21 8776.90000 4.41800000 313.59000 41.37000 14.27600 52.88000
11 9 20 00 22 8781.30000 4.41800000 313.82000 41.37000 14.27600 52.59800
11 9 20 00 22 8778.30000 4.41800000 313.82000 41.37000 14.27600 52.59800
11 9 20 00 22 8778.50000 4.41800000 314.27000 41.34000 14.27600 52.59800
11 9 20 00 23 8782.80000 4.41800000 314.48000 41.34000 14.27600 52.59800
11 9 20 00 23 8782.80000 4.41800000 314.27000 41.34000 14.27600 52.59800
11 9 20 00 24 8784.70000 4.41800000 314.27000 41.34000 14.27600 52.59800
11 9 20 00 24 8784.70000 4.41800000 314.27000 41.34000 14.27600 52.59800
11 9 20 00 25 8788.90000 4.41800000 314.49000 41.34000 14.27600 52.59800
11 9 20 00 25 8782.90000 4.41800000 314.50000 41.34000 14.27600 52.39000
11 9 20 00 26 8782.90000 4.41800000 314.50000 41.34000 14.27600 52.35100
11 9 20 00 26 8785.50000 4.41800000 314.37000 41.34000 14.27600 52.35100
11 9 20 00 26 8787.10000 4.41800000 314.37000 41.34000 14.27600 52.35100
11 9 20 00 27 8784.10000 4.41800000 314.56000 41.34000 14.27600 52.35100
11 9 20 00 27 8784.10000 4.41800000 314.73000 41.34000 14.27600 52.35100
11 9 20 00 28 8782.90000 4.41800000 314.68000 41.34000 14.27600 52.35100
11 9 20 00 28 8780.70000 4.41800000 314.50000 41.34000 14.27600 52.35100
11 9 20 00 29 8780.90000 4.41800000 314.50000 41.34000 14.27600 52.35100
11 9 20 00 29 8780.90000 4.41800000 314.52000 41.34000 14.27600 52.35100
11 9 20 00 29 8777.40000 4.41800000 314.52000 41.34000 14.27600 52.35100
11 9 20 00 30 8777.20000 4.41800000 314.52000 41.34000 14.27600 52.35100
11 9 20 00 30 8777.20000 4.41800000 314.52000 41.34000 14.27600 52.35100
11 9 20 00 31 8776.70000 4.41800000 314.52000 41.34000 14.27600 52.35100
11 9 20 00 31 8776.80000 4.41800000 313.68000 41.34000 14.27600 52.35100
11 9 20 00 32 8775.10000 4.41800000 313.46000 41.34000 14.27600 52.35100
11 9 20 00 32 8778.00000 4.41800000 313.51000 41.34000 14.27600 52.35100
11 9 20 00 32 8776.00000 4.41800000 313.95000 41.34000 14.27600 52.35100
11 9 20 00 33 8775.20000 4.41800000 313.95000 41.34000 14.27600 52.35100
11 9 20 00 33 8776.10000 4.41800000 313.95000 41.34000 14.27600 52.35100
11 9 20 00 34 8776.10000 4.41800000 313.73000 41.34000 14.27600 52.35100
11 9 20 00 34 8776.10000 4.41800000 313.73000 41.34000 14.27600 52.35100
11 9 20 00 35 8781.10000 4.41800000 313.79000 41.34000 14.27600 52.35100
11 9 20 00 35 8781.10000 4.41800000 313.79000 41.34000 14.27600 52.35100
11 9 20 00 36 8779.20000 4.41800000 313.79000 41.34000 14.27600 52.35100
11 9 20 00 36 8779.30000 4.41800000 313.79000 41.34000 14.27600 52.35100
11 9 20 00 36 8776.10000 4.41800000 313.79000 41.34000 14.27600 52.35100
11 9 20 00 37 8776.10000 4.41800000 313.79000 41.34000 14.27600 52.35100
11 9 20 00 37 8776.10000 4.41800000 313.79000 41.34000 14.27600 52.35100
11 9 20 00 38 8776.10000 4.41800000 313.79000 41.17000 14.27600 52.35100
11 9 20 00 38 8776.10000 4.41800000 313.66000 41.17000 14.27600 52.35100
11 9 20 00 39 8776.10000 4.41800000 313.66000 41.17000 14.27600 52.35100
11 9 20 00 39 8773.30000 4.41800000 313.46000 41.17000 14.27600 52.35100
11 9 20 00 39 8773.30000 4.41800000 313.46000 41.17000 14.27600 52.35100
11 9 20 00 40 8769.30000 4.41800000 313.52000 41.17000 14.27600 52.35100
11 9 20 00 40 8769.40000 4.41800000 313.45000 41.17000 14.27600 52.35100
11 9 20 00 41 8769.40000 4.41800000 313.45000 41.17000 14.27600 52.35100
11 9 20 00 41 8769.40000 4.41800000 313.48000 41.17000 14.27600 52.35100
11 9 20 00 42 8771.50000 4.41800000 313.48000 41.17000 14.27600 52.35100
11 9 20 00 42 8772.90000 4.41800000 313.47000 41.17000 14.27600 52.35100
11 9 20 00 43 8772.40000 4.41800000 313.46000 41.17000 14.27600 52.35100
11 9 20 00 43 8772.10000 4.41800000 313.61000 41.17000 14.27600 52.35100
11 9 20 00 44 8775.90000 4.41800000 313.61000 41.17000 14.27600 52.35100
11 9 20 00 44 8776.00000 4.41800000 313.59000 41.17000 14.27600 52.35100
11 9 20 00 45 8776.00000 4.41800000 313.59000 41.17000 14.27600 52.35100
11 9 20 00 45 8774.90000 4.41800000 313.59000 41.17000 14.27600 52.35100
11 9 20 00 46 8773.20000 4.41800000 313.59000 41.17000 14.27600 52.35100
11 9 20 00 46 8773.90000 4.41800000 313.59000 41.17000 14.27600 52.37800
11 9 20 00 46 8777.10000 4.41800000 313.59000 41.17000 14.27600 52.37800
11 9 20 00 47 8777.20000 4.41800000 313.90000 41.17000 14.27600 52.37800
11 9 20 00 47 8777.10000 4.41800000 313.90000 41.17000 14.27600 52.37800
11 9 20 00 48 8777.40000 4.41800000 313.86000 41.17000 14.27600 52.37800
11 9 20 00 48 8776.00000 4.41800000 313.86000 41.17000 14.27600 52.37800
11 9 20 00 49 8772.40000 4.41800000 313.86000 41.17000 14.27600 52.37800
11 9 20 00 49 8769.70000 4.41800000 313.86000 41.17000 14.27600 52.37800
11 9 20 00 49 8770.00000 4.41800000 313.86000 41.17000 14.27600 52.37800
11 9 20 00 50 8769.90000 4.41800000 313.65000 41.17000 14.27600 52.37800
11 9 20 00 50 8769.90000 4.41800000 313.65000 41.17000 14.27600 52.37800
11 9 20 00 51 8770.10000 4.41800000 313.80000 41.17000 14.27600 52.37800
11 9 20 00 51 8770.10000 4.41800000 314.27000 41.22000 14.27600 52.37800
11 9 20 00 52 8773.80000 4.41800000 314.27000 41.22000 14.27600 52.37800
11 9 20 00 52 8773.80000 4.41800000 314.27000 41.22000 14.27600 52.37800
11 9 20 00 53 8773.80000 4.41800000 314.27000 41.22000 14.27600 52.37800
11 9 20 00 53 8771.30000 4.41800000 314.27000 41.22000 14.27600 52.37800
11 9 20 00 53 8771.20000 4.41800000 314.27000 41.22000 14.27600 52.37800
11 9 20 00 54 8771.30000 4.41800000 313.67000 41.22000 14.27600 52.37800
11 9 20 00 54 8771.30000 4.41800000 313.67000 41.22000 14.27600 52.37800
11 9 20 00 55 8770.20000 4.41800000 313.47000 41.22000 14.27600 52.37800
11 9 20 00 55 8769.30000 4.41800000 313.46000 41.22000 14.27600 52.37800
11 9 20 00 56 8767.60000 4.41800000 313.46000 41.22000 14.27600 52.37800
11 9 20 00 56 8769.50000 4.41800000 313.46000 41.22000 14.27600 52.37800
11 9 20 00 56 8767.60000 4.41800000 313.46000 41.22000 14.27600 52.37800
11 9 20 00 57 8767.50000 4.41800000 313.46000 41.22000 14.27600 52.37800
11 9 20 00 57 8767.10000 4.41800000 313.39000 41.22000 14.27600 52.37800
11 9 20 00 58 8762.40000 4.41800000 313.24000 41.22000 14.27600 52.37800
11 9 20 00 58 8762.70000 4.41800000 312.96000 41.22000 14.27600 52.37800
11 9 20 00 59 8762.70000 4.41800000 312.90000 41.22000 14.27600 52.37800
11 9 20 00 59 8762.70000 4.41800000 312.77000 41.15000 14.27600 52.37800
11 9 20 00 59 8763.90000 4.41800000 312.77000 41.13000 14.27600 52.37800
11 9 20 01 00 8762.60000 4.41800000 312.37000 41.13000 14.27600 52.37800
11 9 20 01 00 8762.60000 4.41800000 312.55000 41.13000 14.27600 52.37800
11 9 20 01 01 8763.60000 4.41800000 312.88000 41.13000 14.27600 52.37800
