M=[
 3 11 20 16 58 11718.90000 4.11200000 326.00000 45.07000 13.43500 44.50000
 3 11 20 16 59 11719.40000 4.11200000 325.92000 45.07000 13.43500 44.50000
 3 11 20 16 59 11722.10000 4.11200000 325.92000 45.07000 13.56800 44.50000
 3 11 20 17 00 11721.70000 4.11200000 325.92000 45.07000 13.30000 44.50000
 3 11 20 17 00 11725.70000 4.11200000 325.98000 45.08000 13.41500 44.50000
 3 11 20 17 01 11726.90000 4.11200000 325.98000 45.08000 13.41500 44.50000
 3 11 20 17 01 11727.00000 4.11200000 326.06000 45.17000 13.41500 44.50000
 3 11 20 17 01 11727.00000 4.11200000 326.06000 45.17000 13.41500 44.50000
 3 11 20 17 02 11727.00000 4.11200000 326.06000 45.17000 13.41500 44.50000
 3 11 20 17 02 11727.00000 4.11200000 326.29000 45.17000 13.41500 44.50000
 3 11 20 17 03 11726.50000 4.11200000 326.12000 45.17000 13.41500 44.50000
 3 11 20 17 03 11719.60000 4.11200000 326.12000 45.17000 13.41500 44.50000
 3 11 20 17 04 11720.40000 4.11200000 325.99000 45.13000 13.41500 44.50000
 3 11 20 17 04 11722.00000 4.11200000 325.99000 45.13000 13.41500 44.50000
 3 11 20 17 04 11717.00000 4.11200000 325.99000 45.13000 13.41500 44.50000
 3 11 20 17 05 11719.50000 4.11200000 325.99000 45.12000 13.36300 44.50000
 3 11 20 17 05 11720.50000 4.11200000 325.99000 45.12000 13.36200 44.50000
 3 11 20 17 06 11719.00000 4.11200000 325.99000 45.12000 13.36200 44.50000
 3 11 20 17 06 11719.00000 4.11200000 326.00000 45.12000 13.36200 44.50000
 3 11 20 17 07 11719.00000 4.11200000 326.00000 45.12000 13.36200 44.50000
 3 11 20 17 07 11718.90000 4.11200000 325.67000 45.12000 13.36200 44.50000
 3 11 20 17 07 11721.00000 4.11200000 325.73000 45.12000 13.36200 44.50000
 3 11 20 17 08 11713.00000 4.11200000 325.73000 45.10000 13.36200 44.50000
 3 11 20 17 08 11718.80000 4.11200000 325.55000 45.10000 13.36200 44.50000
 3 11 20 17 09 11715.60000 4.11200000 325.55000 45.10000 13.36200 44.50000
 3 11 20 17 09 11714.50000 4.11200000 325.48000 45.10000 13.36200 44.50000
 3 11 20 17 10 11714.50000 4.11200000 325.46000 45.04000 13.37500 44.50000
 3 11 20 17 10 11714.40000 4.11200000 325.36000 45.04000 13.37500 44.50000
 3 11 20 17 10 11714.40000 4.11200000 325.36000 45.06000 13.37500 44.50000
 3 11 20 17 11 11707.40000 4.11200000 325.24000 45.06000 13.39800 44.50000
 3 11 20 17 11 11709.10000 4.11200000 325.25000 45.06000 13.71100 44.41800
 3 11 20 17 12 11709.00000 4.11200000 325.25000 45.06000 13.71100 44.35000
 3 11 20 17 12 11708.70000 4.11200000 325.27000 45.06000 13.71100 44.28800
 3 11 20 17 13 11710.00000 4.11200000 325.63000 45.07000 13.77000 44.26200
 3 11 20 17 13 11714.00000 4.11200000 325.63000 45.07000 13.53400 44.26200
 3 11 20 17 13 11714.00000 4.11200000 325.63000 45.07000 13.53400 44.26200
 3 11 20 17 14 11711.10000 4.11200000 325.61000 45.07000 13.54300 44.26200
 3 11 20 17 14 11712.90000 4.11200000 325.61000 45.07000 13.54300 44.26200
 3 11 20 17 15 11713.80000 4.11200000 325.61000 45.07000 13.54300 44.26200
 3 11 20 17 15 11714.00000 4.11200000 325.68000 45.07000 13.74900 44.26200
 3 11 20 17 16 11718.90000 4.10700000 325.76000 45.07000 13.56300 44.26200
 3 11 20 17 16 11732.30000 4.10700000 325.76000 45.07000 13.77000 44.26200
 3 11 20 17 16 11732.20000 4.10700000 325.76000 45.07000 13.70000 44.26200
 3 11 20 17 17 11728.20000 4.10700000 325.84000 45.07000 13.70000 44.26200
 3 11 20 17 17 11724.10000 4.10700000 325.57000 45.07000 13.70000 44.26200
 3 11 20 17 18 11728.60000 4.10300000 325.56000 45.07000 13.84000 44.29800
 3 11 20 17 18 11731.60000 4.10300000 325.56000 45.07000 13.89900 44.29800
 3 11 20 17 19 11731.70000 4.10300000 325.76000 45.07000 13.89900 44.29800
 3 11 20 17 19 11727.50000 4.10300000 325.76000 45.07000 13.90000 44.29800
 3 11 20 17 19 11726.90000 4.10300000 325.73000 45.07000 13.90000 44.29800
 3 11 20 17 20 11725.80000 4.10300000 325.73000 45.03000 13.90000 44.29800
 3 11 20 17 20 11725.10000 4.10400000 325.73000 45.03000 13.89800 44.29800
 3 11 20 17 21 11725.10000 4.10400000 325.44000 45.03000 13.90000 44.43700
 3 11 20 17 21 11725.10000 4.10400000 325.41000 45.03000 13.90000 44.43700
 3 11 20 17 22 11727.30000 4.10400000 325.41000 45.03000 13.82600 44.43700
 3 11 20 17 22 11729.60000 4.10400000 325.41000 45.03000 13.83100 44.43700
 3 11 20 17 22 11730.00000 4.10400000 325.41000 45.03000 13.83100 44.39400
 3 11 20 17 23 11729.90000 4.10400000 325.41000 45.03000 13.83100 44.39400
 3 11 20 17 23 11729.20000 4.10400000 325.41000 45.04000 13.83100 44.39400
 3 11 20 17 24 11725.00000 4.10400000 325.41000 45.05000 13.89900 44.39400
 3 11 20 17 24 11721.30000 4.10400000 325.41000 45.05000 13.89900 44.39400
 3 11 20 17 25 11725.90000 4.10400000 325.28000 45.03000 13.89800 44.39400
 3 11 20 17 25 11729.40000 4.10400000 325.57000 45.03000 13.89800 44.39400
 3 11 20 17 25 11725.60000 4.10400000 325.57000 45.03000 13.77300 44.39400
 3 11 20 17 26 11721.40000 4.10400000 325.42000 45.03000 13.77300 44.39400
 3 11 20 17 26 11721.40000 4.10400000 325.42000 45.03000 13.80000 44.39400
 3 11 20 17 27 11724.90000 4.10400000 325.10000 45.03000 13.80000 44.39400
 3 11 20 17 27 11721.40000 4.10400000 325.41000 45.03000 13.80000 44.39400
 3 11 20 17 28 11721.40000 4.10400000 325.11000 45.03000 13.81800 44.39400
 3 11 20 17 28 11711.40000 4.10400000 325.13000 45.03000 13.81800 44.39400
 3 11 20 17 28 11711.40000 4.10400000 325.13000 45.03000 13.81800 44.39400
 3 11 20 17 29 11711.30000 4.10400000 325.13000 45.03000 13.89900 44.39400
 3 11 20 17 29 11711.10000 4.10400000 325.13000 45.03000 13.79100 44.39400
 3 11 20 17 30 11711.10000 4.10400000 325.13000 45.02000 13.79100 44.39400
 3 11 20 17 30 11705.90000 4.10400000 325.13000 45.02000 13.76800 44.39400
 3 11 20 17 31 11706.80000 4.10400000 325.10000 45.02000 13.75200 44.39400
 3 11 20 17 31 11707.90000 4.10400000 325.11000 45.02000 13.75200 44.39400
 3 11 20 17 31 11711.90000 4.10400000 325.36000 45.02000 13.75200 44.39400
 3 11 20 17 32 11721.20000 4.10400000 325.36000 45.02000 13.73000 44.39400
 3 11 20 17 32 11721.90000 4.10400000 325.85000 45.02000 13.73000 44.39400
 3 11 20 17 33 11725.90000 4.10400000 325.94000 45.02000 13.63400 44.39400
 3 11 20 17 33 11727.90000 4.10400000 325.95000 45.10000 13.63400 44.39400
 3 11 20 17 34 11729.80000 4.10400000 326.01000 45.16000 13.63400 44.39400
 3 11 20 17 34 11732.10000 4.10400000 326.01000 45.15000 13.63400 44.39400
 3 11 20 17 34 11731.80000 4.10400000 326.01000 45.15000 13.87900 44.39400
 3 11 20 17 35 11731.90000 4.10400000 326.01000 45.18000 13.87900 44.39400
 3 11 20 17 35 11731.80000 4.10800000 325.97000 45.18000 13.63700 44.39400
 3 11 20 17 36 11731.80000 4.10800000 326.05000 45.18000 13.63800 44.39400
 3 11 20 17 36 11737.90000 4.10800000 326.05000 45.18000 13.63800 44.39400
 3 11 20 17 37 11737.90000 4.10800000 326.05000 45.18000 13.63800 44.39400
 3 11 20 17 37 11736.80000 4.10800000 326.05000 45.18000 13.63800 44.39400
 3 11 20 17 37 11737.90000 4.10800000 326.05000 45.18000 13.63800 44.39400
 3 11 20 17 38 11739.40000 4.10800000 326.22000 45.21000 13.63800 44.39400
 3 11 20 17 38 11737.30000 4.10800000 326.22000 45.21000 13.63800 44.39400
 3 11 20 17 39 11737.10000 4.10800000 326.15000 45.21000 13.63800 44.39400
 3 11 20 17 39 11739.80000 4.10800000 326.15000 45.21000 13.63800 44.39400
 3 11 20 17 40 11739.90000 4.10800000 326.29000 45.21000 13.63800 44.39400
 3 11 20 17 40 11740.00000 4.10800000 326.32000 45.21000 13.63800 44.39400
 3 11 20 17 40 11742.90000 4.10800000 326.32000 45.18000 13.63800 44.39400
 3 11 20 17 41 11745.10000 4.10800000 326.03000 45.18000 13.63800 44.39400
 3 11 20 17 41 11745.00000 4.10800000 326.03000 45.18000 13.63800 44.39400
 3 11 20 17 42 11745.00000 4.10800000 326.14000 45.14000 13.63500 44.39400
 3 11 20 17 42 11745.00000 4.10800000 326.24000 45.19000 13.63500 44.39400
 3 11 20 17 43 11745.90000 4.10800000 326.24000 45.19000 13.86600 44.39400
 3 11 20 17 43 11745.90000 4.10800000 326.26000 45.19000 13.90000 44.39400
 3 11 20 17 43 11747.90000 4.10800000 326.23000 45.19000 13.90000 44.39400
