M=[
16 12 20 02 48 16009.00000 4.94500000 481.99000 66.15000 13.44600 55.81100
16 12 20 02 49 16010.40000 4.94500000 481.99000 66.15000 13.44600 55.81100
16 12 20 02 49 16016.50000 4.94500000 482.03000 66.15000 13.44600 55.81100
16 12 20 02 50 16015.70000 4.94500000 482.20000 66.27000 13.44600 55.81100
16 12 20 02 50 16012.70000 4.94500000 482.20000 66.27000 13.44600 55.81100
16 12 20 02 51 16001.30000 4.94500000 481.86000 66.27000 13.44600 55.81100
16 12 20 02 51 16004.20000 4.94500000 481.86000 66.27000 13.44600 55.81100
16 12 20 02 51 16008.00000 4.94500000 481.86000 66.27000 13.44600 55.81100
16 12 20 02 52 16009.30000 4.94500000 481.86000 66.27000 13.44600 55.81100
16 12 20 02 52 16008.40000 4.94500000 481.95000 66.27000 13.44600 55.81100
16 12 20 02 53 16009.90000 4.94500000 481.95000 66.27000 13.44600 55.81100
16 12 20 02 53 16012.70000 4.94500000 481.95000 66.27000 13.44600 55.81100
16 12 20 02 54 16018.10000 4.94500000 481.95000 66.27000 13.44600 55.81100
16 12 20 02 54 16016.50000 4.94500000 481.94000 66.27000 13.44600 55.81100
16 12 20 02 54 16013.20000 4.94500000 481.94000 66.17000 13.44600 55.81100
16 12 20 02 55 16014.40000 4.94500000 481.94000 66.17000 13.44600 55.81100
16 12 20 02 55 16020.40000 4.94500000 481.94000 66.17000 13.44600 55.81100
16 12 20 02 56 16018.60000 4.94500000 481.94000 66.17000 13.44600 55.81100
16 12 20 02 56 16019.90000 4.94500000 481.94000 66.17000 13.44600 55.81100
16 12 20 02 57 16021.50000 4.94500000 481.94000 66.17000 13.44600 55.81100
16 12 20 02 57 16025.10000 4.94500000 482.03000 66.17000 13.44600 55.81100
16 12 20 02 57 16027.90000 4.94500000 482.17000 66.17000 13.44600 55.81100
16 12 20 02 58 16028.50000 4.94500000 482.17000 66.17000 13.44600 55.81100
16 12 20 02 58 16027.60000 4.94500000 482.17000 66.17000 13.44600 55.81100
16 12 20 02 59 16026.10000 4.94500000 482.36000 66.17000 13.44600 55.81100
16 12 20 02 59 16021.20000 4.94500000 482.36000 66.32000 13.44600 55.81100
16 12 20 03 00 16024.00000 4.94500000 482.36000 66.32000 13.44600 55.81100
16 12 20 03 00 16031.80000 4.94500000 482.36000 66.32000 13.44600 55.91300
16 12 20 03 00 16027.30000 4.94500000 482.36000 66.32000 13.44600 55.91300
16 12 20 03 01 16026.90000 4.94500000 482.41000 66.32000 13.44600 55.91300
16 12 20 03 01 16024.50000 4.94500000 482.41000 66.32000 13.44600 55.91300
16 12 20 03 02 16021.20000 4.94500000 482.41000 66.32000 13.44600 55.91300
16 12 20 03 02 16020.40000 4.94500000 482.41000 66.32000 13.44600 55.90300
16 12 20 03 03 16019.40000 4.94500000 482.35000 66.32000 13.44600 55.90300
16 12 20 03 03 16011.70000 4.94500000 482.06000 66.32000 13.44600 55.90300
16 12 20 03 03 16005.30000 4.94500000 481.88000 66.32000 13.44600 55.90300
16 12 20 03 04 16005.70000 4.94500000 481.85000 66.32000 13.44600 55.90300
16 12 20 03 04 16010.10000 4.94500000 481.85000 66.32000 13.44600 55.90300
16 12 20 03 05 16008.90000 4.94500000 481.85000 66.32000 13.44600 55.90300
16 12 20 03 05 16004.40000 4.94500000 481.85000 66.32000 13.44600 55.90300
16 12 20 03 06 16005.90000 4.94500000 481.85000 66.15000 13.44600 55.90300
16 12 20 03 06 16007.00000 4.94500000 481.85000 66.14000 13.44600 55.90300
16 12 20 03 06 15997.50000 4.94500000 481.89000 66.09000 13.44600 55.90300
16 12 20 03 07 16000.80000 4.94500000 481.89000 66.09000 13.44600 55.90300
16 12 20 03 07 16000.10000 4.94500000 481.89000 66.09000 13.44600 55.90300
16 12 20 03 08 15996.30000 4.94500000 481.90000 66.09000 13.44600 55.90300
16 12 20 03 08 16005.70000 4.94500000 482.08000 66.16000 13.44600 55.90300
16 12 20 03 09 16005.20000 4.94500000 482.17000 66.16000 13.44600 55.90300
16 12 20 03 09 16001.60000 4.94500000 482.22000 66.16000 13.44600 55.90300
16 12 20 03 09 16001.30000 4.94500000 482.22000 66.16000 13.44600 55.90300
16 12 20 03 10 15997.20000 4.94500000 482.22000 66.16000 13.44600 55.90300
16 12 20 03 10 15997.30000 4.94500000 482.22000 66.16000 13.44600 55.90300
16 12 20 03 11 15996.40000 4.94500000 482.22000 66.16000 13.44600 55.90300
16 12 20 03 11 15996.30000 4.94500000 482.22000 66.16000 13.44600 55.90300
16 12 20 03 12 15996.30000 4.94500000 482.22000 66.16000 13.44600 55.90300
16 12 20 03 12 15993.90000 4.94500000 482.22000 66.16000 13.44600 55.90300
16 12 20 03 12 15993.90000 4.94500000 482.22000 66.16000 13.44600 55.90300
16 12 20 03 13 15993.90000 4.94500000 482.22000 66.16000 13.44600 55.90300
16 12 20 03 13 15991.90000 4.94500000 482.00000 66.16000 13.44600 55.90300
16 12 20 03 14 15991.90000 4.94500000 482.00000 66.16000 13.44600 55.90300
16 12 20 03 14 15994.90000 4.94500000 482.00000 66.16000 13.44600 55.90300
16 12 20 03 15 15991.90000 4.94500000 482.00000 66.16000 13.44600 55.90300
16 12 20 03 15 15992.70000 4.94500000 482.00000 65.97000 13.44600 55.90300
16 12 20 03 15 15992.70000 4.94500000 482.00000 65.94000 13.44600 55.90300
16 12 20 03 16 15992.90000 4.94500000 482.00000 65.94000 13.44600 55.90300
16 12 20 03 16 15992.90000 4.94500000 482.00000 66.00000 13.44600 55.90300
16 12 20 03 17 15992.00000 4.94500000 482.00000 66.00000 13.44600 55.90300
16 12 20 03 17 15990.80000 4.94500000 482.00000 66.00000 13.44600 55.90300
16 12 20 03 18 15992.00000 4.94500000 482.00000 66.00000 13.44600 55.90300
16 12 20 03 18 15992.00000 4.94500000 482.00000 66.00000 13.44600 55.90300
16 12 20 03 18 15993.20000 4.94500000 482.00000 66.00000 13.44600 55.90300
16 12 20 03 19 15990.90000 4.94500000 482.00000 66.00000 13.44600 55.90300
16 12 20 03 19 15990.90000 4.94500000 482.00000 66.00000 13.44600 55.90300
16 12 20 03 20 15990.10000 4.94500000 482.00000 66.00000 13.44600 55.90300
16 12 20 03 20 15980.00000 4.94500000 482.07000 66.00000 13.44600 55.90300
16 12 20 03 21 15969.50000 4.94500000 482.07000 66.00000 13.44600 55.90300
16 12 20 03 21 15967.40000 4.94500000 481.85000 66.00000 13.44600 55.90300
16 12 20 03 21 15966.70000 4.94500000 481.85000 65.82000 13.44600 55.90300
16 12 20 03 22 15967.20000 4.94500000 481.85000 65.82000 13.44600 55.90300
16 12 20 03 22 15967.20000 4.94500000 481.85000 65.71000 13.44600 55.90300
16 12 20 03 23 15962.40000 4.94500000 481.25000 65.71000 13.44600 55.90300
16 12 20 03 23 15967.00000 4.94500000 481.25000 65.71000 13.44600 55.90300
16 12 20 03 24 15964.00000 4.94500000 481.25000 65.71000 13.44600 55.90300
16 12 20 03 24 15966.90000 4.94500000 481.25000 65.71000 13.44600 55.90300
16 12 20 03 24 15967.50000 4.94500000 481.32000 65.71000 13.44600 55.90300
16 12 20 03 25 15961.90000 4.94500000 481.31000 65.71000 13.44600 55.90300
16 12 20 03 25 15957.10000 4.94500000 481.31000 65.71000 13.44600 55.90300
16 12 20 03 26 15956.20000 4.94500000 481.31000 65.71000 13.44600 55.90300
16 12 20 03 26 15956.20000 4.94500000 481.31000 65.71000 13.44500 55.90300
16 12 20 03 27 15952.80000 4.94500000 480.93000 65.52000 13.44500 55.90300
16 12 20 03 27 15952.50000 4.94500000 480.93000 65.52000 13.44500 55.90300
16 12 20 03 27 15952.60000 4.94500000 480.93000 65.52000 13.44500 55.90300
16 12 20 03 28 15949.70000 4.94500000 480.93000 65.52000 13.44500 55.90300
16 12 20 03 28 15953.50000 4.94500000 480.93000 65.52000 13.43200 55.90300
16 12 20 03 29 15942.00000 4.94500000 480.89000 65.52000 13.43200 55.90300
16 12 20 03 29 15942.40000 4.94500000 480.52000 65.52000 13.43200 55.90300
16 12 20 03 30 15942.40000 4.94500000 480.52000 65.52000 13.43200 55.90300
16 12 20 03 30 15940.00000 4.94500000 480.38000 65.48000 13.43200 55.90300
16 12 20 03 30 15937.00000 4.94500000 480.38000 65.46000 13.43200 55.56100
16 12 20 03 31 15939.80000 4.94500000 480.38000 65.46000 13.43200 55.56100
16 12 20 03 31 15939.80000 4.94500000 480.45000 65.46000 13.43200 55.56100
16 12 20 03 32 15939.80000 4.94500000 480.45000 65.46000 13.43200 55.56100
16 12 20 03 32 15935.20000 4.94500000 480.45000 65.46000 13.41800 55.56100
16 12 20 03 33 15933.10000 4.94500000 480.45000 65.46000 13.41800 55.56100
16 12 20 03 33 15933.10000 4.94500000 480.45000 65.46000 13.40500 55.56100
16 12 20 03 33 15933.10000 4.94500000 480.45000 65.46000 13.40500 55.56100
