M=[
29 9 20 10 46 9216.00000 4.94700000 306.00000 39.07000 12.42700 48.91000
29 9 20 10 46 9216.00000 4.94700000 306.00000 39.07000 12.42700 48.91000
29 9 20 10 46 9223.40000 4.94700000 306.00000 39.07000 12.42700 48.91000
29 9 20 10 47 9225.00000 4.94700000 306.00000 39.07000 12.42700 48.91000
29 9 20 10 47 9222.30000 4.94700000 306.00000 39.07000 12.42700 48.91000
29 9 20 10 48 9222.50000 4.94700000 305.95000 39.07000 12.42700 48.91000
29 9 20 10 48 9224.90000 4.94700000 305.95000 39.07000 12.42700 48.91000
29 9 20 10 49 9223.40000 4.94700000 305.95000 39.07000 12.42700 48.91000
29 9 20 10 49 9223.40000 4.94700000 305.95000 39.07000 12.47900 48.91000
29 9 20 10 49 9223.40000 4.94700000 305.83000 39.07000 12.47900 48.91000
29 9 20 10 50 9232.40000 4.94700000 305.83000 39.07000 12.47900 48.91000
29 9 20 10 50 9228.20000 4.94700000 306.00000 39.07000 12.47900 48.91000
29 9 20 10 51 9228.50000 4.94700000 306.00000 39.07000 12.47900 48.99400
29 9 20 10 51 9228.50000 4.94700000 306.00000 39.07000 12.47900 48.99400
29 9 20 10 52 9232.70000 4.94700000 305.99000 39.07000 12.47900 48.99400
29 9 20 10 52 9230.10000 4.94700000 305.82000 39.07000 12.47900 48.99400
29 9 20 10 52 9230.10000 4.94700000 305.82000 39.07000 12.47900 48.99400
29 9 20 10 53 9230.10000 4.94700000 305.90000 39.07000 12.47900 48.99400
29 9 20 10 53 9228.80000 4.94700000 305.90000 39.08000 12.47900 48.99400
29 9 20 10 54 9228.80000 4.94700000 305.90000 39.08000 12.47900 48.99400
29 9 20 10 54 9228.80000 4.94700000 305.90000 39.08000 12.47900 48.99400
29 9 20 10 55 9226.10000 4.94700000 305.69000 39.08000 12.47900 48.99400
29 9 20 10 55 9228.10000 4.94700000 305.70000 39.08000 12.47900 48.99400
29 9 20 10 56 9228.10000 4.94700000 305.67000 39.07000 12.60600 48.99400
29 9 20 10 56 9230.30000 4.94700000 305.89000 39.07000 12.60600 49.02700
29 9 20 10 56 9230.20000 4.94700000 305.93000 39.07000 12.60600 49.02700
29 9 20 10 57 9230.30000 4.94700000 305.94000 39.07000 12.60600 49.02700
29 9 20 10 57 9230.30000 4.94700000 305.86000 39.07000 12.60600 49.02700
29 9 20 10 58 9230.30000 4.94700000 305.82000 39.07000 12.60600 49.02700
29 9 20 10 58 9230.30000 4.94700000 305.57000 39.07000 12.60600 49.02700
29 9 20 10 59 9230.10000 4.94700000 305.70000 39.07000 12.51300 49.02700
29 9 20 10 59 9230.00000 4.94700000 305.81000 39.07000 12.51300 49.02700
29 9 20 10 59 9230.10000 4.94700000 305.81000 39.07000 12.51300 48.96500
29 9 20 11 00 9230.10000 4.94700000 305.81000 39.07000 12.51300 48.96500
29 9 20 11 00 9239.50000 4.94700000 306.06000 39.07000 12.51300 48.92500
29 9 20 11 01 9235.90000 4.94700000 305.71000 39.08000 12.51300 48.92500
29 9 20 11 01 9231.20000 4.94700000 305.71000 39.04000 12.51300 48.92500
29 9 20 11 02 9230.00000 4.94700000 305.71000 39.04000 12.51300 48.92500
29 9 20 11 02 9224.60000 4.94700000 305.36000 39.04000 12.51300 48.92500
29 9 20 11 03 9221.20000 4.94700000 305.36000 39.01000 12.51300 48.92500
29 9 20 11 03 9219.20000 4.94700000 305.36000 39.01000 12.51300 48.92500
29 9 20 11 03 9219.20000 4.94700000 305.36000 39.01000 12.51300 48.92500
29 9 20 11 04 9216.90000 4.94700000 305.45000 39.01000 12.51300 48.92500
29 9 20 11 04 9221.00000 4.94700000 305.36000 39.01000 12.51300 48.92500
29 9 20 11 05 9221.10000 4.94700000 305.35000 39.01000 12.51300 48.92500
29 9 20 11 05 9221.00000 4.94700000 305.52000 39.01000 12.51300 48.92500
29 9 20 11 06 9221.00000 4.94700000 305.52000 39.01000 12.51300 48.92500
29 9 20 11 06 9221.00000 4.94700000 305.60000 39.01000 12.51300 48.92500
29 9 20 11 06 9221.10000 4.94700000 305.61000 38.94000 12.51300 48.92500
29 9 20 11 07 9224.00000 4.94700000 305.43000 38.94000 12.51300 48.92500
29 9 20 11 07 9225.10000 4.94200000 305.43000 38.94000 12.51300 48.92500
29 9 20 11 08 9224.10000 4.92600000 305.62000 38.94000 12.51300 48.92500
29 9 20 11 08 9223.80000 4.92600000 305.62000 38.94000 12.51300 48.92500
29 9 20 11 09 9223.10000 4.92600000 305.64000 38.94000 12.51300 48.92500
29 9 20 11 09 9221.40000 4.92600000 305.58000 38.94000 12.51300 48.92500
29 9 20 11 09 9222.20000 4.92600000 305.60000 38.94000 12.51300 48.92500
29 9 20 11 10 9228.00000 4.92600000 305.95000 38.94000 12.51300 48.92500
29 9 20 11 10 9224.60000 4.92600000 305.95000 38.99000 12.51300 48.92500
29 9 20 11 11 9224.10000 4.92600000 305.76000 38.99000 12.51300 48.92500
29 9 20 11 11 9223.10000 4.92600000 305.76000 38.99000 12.51300 48.92500
29 9 20 11 12 9221.00000 4.92600000 305.76000 38.99000 12.51300 48.92500
29 9 20 11 12 9221.30000 4.92600000 305.70000 38.99000 12.51300 48.92500
29 9 20 11 13 9220.90000 4.92600000 305.70000 38.99000 12.51300 48.92500
29 9 20 11 13 9220.40000 4.92600000 305.70000 38.99000 12.51300 48.92500
29 9 20 11 13 9217.20000 4.92600000 305.71000 38.99000 12.51300 48.92500
29 9 20 11 14 9215.30000 4.92600000 305.70000 38.99000 12.51300 48.92500
29 9 20 11 14 9219.60000 4.92600000 305.70000 38.99000 12.51300 48.92500
29 9 20 11 15 9218.50000 4.92600000 305.70000 38.99000 12.51300 48.92500
29 9 20 11 15 9219.50000 4.92600000 305.71000 38.99000 12.51300 48.92500
29 9 20 11 16 9219.00000 4.92600000 305.70000 38.99000 12.51300 48.92500
29 9 20 11 16 9219.00000 4.92600000 305.58000 38.98000 12.51300 48.92500
29 9 20 11 16 9219.00000 4.92600000 305.58000 38.98000 12.51300 48.93800
29 9 20 11 17 9219.00000 4.92600000 305.58000 38.98000 12.51300 48.93800
29 9 20 11 17 9219.00000 4.92600000 305.58000 38.98000 12.51300 48.93800
29 9 20 11 18 9219.50000 4.92600000 305.43000 38.98000 12.51300 48.93800
29 9 20 11 18 9219.50000 4.92600000 305.59000 38.98000 12.51300 48.93800
29 9 20 11 19 9219.10000 4.92600000 305.58000 38.98000 12.51300 48.93800
29 9 20 11 19 9219.10000 4.92600000 305.58000 38.98000 12.51300 48.93800
29 9 20 11 19 9217.50000 4.92600000 305.54000 38.98000 12.51300 48.93800
29 9 20 11 20 9217.60000 4.92600000 305.54000 38.98000 12.51300 48.89600
29 9 20 11 20 9215.40000 4.92600000 305.54000 38.98000 12.51300 48.89600
29 9 20 11 21 9214.60000 4.92600000 305.54000 38.98000 12.51300 48.89600
29 9 20 11 21 9213.20000 4.92600000 305.35000 38.98000 12.51300 48.89600
29 9 20 11 22 9212.70000 4.92600000 305.32000 38.98000 12.51300 48.89600
29 9 20 11 22 9212.00000 4.92600000 305.35000 38.98000 12.51300 48.89600
29 9 20 11 22 9212.10000 4.92600000 305.27000 38.98000 12.51300 48.89600
29 9 20 11 23 9212.00000 4.92600000 305.23000 38.98000 12.51300 48.89500
29 9 20 11 23 9212.90000 4.92600000 305.23000 38.98000 12.51300 48.89500
29 9 20 11 24 9212.90000 4.92600000 305.22000 38.98000 12.51300 48.89500
29 9 20 11 24 9212.90000 4.92600000 305.22000 38.98000 12.51300 48.89500
29 9 20 11 25 9212.80000 4.92600000 305.21000 38.98000 12.51300 48.89500
29 9 20 11 25 9213.70000 4.92600000 305.35000 38.98000 12.51300 48.89500
29 9 20 11 26 9213.80000 4.92600000 305.36000 38.98000 12.51300 48.89500
29 9 20 11 26 9216.20000 4.92600000 305.36000 38.95000 12.54100 48.89500
29 9 20 11 26 9216.20000 4.92600000 305.36000 38.95000 12.54100 48.89500
29 9 20 11 27 9217.30000 4.92600000 305.36000 38.95000 12.54100 48.89500
29 9 20 11 27 9219.80000 4.92600000 305.62000 38.95000 12.54100 48.89500
29 9 20 11 28 9220.00000 4.92600000 305.54000 38.95000 12.54100 48.89500
29 9 20 11 28 9218.80000 4.92600000 305.50000 38.95000 12.54100 48.89500
29 9 20 11 29 9218.80000 4.92600000 305.50000 38.95000 12.54100 48.89500
29 9 20 11 29 9218.20000 4.92600000 305.46000 38.95000 12.54100 48.89500
29 9 20 11 29 9218.20000 4.92600000 305.46000 38.95000 12.54100 48.89500
29 9 20 11 30 9221.70000 4.92600000 305.53000 38.95000 12.54100 48.89500
29 9 20 11 30 9220.70000 4.92600000 305.53000 38.93000 12.54100 48.89500
29 9 20 11 31 9218.00000 4.92600000 305.34000 38.93000 12.54100 48.89500
29 9 20 11 31 9220.50000 4.92600000 305.44000 38.93000 12.54100 48.89500
29 9 20 11 32 9218.60000 4.92600000 305.34000 38.93000 12.54100 48.89500
29 9 20 11 32 9217.90000 4.92600000 305.34000 38.93000 12.54100 48.89500
29 9 20 11 32 9213.60000 4.92600000 305.22000 38.93000 12.54100 48.89500
