M=[
31 3 21 07 56 49522.80000 11.09300000 1543.31000 163.84000 33.51400 128.78200
31 3 21 07 56 49436.60000 11.00400000 1544.47000 163.62000 33.49800 128.57000
31 3 21 07 56 49575.60000 11.00400000 1545.61000 164.02000 33.49800 128.57000
31 3 21 07 57 49695.60000 11.09400000 1549.85000 164.31000 33.49600 128.57000
31 3 21 07 57 49606.00000 11.11400000 1547.56000 164.13000 33.56200 128.57000
31 3 21 07 58 49632.20000 11.11400000 1549.11000 164.13000 33.56200 128.84000
31 3 21 07 58 49632.10000 11.11400000 1548.50000 164.19000 33.58400 129.00700
31 3 21 07 59 49704.70000 11.12500000 1551.59000 164.30000 33.58400 129.00700
31 3 21 07 59 49692.70000 11.12500000 1549.29000 164.18000 33.58400 129.00700
31 3 21 07 59 49613.10000 11.11300000 1546.41000 164.29000 33.50000 129.00700
31 3 21 08 00 49625.20000 11.10000000 1548.77000 164.49000 33.50000 129.00700
31 3 21 08 00 49530.60000 11.10000000 1546.93000 163.94000 33.50000 129.00700
31 3 21 08 01 49451.80000 11.10000000 1544.94000 163.42000 33.50000 129.00700
31 3 21 08 01 49338.00000 11.01300000 1539.08000 163.08000 33.50000 128.34400
31 3 21 08 02 49505.70000 11.00200000 1540.65000 163.31000 33.50000 128.34400
31 3 21 08 02 49411.20000 11.00200000 1542.19000 163.15000 33.23500 128.34400
31 3 21 08 02 49213.80000 10.95000000 1532.00000 162.53000 33.23500 128.02600
31 3 21 08 03 49339.30000 10.93600000 1535.21000 162.91000 33.23500 128.02600
31 3 21 08 03 49201.80000 10.93600000 1532.06000 162.65000 33.30000 128.02600
31 3 21 08 04 49155.80000 10.86400000 1527.38000 162.01000 33.30000 127.73400
31 3 21 08 04 49205.60000 10.86400000 1532.26000 162.21000 33.30000 127.66500
31 3 21 08 05 49233.10000 10.88100000 1531.93000 161.74000 33.11500 127.66500
31 3 21 08 05 49169.30000 10.92300000 1528.38000 160.88000 33.11500 127.66500
31 3 21 08 05 49000.00000 10.85000000 1522.13000 160.52000 33.11500 127.17900
31 3 21 08 06 48775.00000 10.85000000 1519.05000 160.63000 32.97900 127.17900
31 3 21 08 06 48610.00000 10.85000000 1514.00000 160.29000 32.50700 125.82000
31 3 21 08 07 48723.00000 10.71600000 1515.12000 159.68000 32.50600 125.41800
31 3 21 08 07 48838.40000 10.79700000 1520.50000 160.34000 32.49000 125.84900
31 3 21 08 08 48870.20000 10.78500000 1522.79000 160.63000 32.51200 125.96900
31 3 21 08 08 48854.10000 10.78500000 1518.96000 160.64000 32.51200 125.96900
31 3 21 08 08 48886.10000 10.78500000 1522.63000 161.21000 32.22700 126.18300
31 3 21 08 09 48978.20000 10.78500000 1524.09000 161.71000 32.18700 126.45400
31 3 21 08 09 49154.70000 10.78500000 1528.64000 161.94000 32.27400 127.24900
31 3 21 08 10 49083.50000 10.92800000 1526.69000 161.87000 32.23800 127.24900
31 3 21 08 10 49060.70000 10.91100000 1529.17000 162.00000 32.52000 127.24900
31 3 21 08 11 48982.50000 10.92600000 1525.82000 161.88000 32.53200 127.24900
31 3 21 08 11 49151.10000 10.92600000 1529.74000 162.25000 32.53200 127.24900
31 3 21 08 11 49112.90000 10.92600000 1528.00000 162.14000 32.53300 127.24900
31 3 21 08 12 49179.80000 10.92600000 1530.55000 162.18000 32.35900 127.41500
31 3 21 08 12 49165.60000 10.89000000 1531.49000 162.27000 32.53300 127.41500
31 3 21 08 13 49272.80000 10.89000000 1533.33000 162.40000 32.53300 127.41500
31 3 21 08 13 49271.30000 10.89000000 1533.81000 162.36000 32.53300 127.41500
31 3 21 08 14 49225.90000 10.89000000 1532.03000 162.27000 32.53300 127.32800
31 3 21 08 14 49216.00000 10.89000000 1528.52000 162.41000 32.53300 127.12800
31 3 21 08 14 49255.00000 10.89000000 1531.00000 162.46000 32.53300 127.12800
31 3 21 08 15 49266.80000 10.96900000 1530.63000 162.34000 32.53300 127.72400
31 3 21 08 15 49336.20000 10.96900000 1532.09000 162.52000 32.53300 127.72400
31 3 21 08 16 49365.90000 10.96900000 1535.11000 162.59000 32.53300 127.67200
31 3 21 08 16 49302.90000 10.99000000 1534.83000 162.65000 32.53300 127.67200
31 3 21 08 17 49328.20000 10.95000000 1534.00000 162.30000 33.11100 127.67200
31 3 21 08 17 49353.10000 11.05500000 1535.17000 162.42000 33.11100 128.08800
31 3 21 08 17 49391.10000 11.05500000 1537.62000 162.67000 33.11100 128.08800
31 3 21 08 18 49378.40000 11.04800000 1537.80000 162.76000 32.61400 128.08800
31 3 21 08 18 49409.50000 11.04400000 1536.01000 162.87000 33.15700 128.08800
31 3 21 08 19 49419.90000 11.04400000 1538.17000 163.00000 33.15700 128.08800
31 3 21 08 19 49362.30000 11.04400000 1535.35000 162.92000 32.55700 128.14600
31 3 21 08 20 49333.00000 11.04400000 1535.10000 162.62000 32.55700 128.14600
31 3 21 08 20 49232.20000 10.98000000 1531.91000 162.11000 32.55700 128.14600
31 3 21 08 20 49220.00000 10.99800000 1531.67000 162.06000 32.55700 127.56200
31 3 21 08 21 49235.90000 10.99800000 1531.68000 162.10000 32.55700 127.56200
31 3 21 08 21 49322.80000 10.99800000 1534.56000 162.20000 32.55700 127.56200
31 3 21 08 22 49322.70000 10.99800000 1534.82000 162.45000 32.55700 127.58900
31 3 21 08 22 49389.30000 10.99800000 1536.78000 162.45000 32.72300 127.58900
31 3 21 08 23 49380.30000 10.99800000 1535.63000 162.43000 32.72300 127.52200
31 3 21 08 23 49322.70000 11.02700000 1535.39000 162.26000 32.72300 127.62300
31 3 21 08 23 49364.60000 11.02700000 1533.76000 162.20000 32.55100 127.62300
31 3 21 08 24 49401.10000 11.03400000 1535.99000 162.44000 32.55100 127.62300
31 3 21 08 24 49335.20000 11.01200000 1534.30000 162.24000 32.55100 127.62300
31 3 21 08 25 49282.00000 10.99200000 1532.61000 162.06000 32.55100 127.62300
31 3 21 08 25 49300.00000 10.99700000 1533.09000 161.88000 32.86400 127.62300
31 3 21 08 26 49334.10000 10.99700000 1534.48000 162.13000 32.86400 127.62300
31 3 21 08 26 49312.70000 11.01900000 1533.69000 162.17000 32.86400 127.62300
31 3 21 08 26 49303.30000 11.01900000 1533.74000 162.07000 32.56000 127.62300
31 3 21 08 27 49306.70000 11.01900000 1533.32000 162.17000 32.56000 127.62300
31 3 21 08 27 49335.70000 11.01900000 1533.78000 162.17000 33.14400 127.62300
31 3 21 08 28 49377.10000 11.01900000 1534.13000 162.30000 33.14400 127.62300
31 3 21 08 28 49300.20000 11.01900000 1532.49000 162.35000 33.14400 127.62300
31 3 21 08 29 49274.70000 11.00000000 1530.98000 162.31000 33.14400 127.39000
31 3 21 08 29 49278.60000 11.00000000 1531.99000 162.19000 33.14400 127.15600
31 3 21 08 29 49310.90000 11.00000000 1534.10000 162.19000 32.72100 127.15600
31 3 21 08 30 49389.90000 11.00000000 1534.93000 162.29000 32.72100 127.35000
31 3 21 08 30 49391.50000 11.00000000 1536.87000 162.58000 32.72100 127.35000
31 3 21 08 31 49391.60000 11.00000000 1536.15000 162.50000 32.72100 127.35000
31 3 21 08 31 49471.20000 11.00000000 1539.17000 163.00000 33.39800 127.35000
31 3 21 08 32 49517.40000 11.07800000 1540.00000 163.00000 33.39800 127.35000
31 3 21 08 32 49517.40000 11.07800000 1541.90000 163.00000 33.39800 127.35000
31 3 21 08 32 49518.30000 11.07800000 1542.00000 163.07000 33.30300 128.13400
31 3 21 08 33 49500.70000 11.07800000 1540.56000 163.00000 32.97500 128.13400
31 3 21 08 33 49483.40000 11.07800000 1540.00000 162.85000 32.97500 128.13400
31 3 21 08 34 49528.80000 11.08400000 1540.06000 163.10000 32.97500 128.13400
31 3 21 08 34 49544.80000 11.08400000 1540.06000 163.14000 32.97500 128.13400
31 3 21 08 35 49551.80000 11.08900000 1540.06000 163.22000 32.97500 128.13400
31 3 21 08 35 49500.10000 11.08900000 1540.06000 162.89000 32.97500 128.13400
31 3 21 08 35 49509.90000 11.08900000 1540.06000 162.88000 32.97500 128.13400
31 3 21 08 36 49495.20000 11.08900000 1539.81000 162.88000 32.97500 127.98000
31 3 21 08 36 49450.30000 11.05000000 1538.66000 162.55000 32.97500 127.98000
31 3 21 08 37 49379.80000 11.03900000 1537.83000 162.45000 33.26600 127.98000
31 3 21 08 37 49382.00000 11.02200000 1540.00000 162.45000 33.26600 127.98000
31 3 21 08 38 49370.00000 11.02200000 1540.00000 162.43000 33.26600 127.98000
31 3 21 08 38 49362.40000 11.01400000 1540.00000 162.13000 33.26600 127.98000
31 3 21 08 38 49250.00000 11.01400000 1539.00000 162.00000 33.26600 127.42600
31 3 21 08 39 49255.10000 11.01400000 1536.48000 161.98000 33.26600 127.42500
