M=[
 6 6 20 05 53 8536.90000 6.07900000 213.45000 41.42000 12.42600 46.29000
 6 6 20 05 54 8536.90000 6.07900000 213.20000 41.42000 12.42600 46.31100
 6 6 20 05 54 8536.90000 6.03600000 213.45000 41.42000 12.41700 46.31100
 6 6 20 05 55 8536.90000 6.03100000 213.19000 41.42000 12.41700 46.31100
 6 6 20 05 55 8536.90000 6.04900000 213.45000 41.42000 12.41700 46.31100
 6 6 20 05 56 8539.50000 6.07900000 213.32000 41.42000 12.41700 46.31100
 6 6 20 05 56 8536.90000 6.07900000 213.32000 41.42000 12.41700 46.31100
 6 6 20 05 57 8540.50000 6.07900000 213.32000 41.42000 12.41700 46.31100
 6 6 20 05 57 8540.00000 6.07900000 213.32000 41.42000 12.41700 46.31100
 6 6 20 05 57 8536.30000 6.07900000 213.32000 41.42000 12.41700 46.31100
 6 6 20 05 58 8536.30000 6.07900000 213.32000 41.42000 12.41700 46.31100
 6 6 20 05 58 8535.40000 6.03100000 213.32000 41.42000 12.41700 46.31100
 6 6 20 05 59 8536.30000 6.07900000 213.32000 41.42000 12.41700 46.31100
 6 6 20 05 59 8536.10000 6.07900000 213.10000 41.42000 12.41700 46.31100
 6 6 20 06 00 8534.80000 6.07900000 213.11000 41.42000 12.41700 46.31100
 6 6 20 06 00 8534.10000 6.07900000 213.11000 41.42000 12.41700 46.31100
 6 6 20 06 01 8538.40000 6.07900000 213.26000 41.42000 12.41700 46.31100
 6 6 20 06 01 8540.80000 6.07900000 213.30000 41.42000 12.41700 46.31100
 6 6 20 06 02 8539.90000 6.09000000 213.30000 41.42000 12.46500 46.31100
 6 6 20 06 02 8541.70000 6.09900000 213.30000 41.42000 12.41700 46.31100
 6 6 20 06 02 8541.70000 6.09000000 213.30000 41.21000 12.41700 46.31100
 6 6 20 06 03 8537.40000 6.09000000 213.28000 41.42000 12.41700 46.31100
 6 6 20 06 03 8540.30000 6.09000000 213.28000 41.42000 12.41700 46.31100
 6 6 20 06 04 8538.80000 6.03100000 213.33000 41.45000 12.41700 46.31100
 6 6 20 06 04 8538.80000 6.09000000 213.33000 41.45000 12.41800 46.33200
 6 6 20 06 05 8538.20000 6.09000000 213.33000 41.45000 12.41800 46.31100
 6 6 20 06 05 8538.20000 6.09000000 213.33000 41.45000 12.41800 46.31100
 6 6 20 06 06 8538.20000 6.09000000 213.33000 41.45000 12.41800 46.31100
 6 6 20 06 06 8538.50000 6.09000000 213.33000 41.45000 12.41800 46.31100
 6 6 20 06 07 8538.50000 6.09000000 213.33000 41.42000 12.41800 46.31100
 6 6 20 06 07 8538.50000 6.09000000 213.33000 41.45000 12.41800 46.31100
 6 6 20 06 08 8539.90000 6.09000000 213.33000 41.45000 12.41800 46.31100
 6 6 20 06 08 8539.70000 6.09000000 213.33000 41.45000 12.39600 46.29000
 6 6 20 06 08 8540.80000 6.09000000 213.33000 41.45000 12.39600 46.31100
 6 6 20 06 09 8538.50000 6.09000000 213.32000 41.44000 12.39600 46.31100
 6 6 20 06 09 8538.20000 6.09000000 213.32000 41.44000 12.39600 46.31100
 6 6 20 06 10 8543.00000 6.09000000 213.51000 41.44000 12.39600 46.31100
 6 6 20 06 10 8543.90000 6.09000000 213.51000 41.44000 12.39600 46.31100
 6 6 20 06 11 8544.90000 6.09000000 213.59000 41.44000 12.39600 46.54300
 6 6 20 06 11 8544.90000 6.09000000 213.59000 41.44000 12.39600 46.54300
 6 6 20 06 12 8545.70000 6.09000000 213.52000 41.44000 12.39600 46.54300
 6 6 20 06 12 8545.90000 6.09000000 213.56000 41.44000 12.43800 46.54300
 6 6 20 06 13 8551.60000 6.09000000 213.56000 41.44000 12.43800 46.54300
 6 6 20 06 13 8548.90000 6.09000000 213.62000 41.44000 12.43800 46.54300
 6 6 20 06 13 8548.80000 6.09000000 213.83000 41.44000 12.43800 46.54300
 6 6 20 06 14 8547.20000 6.09000000 213.88000 41.44000 12.43800 46.54300
 6 6 20 06 14 8547.20000 6.09000000 213.88000 41.44000 12.43800 46.54300
 6 6 20 06 15 8547.60000 6.09000000 213.90000 41.44000 12.43800 46.54300
 6 6 20 06 15 8547.60000 6.09000000 213.90000 41.44000 12.43800 46.54300
 6 6 20 06 16 8547.60000 6.09000000 214.00000 41.44000 12.43800 46.54300
 6 6 20 06 16 8547.50000 6.09000000 214.00000 41.44000 12.43800 46.54300
 6 6 20 06 17 8547.40000 6.09000000 214.00000 41.44000 12.43800 46.54300
 6 6 20 06 17 8545.70000 6.09000000 213.74000 41.44000 12.41800 46.54300
 6 6 20 06 18 8544.00000 6.09000000 213.74000 41.44000 12.43800 46.54300
 6 6 20 06 18 8544.00000 6.09000000 213.48000 41.44000 12.43800 46.54300
 6 6 20 06 19 8544.00000 6.09000000 213.48000 41.44000 12.43800 46.54300
 6 6 20 06 19 8544.00000 6.09000000 213.48000 41.44000 12.43800 46.54300
 6 6 20 06 20 8542.50000 6.09000000 213.48000 41.44000 12.43800 46.54300
 6 6 20 06 20 8540.20000 6.09000000 213.56000 41.44000 12.43800 46.54300
 6 6 20 06 21 8540.20000 6.09000000 213.56000 41.44000 12.43800 46.54300
 6 6 20 06 21 8540.00000 6.09000000 213.48000 41.44000 12.43800 46.54300
 6 6 20 06 21 8540.10000 6.09000000 213.56000 41.44000 12.43800 46.54300
 6 6 20 06 22 8540.00000 6.09000000 213.56000 41.44000 12.43800 46.54300
 6 6 20 06 22 8540.10000 6.09000000 213.52000 41.44000 12.43800 46.54300
 6 6 20 06 23 8540.40000 6.09000000 213.52000 41.44000 12.43800 46.54300
 6 6 20 06 23 8540.10000 6.09000000 213.52000 41.44000 12.43800 46.54300
 6 6 20 06 24 8539.70000 6.09000000 213.47000 41.42000 12.43800 46.54300
 6 6 20 06 24 8534.30000 6.09000000 213.47000 41.42000 12.43800 46.54300
 6 6 20 06 25 8536.70000 6.09000000 213.52000 41.42000 12.41800 46.54300
 6 6 20 06 25 8536.70000 6.09000000 213.53000 41.42000 12.43800 46.54300
 6 6 20 06 26 8538.60000 6.09000000 213.53000 41.42000 12.43800 46.54300
 6 6 20 06 26 8537.50000 6.09000000 213.53000 41.42000 12.43800 46.54300
 6 6 20 06 27 8535.40000 6.09000000 213.52000 41.38000 12.43800 46.54300
 6 6 20 06 27 8536.10000 6.09900000 213.45000 41.38000 12.43800 46.54300
 6 6 20 06 27 8537.00000 6.09000000 213.45000 41.44000 12.43800 46.54300
 6 6 20 06 28 8539.20000 6.09000000 213.48000 41.38000 12.43800 46.29000
 6 6 20 06 29 8539.00000 6.09000000 213.60000 41.38000 12.43800 46.54300
 6 6 20 06 29 8539.80000 6.09000000 213.60000 41.38000 12.43800 46.54300
 6 6 20 06 29 8539.80000 6.09000000 213.60000 41.38000 12.43800 46.54300
 6 6 20 06 30 8541.20000 6.09000000 213.60000 41.38000 12.39600 46.54300
 6 6 20 06 30 8541.20000 6.09000000 213.66000 41.38000 12.43800 46.54300
 6 6 20 06 31 8540.50000 6.09000000 213.48000 41.38000 12.43800 46.54300
 6 6 20 06 31 8540.40000 6.09000000 213.51000 41.38000 12.43800 46.54300
 6 6 20 06 32 8540.40000 6.09000000 213.51000 41.38000 12.43800 46.54300
 6 6 20 06 32 8537.10000 6.09000000 213.51000 41.44000 12.43800 46.54300
 6 6 20 06 33 8539.80000 6.09000000 213.51000 41.38000 12.43800 46.54300
 6 6 20 06 33 8536.10000 6.09000000 213.38000 41.42000 12.43800 46.54300
 6 6 20 06 34 8536.10000 6.09000000 213.48000 41.38000 12.43800 46.54300
 6 6 20 06 34 8540.30000 6.09000000 213.62000 41.38000 12.43800 46.29000
 6 6 20 06 35 8540.40000 6.09000000 213.62000 41.38000 12.39600 46.54300
 6 6 20 06 35 8540.30000 6.09000000 213.67000 41.38000 12.43800 46.54300
 6 6 20 06 36 8540.40000 6.09000000 213.67000 41.38000 12.43800 46.54300
 6 6 20 06 36 8540.40000 6.09000000 213.63000 41.38000 12.43800 46.54300
 6 6 20 06 37 8540.30000 6.09000000 213.63000 41.38000 12.43800 46.54300
 6 6 20 06 37 8537.70000 6.09000000 213.63000 41.35000 12.43800 46.54300
 6 6 20 06 37 8537.70000 6.09000000 213.63000 41.35000 12.43800 46.54300
 6 6 20 06 38 8539.00000 6.09000000 213.53000 41.35000 12.43800 46.54300
 6 6 20 06 38 8539.00000 6.09000000 213.53000 41.35000 12.43800 46.54300
 6 6 20 06 39 8539.10000 6.09000000 213.56000 41.35000 12.43800 46.29000
 6 6 20 06 39 8539.00000 6.09000000 213.56000 41.35000 12.43800 46.54300
 6 6 20 06 40 8538.50000 6.09000000 213.44000 41.35000 12.43800 46.54300
 6 6 20 06 40 8538.60000 6.09000000 213.36000 41.35000 12.43800 46.54300
 6 6 20 06 41 8538.60000 6.09000000 213.36000 41.35000 12.43800 46.54300
 6 6 20 06 41 8538.50000 6.09000000 213.39000 41.35000 12.43800 46.54300
 6 6 20 06 42 8533.30000 6.09000000 213.39000 41.35000 12.43800 46.54300
 6 6 20 06 42 8530.90000 6.09000000 213.39000 41.35000 12.43800 46.54300
 6 6 20 06 43 8527.10000 6.09000000 213.25000 41.35000 12.43800 46.54300
 6 6 20 06 43 8523.70000 6.09000000 213.25000 41.35000 12.43800 46.54300
 6 6 20 06 44 8523.90000 6.09000000 213.25000 41.35000 12.43800 46.54300
