M=[
12 6 21 02 48 29813.80000 44.99100000 1895.40000 129.82000 19.70000 100.11100
12 6 21 02 48 29777.40000 44.99100000 1895.40000 129.82000 19.70000 100.11100
12 6 21 02 49 29777.40000 44.99100000 1894.43000 129.82000 19.70000 100.11100
12 6 21 02 49 29807.70000 44.99100000 1894.98000 130.10000 19.70000 100.11100
12 6 21 02 50 29785.40000 44.99100000 1896.89000 130.14000 19.70000 100.11100
12 6 21 02 50 29770.90000 44.99100000 1896.89000 129.86000 19.70000 100.11100
12 6 21 02 50 29751.60000 44.99100000 1896.89000 129.86000 19.70000 100.11100
12 6 21 02 51 29731.10000 44.99100000 1893.52000 129.79000 19.70000 100.11100
12 6 21 02 51 29731.10000 44.99100000 1893.52000 129.77000 19.70000 100.11100
12 6 21 02 52 29723.80000 44.99100000 1893.52000 129.77000 19.70000 100.11100
12 6 21 02 52 29688.80000 44.99100000 1891.02000 129.77000 19.62100 100.11100
12 6 21 02 53 29689.00000 44.99100000 1890.66000 129.56000 19.62100 100.11100
12 6 21 02 53 29636.50000 44.99100000 1887.50000 129.45000 19.62100 100.11100
12 6 21 02 53 29671.20000 44.63400000 1887.48000 129.45000 19.62100 100.11100
12 6 21 02 54 29714.90000 44.63400000 1890.00000 129.75000 19.62100 100.11100
12 6 21 02 54 29735.50000 44.63400000 1893.13000 129.75000 19.62100 100.11100
12 6 21 02 55 29691.30000 44.63400000 1893.13000 129.84000 19.62100 100.11100
12 6 21 02 55 29670.20000 44.63400000 1893.13000 129.49000 19.62100 100.11100
12 6 21 02 56 29670.10000 44.63400000 1888.20000 129.42000 19.62100 100.11100
12 6 21 02 56 29670.70000 44.63400000 1889.46000 129.56000 19.62100 100.11100
12 6 21 02 56 29648.30000 44.63400000 1889.46000 129.56000 19.62100 100.11100
12 6 21 02 57 29640.60000 44.63400000 1887.76000 129.56000 19.62100 100.11100
12 6 21 02 57 29612.00000 44.63400000 1885.00000 129.56000 19.62100 100.11100
12 6 21 02 58 29616.70000 44.63400000 1884.40000 129.56000 19.62100 100.11100
12 6 21 02 58 29520.00000 44.46300000 1879.83000 129.56000 19.62100 100.11100
12 6 21 02 59 29497.50000 44.43600000 1878.14000 128.94000 19.62100 99.40400
12 6 21 02 59 29455.50000 44.46400000 1877.89000 129.03000 19.62100 99.40400
12 6 21 02 59 29450.30000 44.46400000 1880.97000 129.03000 19.62100 99.40400
12 6 21 03 00 29533.90000 44.46900000 1883.84000 128.84000 19.62100 99.40400
12 6 21 03 00 29561.60000 44.61300000 1883.84000 128.84000 19.62100 99.40400
12 6 21 03 01 29633.40000 44.61300000 1891.43000 128.84000 19.62100 99.40400
12 6 21 03 01 29621.40000 44.82100000 1891.43000 129.55000 19.62100 99.40400
12 6 21 03 02 29606.20000 44.82100000 1892.99000 129.51000 19.78400 99.40400
12 6 21 03 02 29636.30000 44.82100000 1891.44000 129.51000 19.78400 99.40400
12 6 21 03 02 29624.50000 44.82100000 1891.44000 129.51000 19.78400 99.40400
12 6 21 03 03 29638.20000 44.82100000 1894.95000 129.51000 19.78400 100.26100
12 6 21 03 03 29657.30000 44.82100000 1896.31000 129.51000 19.78400 100.26100
12 6 21 03 04 29666.20000 44.82100000 1897.53000 129.51000 19.78400 100.26100
12 6 21 03 04 29689.40000 44.82100000 1898.93000 129.85000 19.78400 100.26100
12 6 21 03 05 29645.80000 44.82100000 1897.74000 129.85000 19.78400 100.26100
12 6 21 03 05 29616.20000 44.90600000 1894.94000 129.85000 19.78400 100.26100
12 6 21 03 05 29599.30000 44.90600000 1893.22000 129.35000 19.78400 100.26100
12 6 21 03 06 29588.30000 44.90600000 1891.16000 129.29000 19.78400 100.26100
12 6 21 03 06 29580.40000 44.90600000 1891.16000 129.29000 19.78400 100.12900
12 6 21 03 07 29585.60000 44.90600000 1891.70000 129.29000 19.78400 100.12900
12 6 21 03 07 29611.20000 44.81000000 1895.72000 129.35000 19.78400 100.12900
12 6 21 03 08 29632.90000 44.81000000 1895.72000 129.35000 19.78400 100.29000
12 6 21 03 08 29632.90000 44.81000000 1895.72000 129.35000 19.78400 100.29000
12 6 21 03 08 29610.90000 44.81000000 1892.36000 129.35000 19.78400 100.29000
12 6 21 03 09 29613.00000 44.81000000 1892.35000 129.33000 19.78400 100.29000
12 6 21 03 09 29566.90000 44.81000000 1890.22000 129.33000 19.78400 100.29000
12 6 21 03 10 29518.70000 44.81000000 1887.12000 129.05000 19.78400 100.29000
12 6 21 03 10 29548.50000 44.81000000 1890.83000 129.05000 19.78400 100.29000
12 6 21 03 11 29549.00000 44.81000000 1890.83000 129.05000 19.78400 100.29000
12 6 21 03 11 29583.70000 44.81000000 1890.79000 129.05000 19.78400 100.29000
12 6 21 03 11 29598.00000 44.81000000 1890.79000 129.05000 19.78400 100.29000
12 6 21 03 12 29638.70000 44.81000000 1892.80000 129.05000 19.78400 100.29000
12 6 21 03 12 29643.40000 44.81000000 1892.80000 129.05000 19.78400 100.29000
12 6 21 03 13 29650.10000 44.81000000 1893.28000 129.05000 19.78400 100.29000
12 6 21 03 13 29658.90000 44.81000000 1893.28000 129.05000 19.78400 100.29000
12 6 21 03 14 29658.90000 44.81000000 1894.65000 129.05000 19.78400 100.29000
12 6 21 03 14 29684.60000 44.81000000 1897.05000 129.67000 19.78400 100.29000
12 6 21 03 14 29684.60000 44.81000000 1897.05000 129.67000 19.78400 100.29000
12 6 21 03 15 29680.40000 44.81000000 1897.29000 129.71000 19.78400 100.29000
12 6 21 03 15 29752.10000 44.81000000 1897.29000 129.94000 19.78400 100.29000
12 6 21 03 16 29770.30000 44.81000000 1902.04000 130.06000 19.78400 100.29000
12 6 21 03 16 29741.40000 44.81000000 1902.04000 130.06000 19.78400 100.29000
12 6 21 03 17 29738.80000 44.81000000 1909.99000 130.15000 19.78400 100.29000
12 6 21 03 17 29739.50000 44.81000000 1907.98000 130.15000 19.78400 100.29000
12 6 21 03 17 29748.90000 44.81000000 1911.69000 130.15000 19.78400 100.29000
12 6 21 03 18 29763.20000 44.81000000 1911.33000 130.51000 19.78400 101.01000
12 6 21 03 18 29729.10000 44.81000000 1909.45000 130.51000 19.78400 101.01000
12 6 21 03 19 29729.30000 44.81000000 1909.45000 130.36000 19.78400 101.01000
12 6 21 03 19 29738.70000 44.81000000 1913.15000 130.54000 19.78400 101.01000
12 6 21 03 20 29770.30000 44.81000000 1915.98000 130.57000 19.78400 101.31600
12 6 21 03 20 29754.90000 44.81000000 1914.19000 130.57000 19.78400 101.31600
12 6 21 03 20 29728.80000 45.13200000 1913.30000 130.48000 19.78400 101.31600
12 6 21 03 21 29710.00000 45.13200000 1914.18000 130.48000 19.78400 101.31600
12 6 21 03 21 29730.00000 45.13200000 1917.00000 130.48000 19.78400 101.31600
12 6 21 03 22 29721.40000 45.13200000 1919.91000 130.48000 19.78400 101.31600
12 6 21 03 22 29721.40000 45.24100000 1919.53000 130.48000 19.78400 101.31600
12 6 21 03 23 29712.80000 45.24000000 1918.18000 130.48000 19.78400 101.31600
12 6 21 03 23 29706.00000 45.24000000 1919.85000 130.52000 19.78400 101.31600
12 6 21 03 23 29690.10000 45.24000000 1916.11000 130.45000 19.78400 101.31600
12 6 21 03 24 29661.80000 45.11100000 1915.30000 130.45000 19.78400 101.31600
12 6 21 03 24 29642.60000 45.11100000 1914.33000 130.45000 19.78400 101.31600
12 6 21 03 25 29636.20000 45.11100000 1913.95000 130.45000 19.78400 101.31600
12 6 21 03 25 29644.20000 45.11100000 1913.94000 130.21000 19.78400 101.31600
12 6 21 03 26 29642.30000 45.11100000 1912.01000 130.21000 19.78400 101.31600
12 6 21 03 26 29642.30000 45.11100000 1910.58000 129.92000 19.78400 101.31600
12 6 21 03 26 29618.70000 45.11100000 1909.13000 129.95000 19.78400 101.31600
12 6 21 03 27 29663.50000 44.94600000 1908.61000 130.07000 19.78400 101.31600
12 6 21 03 27 29639.40000 44.94600000 1910.00000 130.07000 19.78400 101.31600
12 6 21 03 28 29630.40000 44.99400000 1908.77000 129.95000 19.78400 101.31600
12 6 21 03 28 29630.40000 44.99000000 1908.77000 129.95000 19.78400 101.31600
12 6 21 03 29 29646.60000 44.99000000 1907.54000 129.95000 19.78400 101.31600
12 6 21 03 29 29680.80000 45.07300000 1910.21000 129.95000 19.78400 101.31600
12 6 21 03 29 29667.30000 45.07300000 1909.02000 129.95000 19.78400 101.31600
12 6 21 03 30 29610.60000 45.07300000 1904.45000 129.95000 19.78400 101.31600
12 6 21 03 30 29565.40000 45.07300000 1900.81000 129.95000 19.78400 100.58300
12 6 21 03 31 29565.70000 45.07300000 1897.49000 129.50000 19.78400 100.58300
12 6 21 03 31 29555.50000 45.07300000 1897.49000 129.50000 19.78400 100.58300
