M=[
 3 6 20 12 57 8598.30000 6.19500000 213.91000 41.82000 12.14300 46.06800
 3 6 20 12 58 8594.10000 6.19500000 213.92000 41.82000 12.14300 46.06800
 3 6 20 12 58 8596.80000 6.19500000 213.92000 41.78000 12.14300 46.06800
 3 6 20 12 59 8594.10000 6.19500000 213.92000 41.77000 12.14300 46.06800
 3 6 20 12 59 8597.00000 6.19500000 213.92000 41.77000 12.14300 46.06800
 3 6 20 13 00 8595.70000 6.19500000 213.90000 41.77000 12.14300 46.06800
 3 6 20 13 00 8599.90000 6.19500000 213.92000 41.77000 12.14300 46.06800
 3 6 20 13 01 8600.00000 6.19500000 213.92000 41.77000 12.14300 46.06800
 3 6 20 13 01 8600.00000 6.19500000 213.91000 41.77000 12.14300 46.06800
 3 6 20 13 02 8600.00000 6.19500000 213.92000 41.77000 12.14300 46.00000
 3 6 20 13 02 8600.00000 6.19500000 214.15000 41.77000 12.14300 46.00000
 3 6 20 13 03 8599.90000 6.19500000 214.30000 41.85000 12.14300 46.00000
 3 6 20 13 03 8599.90000 6.19500000 214.30000 41.82000 12.14300 46.00000
 3 6 20 13 04 8599.50000 6.19500000 214.30000 41.82000 12.14300 46.00600
 3 6 20 13 04 8599.50000 6.19500000 214.30000 41.82000 12.14300 46.00600
 3 6 20 13 05 8599.90000 6.19500000 214.29000 41.82000 12.14300 46.00600
 3 6 20 13 05 8600.00000 6.19500000 214.30000 41.82000 12.14300 46.00600
 3 6 20 13 06 8599.90000 6.19500000 214.30000 41.82000 12.14300 46.00600
 3 6 20 13 06 8599.80000 6.19500000 214.29000 41.82000 12.14300 46.00600
 3 6 20 13 06 8599.80000 6.18800000 214.30000 41.82000 12.14300 46.00600
 3 6 20 13 07 8599.90000 6.19500000 214.30000 41.82000 12.14300 46.00600
 3 6 20 13 07 8599.90000 6.19500000 214.30000 41.82000 12.13600 46.00600
 3 6 20 13 08 8599.50000 6.19500000 214.29000 41.82000 12.14300 46.00600
 3 6 20 13 08 8599.90000 6.18300000 214.30000 41.81000 12.14300 46.00600
 3 6 20 13 09 8599.90000 6.18300000 214.30000 41.81000 12.14300 46.00600
 3 6 20 13 09 8599.90000 6.18300000 214.30000 41.81000 12.14300 46.00600
 3 6 20 13 10 8600.00000 6.18300000 214.30000 41.81000 12.14300 46.00600
 3 6 20 13 10 8600.00000 6.18300000 214.30000 41.81000 12.14300 46.00600
 3 6 20 13 11 8599.50000 6.18300000 214.30000 41.81000 12.14300 46.00600
 3 6 20 13 11 8597.60000 6.18300000 214.15000 41.81000 12.14300 46.00600
 3 6 20 13 12 8595.30000 6.18300000 214.15000 41.81000 12.13600 46.00600
 3 6 20 13 12 8594.10000 6.18300000 214.16000 41.81000 12.13600 46.00600
 3 6 20 13 13 8594.20000 6.18300000 214.16000 41.73000 12.14300 46.00600
 3 6 20 13 13 8593.70000 6.18300000 214.15000 41.73000 12.14300 46.11300
 3 6 20 13 14 8594.20000 6.18300000 214.15000 41.73000 12.14300 46.00600
 3 6 20 13 14 8593.70000 6.17900000 214.16000 41.74000 12.14300 46.11300
 3 6 20 13 14 8593.70000 6.17900000 214.16000 41.73000 12.14300 46.00600
 3 6 20 13 15 8593.60000 6.17900000 214.16000 41.73000 12.14300 46.00600
 3 6 20 13 15 8593.60000 6.17900000 214.16000 41.71000 12.15400 46.00600
 3 6 20 13 16 8585.60000 6.17900000 214.15000 41.71000 12.15400 46.24800
 3 6 20 13 16 8585.10000 6.18300000 213.94000 41.71000 12.15400 46.24800
 3 6 20 13 17 8584.20000 6.17900000 213.94000 41.71000 12.15400 46.24800
 3 6 20 13 17 8584.50000 6.17900000 214.05000 41.71000 12.15400 46.24800
 3 6 20 13 18 8584.40000 6.17900000 214.05000 41.71000 12.15400 46.24800
 3 6 20 13 18 8583.80000 6.17900000 213.94000 41.71000 12.15400 46.24800
 3 6 20 13 19 8583.90000 6.17900000 213.94000 41.71000 12.15400 46.24800
 3 6 20 13 19 8584.20000 6.17900000 214.05000 41.71000 12.15400 46.24800
 3 6 20 13 20 8584.00000 6.17900000 213.93000 41.68000 12.15400 46.24800
 3 6 20 13 20 8584.00000 6.17900000 213.88000 41.68000 12.15400 46.24800
 3 6 20 13 21 8584.00000 6.17900000 213.88000 41.71000 12.15400 46.24800
 3 6 20 13 21 8583.70000 6.17900000 213.81000 41.71000 12.15400 46.24800
 3 6 20 13 21 8581.70000 6.17900000 213.81000 41.71000 12.13600 46.24800
 3 6 20 13 22 8581.70000 6.17900000 213.81000 41.71000 12.15400 46.24800
 3 6 20 13 22 8584.00000 6.17900000 213.88000 41.71000 12.15400 46.00600
 3 6 20 13 23 8584.50000 6.17900000 213.87000 41.71000 12.15400 46.23000
 3 6 20 13 23 8581.00000 6.17900000 213.80000 41.71000 12.15400 46.23000
 3 6 20 13 24 8580.50000 6.18300000 213.87000 41.69000 12.15400 46.23000
 3 6 20 13 24 8577.70000 6.17900000 213.87000 41.69000 12.15400 46.25800
 3 6 20 13 25 8578.90000 6.17900000 213.81000 41.67000 12.15400 46.25800
 3 6 20 13 25 8578.90000 6.17900000 213.80000 41.67000 12.15000 46.25800
 3 6 20 13 26 8579.00000 6.17900000 213.81000 41.67000 12.15400 46.25800
 3 6 20 13 26 8578.90000 6.19500000 213.81000 41.69000 12.13600 46.25800
 3 6 20 13 27 8578.70000 6.17900000 213.81000 41.67000 12.15400 46.25800
 3 6 20 13 27 8579.40000 6.17900000 213.81000 41.67000 12.15000 46.25800
 3 6 20 13 28 8580.00000 6.17900000 213.81000 41.67000 12.15400 46.25800
 3 6 20 13 28 8583.80000 6.17900000 213.88000 41.67000 12.15400 46.25800
 3 6 20 13 28 8583.70000 6.17900000 213.81000 41.67000 12.15400 46.25800
 3 6 20 13 29 8584.80000 6.17900000 213.88000 41.67000 12.15400 46.25800
 3 6 20 13 29 8586.40000 6.17900000 213.88000 41.71000 12.13600 46.25800
 3 6 20 13 30 8586.60000 6.17900000 213.90000 41.71000 12.15400 46.25800
 3 6 20 13 30 8586.40000 6.17900000 213.90000 41.71000 12.15400 46.23000
 3 6 20 13 31 8586.40000 6.17900000 213.90000 41.65000 12.15400 46.25800
 3 6 20 13 31 8586.40000 6.17900000 213.81000 41.65000 12.13600 46.25800
 3 6 20 13 32 8584.80000 6.17900000 213.81000 41.65000 12.15400 46.25800
 3 6 20 13 32 8582.90000 6.17900000 213.90000 41.69000 12.15400 46.23000
 3 6 20 13 33 8582.90000 6.19500000 213.90000 41.69000 12.15400 46.25800
 3 6 20 13 33 8580.60000 6.17900000 213.99000 41.66000 12.15400 46.25800
 3 6 20 13 34 8580.60000 6.17900000 213.99000 41.66000 12.15400 46.25800
 3 6 20 13 34 8580.10000 6.17900000 214.00000 41.70000 12.15400 46.35300
 3 6 20 13 34 8580.00000 6.17900000 213.99000 41.63000 12.15400 46.35300
 3 6 20 13 35 8580.10000 6.18300000 214.00000 41.63000 12.15400 46.35300
 3 6 20 13 35 8580.10000 6.17900000 213.98000 41.63000 12.15400 46.35700
 3 6 20 13 36 8580.00000 6.17900000 213.99000 41.63000 12.15400 46.35700
 3 6 20 13 36 8572.10000 6.17900000 213.98000 41.63000 12.15400 46.35700
 3 6 20 13 37 8579.60000 6.17900000 213.89000 41.63000 12.15400 46.35700
 3 6 20 13 37 8579.40000 6.17900000 213.89000 41.63000 12.15400 46.35700
 3 6 20 13 38 8577.30000 6.17900000 213.88000 41.66000 12.15400 46.35700
 3 6 20 13 38 8577.30000 6.17900000 213.92000 41.63000 12.15400 46.35700
 3 6 20 13 39 8577.30000 6.17900000 213.92000 41.63000 12.15400 46.35700
 3 6 20 13 39 8577.30000 6.17900000 214.00000 41.64000 12.15400 46.35700
 3 6 20 13 40 8577.30000 6.17900000 213.98000 41.64000 12.15400 46.35700
 3 6 20 13 40 8579.90000 6.19500000 214.00000 41.64000 12.15400 46.35700
 3 6 20 13 41 8580.00000 6.17900000 214.29000 41.64000 12.15000 46.35700
 3 6 20 13 41 8581.40000 6.17900000 214.30000 41.64000 12.15400 46.35300
 3 6 20 13 42 8585.30000 6.18200000 214.27000 41.63000 12.15400 46.35700
 3 6 20 13 42 8584.00000 6.18200000 214.25000 41.64000 12.15400 46.35700
 3 6 20 13 43 8582.60000 6.18200000 214.30000 41.71000 12.15400 46.35700
 3 6 20 13 43 8586.70000 6.18200000 214.30000 41.71000 12.15400 46.25800
 3 6 20 13 44 8586.70000 6.18200000 214.30000 41.71000 12.15400 46.35700
 3 6 20 13 44 8586.70000 6.18200000 214.30000 41.71000 12.15400 46.35700
 3 6 20 13 45 8586.70000 6.18200000 214.30000 41.71000 12.15400 46.35700
 3 6 20 13 45 8589.90000 6.18200000 214.30000 41.71000 12.15400 46.35700
 3 6 20 13 46 8587.10000 6.18200000 214.30000 41.71000 12.15400 46.35700
 3 6 20 13 46 8588.80000 6.18200000 214.30000 41.71000 12.15400 46.35700
 3 6 20 13 46 8587.10000 6.18200000 214.30000 41.71000 12.15400 46.35300
 3 6 20 13 47 8587.10000 6.18200000 214.30000 41.71000 12.15400 46.35700
 3 6 20 13 47 8587.10000 6.18200000 214.30000 41.71000 12.15400 46.35700
 3 6 20 13 48 8587.20000 6.18200000 214.30000 41.71000 12.15400 46.35300
 3 6 20 13 48 8584.50000 6.18200000 214.30000 41.71000 12.15400 46.35700
