M=[
12 2 21 06 58 39160.90000 9.65700000 1455.80000 150.87000 23.01400 118.82900
12 2 21 06 58 39137.50000 9.65700000 1455.61000 150.87000 23.01400 118.82900
12 2 21 06 59 39149.00000 9.65700000 1455.58000 150.87000 23.01400 118.82900
12 2 21 06 59 39179.70000 9.65700000 1456.52000 151.21000 23.01400 118.82900
12 2 21 06 59 39169.20000 9.66000000 1456.50000 151.18000 23.01400 118.82900
12 2 21 07 00 39143.50000 9.66000000 1455.35000 151.08000 23.01400 118.85200
12 2 21 07 00 39146.30000 9.65600000 1455.35000 150.87000 23.01400 118.85200
12 2 21 07 01 39136.80000 9.67900000 1455.12000 150.77000 23.01400 118.85200
12 2 21 07 01 39116.10000 9.67900000 1453.56000 150.83000 23.01400 118.85200
12 2 21 07 02 39149.90000 9.68000000 1455.32000 150.83000 23.20000 118.85200
12 2 21 07 02 39149.90000 9.68000000 1455.46000 151.07000 23.20000 118.85200
12 2 21 07 02 39149.90000 9.68000000 1455.47000 151.07000 23.20000 118.85200
12 2 21 07 03 39121.90000 9.61300000 1455.48000 151.07000 23.20000 118.24900
12 2 21 07 03 39110.60000 9.61300000 1455.79000 150.83000 23.16500 118.24900
12 2 21 07 04 39058.40000 9.61300000 1455.27000 150.70000 23.16500 118.24900
12 2 21 07 04 39074.70000 9.63800000 1456.45000 150.70000 23.16500 118.24900
12 2 21 07 05 39068.60000 9.63800000 1456.29000 150.74000 23.16500 118.24900
12 2 21 07 05 39020.10000 9.63800000 1455.09000 150.50000 23.16500 118.24900
12 2 21 07 05 39007.80000 9.63800000 1454.56000 150.41000 23.16500 118.24900
12 2 21 07 06 39000.00000 9.63800000 1453.69000 150.18000 23.16500 118.24900
12 2 21 07 06 38986.10000 9.63800000 1453.85000 150.28000 23.16500 118.05800
12 2 21 07 07 38986.20000 9.63800000 1453.00000 150.16000 23.16500 118.14000
12 2 21 07 07 38954.70000 9.63800000 1453.66000 150.02000 23.16500 118.14000
12 2 21 07 08 38953.60000 9.61500000 1453.91000 150.24000 23.16500 118.14000
12 2 21 07 08 38913.80000 9.61500000 1453.71000 150.24000 23.34500 118.14000
12 2 21 07 08 38921.30000 9.61500000 1453.88000 150.12000 23.34500 118.05100
12 2 21 07 09 38920.50000 9.61500000 1453.56000 150.11000 23.34500 118.05100
12 2 21 07 09 38942.70000 9.61500000 1454.39000 150.00000 23.34500 118.05100
12 2 21 07 10 38929.70000 9.61500000 1454.04000 150.00000 23.34500 118.05100
12 2 21 07 10 38936.00000 9.61500000 1454.72000 150.00000 23.34500 118.05100
12 2 21 07 11 38965.40000 9.60200000 1454.61000 150.08000 23.34500 118.05100
12 2 21 07 11 38961.10000 9.60200000 1454.34000 150.08000 23.34500 118.05100
12 2 21 07 11 38978.70000 9.60900000 1454.99000 149.97000 23.34500 118.24000
12 2 21 07 12 39019.90000 9.60900000 1455.56000 149.94000 23.34500 118.19000
12 2 21 07 12 39050.00000 9.64500000 1457.00000 150.42000 23.14500 118.19000
12 2 21 07 13 39050.00000 9.64500000 1457.00000 150.41000 23.14500 118.19000
12 2 21 07 13 39063.10000 9.64500000 1459.14000 150.45000 23.14500 118.19000
12 2 21 07 14 39059.20000 9.63300000 1459.79000 150.57000 23.14500 118.82700
12 2 21 07 14 38987.30000 9.63300000 1458.72000 150.58000 23.14500 118.82700
12 2 21 07 14 38988.20000 9.63300000 1459.95000 150.56000 23.14500 118.82700
12 2 21 07 15 39009.60000 9.66400000 1461.38000 150.49000 23.05000 118.82700
12 2 21 07 15 39031.60000 9.67300000 1461.70000 150.87000 23.05000 118.96100
12 2 21 07 16 39031.60000 9.67300000 1460.91000 150.87000 23.12000 119.20200
12 2 21 07 16 39024.50000 9.67300000 1461.76000 150.71000 23.12000 119.20200
12 2 21 07 17 39028.90000 9.67300000 1462.93000 150.71000 23.12000 119.20200
12 2 21 07 17 39034.20000 9.67300000 1463.40000 150.71000 23.12000 118.97000
12 2 21 07 17 39017.10000 9.67300000 1462.22000 150.63000 23.12000 118.97000
12 2 21 07 18 39020.80000 9.67300000 1462.10000 150.65000 23.12000 118.97000
12 2 21 07 18 39034.50000 9.67300000 1462.08000 150.65000 23.12100 118.49900
12 2 21 07 19 39021.40000 9.67300000 1460.69000 150.52000 23.12100 118.49900
12 2 21 07 19 39016.20000 9.67300000 1460.68000 150.52000 23.12100 118.49900
12 2 21 07 20 39016.20000 9.67300000 1461.33000 150.45000 23.12100 118.49900
12 2 21 07 20 38972.10000 9.67300000 1460.86000 150.09000 23.12100 118.49900
12 2 21 07 21 38961.10000 9.67300000 1460.00000 150.04000 23.12100 118.23800
12 2 21 07 21 38947.80000 9.67300000 1460.99000 149.95000 23.12100 118.23800
12 2 21 07 21 38971.90000 9.67300000 1461.46000 150.23000 23.12100 117.93100
12 2 21 07 22 38972.30000 9.64300000 1461.76000 150.31000 23.12100 117.93100
12 2 21 07 22 39009.10000 9.64300000 1462.00000 150.23000 23.12100 117.93100
12 2 21 07 23 39055.30000 9.64300000 1462.01000 150.42000 23.12100 117.93100
12 2 21 07 23 39068.10000 9.64300000 1463.28000 150.50000 23.12100 117.93100
12 2 21 07 24 39019.00000 9.64300000 1462.69000 150.50000 23.12100 117.93100
12 2 21 07 24 38986.30000 9.64300000 1461.85000 150.25000 23.12100 118.49800
12 2 21 07 24 38975.30000 9.64300000 1461.62000 150.27000 23.12100 118.49800
12 2 21 07 25 38972.10000 9.64300000 1461.05000 150.28000 23.12100 118.49800
12 2 21 07 25 38954.20000 9.64300000 1460.43000 150.28000 23.12100 118.49800
12 2 21 07 26 38951.70000 9.64300000 1460.85000 150.21000 23.12100 118.49800
12 2 21 07 26 38926.20000 9.64300000 1460.19000 149.87000 23.12100 118.04100
12 2 21 07 27 38927.00000 9.64300000 1460.59000 150.14000 23.12100 118.04100
12 2 21 07 27 38965.30000 9.64400000 1460.30000 150.17000 22.72900 117.98300
12 2 21 07 27 38958.00000 9.67200000 1460.30000 150.20000 22.72900 117.98300
12 2 21 07 28 38979.80000 9.67200000 1461.99000 150.40000 22.72900 117.95000
12 2 21 07 28 38959.20000 9.67200000 1461.30000 150.38000 22.72900 117.95000
12 2 21 07 29 38950.00000 9.67200000 1460.91000 150.25000 22.72900 117.95000
12 2 21 07 29 38950.00000 9.67200000 1460.91000 150.30000 22.72900 117.95000
12 2 21 07 30 38920.20000 9.67200000 1460.54000 150.13000 22.94700 117.95000
12 2 21 07 30 38907.50000 9.67200000 1460.12000 150.22000 22.86600 117.95000
12 2 21 07 30 38891.10000 9.67200000 1459.21000 150.17000 22.86600 117.95000
12 2 21 07 31 38834.60000 9.64000000 1456.27000 149.89000 22.86600 117.95000
12 2 21 07 31 38824.30000 9.64000000 1456.55000 150.01000 22.86600 117.95000
12 2 21 07 32 38835.00000 9.64000000 1456.30000 150.01000 22.91300 117.95000
12 2 21 07 32 38893.70000 9.64000000 1457.94000 150.02000 22.91300 117.95000
12 2 21 07 33 38965.30000 9.64000000 1457.87000 150.13000 22.91300 117.95000
12 2 21 07 33 39023.10000 9.64000000 1460.14000 150.15000 22.95800 117.95000
12 2 21 07 33 39018.50000 9.64000000 1459.82000 150.15000 22.95800 117.95000
12 2 21 07 34 39031.60000 9.64000000 1460.11000 150.50000 22.95800 117.89000
12 2 21 07 34 38994.90000 9.64000000 1459.00000 150.50000 22.95800 117.69900
12 2 21 07 35 38936.10000 9.63000000 1459.15000 150.21000 22.95800 117.69900
12 2 21 07 35 38937.80000 9.59000000 1458.56000 150.21000 22.91500 117.52300
12 2 21 07 36 38942.90000 9.57800000 1458.43000 150.20000 22.91500 117.60000
12 2 21 07 36 38995.80000 9.57000000 1458.33000 150.20000 22.91500 117.60000
12 2 21 07 36 38965.90000 9.58500000 1458.37000 150.15000 22.91500 117.60000
12 2 21 07 37 38981.20000 9.54600000 1458.89000 150.33000 22.91500 117.49400
12 2 21 07 37 38996.10000 9.58200000 1458.93000 150.00000 22.91500 117.49400
12 2 21 07 38 39000.00000 9.54400000 1460.18000 150.20000 22.91500 117.49400
12 2 21 07 38 39055.50000 9.59600000 1461.37000 150.21000 22.91500 117.49400
12 2 21 07 39 39051.40000 9.59500000 1459.90000 150.00000 22.91500 117.49400
12 2 21 07 39 39068.00000 9.59000000 1460.64000 150.00000 22.91500 117.67800
12 2 21 07 40 39068.10000 9.54500000 1461.02000 150.00000 22.97700 117.92900
12 2 21 07 40 39082.00000 9.54500000 1461.31000 150.00000 22.97700 117.92900
12 2 21 07 40 39100.00000 9.54500000 1461.25000 150.00000 22.97700 117.92900
12 2 21 07 41 39081.50000 9.45900000 1461.25000 149.81000 22.97700 117.92900
12 2 21 07 41 39135.90000 9.42200000 1462.79000 149.81000 22.97700 117.92900
12 2 21 07 42 39136.00000 9.42200000 1461.95000 149.93000 22.97700 118.00000
