M=[
16 6 20 03 36 8424.50000 5.51100000 204.97000 38.79000 13.58200 46.59000
16 6 20 03 36 8424.10000 5.54700000 204.88000 38.79000 13.58200 46.59000
16 6 20 03 37 8424.10000 5.54700000 204.88000 38.79000 13.58200 46.59000
16 6 20 03 37 8423.00000 5.54700000 204.94000 38.79000 13.58200 46.56700
16 6 20 03 38 8422.10000 5.54700000 204.94000 38.79000 13.58200 46.59000
16 6 20 03 38 8421.30000 5.54700000 204.94000 38.79000 13.58200 46.59000
16 6 20 03 38 8424.00000 5.54700000 204.97000 38.79000 13.58200 46.71000
16 6 20 03 39 8425.00000 5.54700000 204.97000 38.79000 13.58200 46.71000
16 6 20 03 39 8427.00000 5.54700000 205.17000 38.79000 13.58200 46.71000
16 6 20 03 40 8427.00000 5.54700000 205.17000 38.79000 13.58200 46.71000
16 6 20 03 40 8429.90000 5.54700000 205.17000 38.85000 13.58200 46.71000
16 6 20 03 41 8432.20000 5.54700000 205.17000 38.85000 13.60900 46.71000
16 6 20 03 41 8432.10000 5.54700000 205.32000 38.85000 13.60900 46.71000
16 6 20 03 42 8432.20000 5.54700000 205.32000 38.90000 13.60900 46.71000
16 6 20 03 42 8432.20000 5.54700000 205.32000 38.90000 13.60900 46.71000
16 6 20 03 43 8432.10000 5.54700000 205.33000 38.90000 13.74800 46.71000
16 6 20 03 43 8432.10000 5.54700000 205.33000 38.89000 13.74800 46.71000
16 6 20 03 43 8432.10000 5.54700000 205.33000 38.89000 13.74800 46.71000
16 6 20 03 44 8432.10000 5.54700000 205.24000 38.89000 13.73200 46.71000
16 6 20 03 44 8431.30000 5.54700000 205.24000 38.89000 13.73200 46.71000
16 6 20 03 45 8430.70000 5.54700000 205.33000 38.89000 13.75100 46.71000
16 6 20 03 45 8430.20000 5.54700000 205.33000 38.89000 13.75100 46.71000
16 6 20 03 46 8429.30000 5.54500000 205.33000 38.89000 13.73200 46.71000
16 6 20 03 46 8432.20000 5.54500000 205.33000 38.89000 13.73200 46.71000
16 6 20 03 47 8432.10000 5.54500000 206.12000 38.89000 13.75100 46.71000
16 6 20 03 47 8432.10000 5.54500000 205.92000 38.89000 13.75100 46.71000
16 6 20 03 48 8432.20000 5.54500000 205.91000 38.89000 13.75100 46.71000
16 6 20 03 48 8430.80000 5.54500000 205.91000 38.89000 13.75100 46.71000
16 6 20 03 49 8428.60000 5.54500000 205.91000 38.89000 13.75100 46.71000
16 6 20 03 49 8427.60000 5.54500000 205.58000 38.89000 13.75100 46.71000
16 6 20 03 50 8427.70000 5.54500000 205.65000 38.89000 13.75100 46.71000
16 6 20 03 50 8430.60000 5.54500000 205.78000 38.89000 13.75100 46.71000
16 6 20 03 51 8430.00000 5.54500000 205.78000 38.89000 13.75100 46.71000
16 6 20 03 51 8430.90000 5.54500000 205.78000 38.85000 13.75100 46.71000
16 6 20 03 51 8430.00000 5.54500000 205.78000 38.85000 13.75100 46.71000
16 6 20 03 52 8429.10000 5.54500000 205.45000 38.85000 13.75100 46.71000
16 6 20 03 52 8423.70000 5.54500000 205.45000 38.85000 13.75100 46.71000
16 6 20 03 53 8423.60000 5.54500000 205.45000 38.73000 13.75100 46.71000
16 6 20 03 53 8423.60000 5.54500000 205.45000 38.73000 13.75100 46.71000
16 6 20 03 54 8423.50000 5.54500000 205.19000 38.73000 13.75100 46.71000
16 6 20 03 54 8421.00000 5.54500000 205.19000 38.73000 13.75100 46.71000
16 6 20 03 55 8417.00000 5.54500000 205.19000 38.73000 13.75100 46.71000
16 6 20 03 55 8418.40000 5.54500000 205.17000 38.73000 13.75100 46.71000
16 6 20 03 56 8416.20000 5.54500000 205.02000 38.73000 13.75100 46.71000
16 6 20 03 56 8416.20000 5.54500000 205.03000 38.73000 13.75100 46.71000
16 6 20 03 57 8416.00000 5.54500000 205.03000 38.73000 13.75100 46.71000
16 6 20 03 57 8415.10000 5.54500000 205.06000 38.73000 13.75100 46.71000
16 6 20 03 57 8415.10000 5.54500000 205.06000 38.73000 13.75100 46.71000
16 6 20 03 58 8418.00000 5.54500000 205.06000 38.73000 13.75100 46.71000
16 6 20 03 58 8417.90000 5.54500000 205.29000 38.73000 13.73200 46.71000
16 6 20 03 59 8432.20000 5.54500000 205.29000 38.73000 13.75100 46.71000
16 6 20 03 59 8432.10000 5.54500000 205.29000 38.73000 13.75100 46.71000
16 6 20 04 00 8435.00000 5.54500000 205.68000 38.73000 13.75100 46.74000
16 6 20 04 00 8435.00000 5.54500000 205.55000 38.85000 13.75100 46.74000
16 6 20 04 01 8434.90000 5.54500000 205.55000 38.85000 13.75100 46.81100
16 6 20 04 01 8435.00000 5.54500000 205.64000 38.85000 13.75100 46.81100
16 6 20 04 02 8432.60000 5.54500000 205.38000 38.85000 13.75100 46.81100
16 6 20 04 02 8431.90000 5.54500000 205.38000 38.85000 13.76200 46.81100
16 6 20 04 03 8431.90000 5.54500000 205.38000 38.85000 13.76200 46.81100
16 6 20 04 03 8431.30000 5.54500000 205.38000 38.85000 13.76200 46.90000
16 6 20 04 04 8431.00000 5.54500000 205.38000 38.85000 13.76200 46.90000
16 6 20 04 04 8415.10000 5.54500000 205.27000 38.85000 13.76200 46.90000
16 6 20 04 05 8415.10000 5.54500000 205.27000 38.85000 13.76200 46.81100
16 6 20 04 05 8417.50000 5.54500000 205.27000 38.85000 13.76200 46.90000
16 6 20 04 05 8414.20000 5.54500000 205.27000 38.85000 13.76200 46.90000
16 6 20 04 06 8413.60000 5.54500000 205.27000 38.85000 13.76200 46.90000
16 6 20 04 06 8413.50000 5.54500000 205.27000 38.77000 13.76200 46.90000
16 6 20 04 07 8413.60000 5.54500000 205.27000 38.77000 13.76200 46.90000
16 6 20 04 07 8413.50000 5.54500000 205.27000 38.77000 13.76200 47.20000
16 6 20 04 08 8413.50000 5.54500000 205.27000 38.81000 13.76200 47.11300
16 6 20 04 08 8413.50000 5.54500000 205.27000 38.81000 13.76200 47.11300
16 6 20 04 09 8418.90000 5.54500000 205.27000 38.81000 13.76200 47.11300
16 6 20 04 09 8415.30000 5.54500000 205.27000 38.81000 13.76200 47.11300
16 6 20 04 10 8415.80000 5.54500000 205.27000 38.81000 13.76200 47.11300
16 6 20 04 10 8417.30000 5.54500000 205.24000 38.81000 13.76200 47.11300
16 6 20 04 11 8422.40000 5.54500000 205.24000 38.81000 13.76200 47.11300
16 6 20 04 11 8419.30000 5.54500000 205.24000 38.81000 13.76200 47.11300
16 6 20 04 12 8417.90000 5.54500000 205.27000 38.81000 13.76200 47.11300
16 6 20 04 12 8417.70000 5.54500000 205.24000 38.81000 13.76200 47.20000
16 6 20 04 12 8419.60000 5.54500000 205.24000 38.81000 13.76200 47.11300
16 6 20 04 13 8417.60000 5.54500000 205.24000 38.81000 13.76200 47.31900
16 6 20 04 13 8416.20000 5.54500000 205.24000 38.81000 13.76200 47.35400
16 6 20 04 14 8417.10000 5.54500000 205.24000 38.81000 13.76200 47.35400
16 6 20 04 14 8417.90000 5.54500000 205.24000 38.81000 13.76200 47.35400
16 6 20 04 15 8418.00000 5.54500000 205.24000 38.81000 13.76200 47.39800
16 6 20 04 15 8418.00000 5.54500000 205.24000 38.81000 13.76200 47.39800
16 6 20 04 16 8417.80000 5.54500000 205.24000 38.81000 13.76200 47.38300
16 6 20 04 16 8414.80000 5.54500000 205.24000 38.81000 13.76200 47.38700
16 6 20 04 17 8413.50000 5.54500000 205.24000 38.81000 13.76200 47.38700
16 6 20 04 17 8412.30000 5.54500000 205.23000 38.81000 13.76200 47.38700
16 6 20 04 18 8412.30000 5.54500000 204.90000 38.81000 13.76200 47.38700
16 6 20 04 18 8412.30000 5.54500000 204.91000 38.75000 13.76200 47.26600
16 6 20 04 18 8412.70000 5.54500000 204.91000 38.75000 13.76200 47.26600
16 6 20 04 19 8412.30000 5.54500000 204.91000 38.75000 13.76200 47.26600
16 6 20 04 19 8407.40000 5.54500000 204.77000 38.81000 13.76200 47.26600
16 6 20 04 20 8409.40000 5.54500000 204.74000 38.75000 13.76200 47.26600
16 6 20 04 20 8410.10000 5.54500000 204.77000 38.75000 13.76200 47.26600
16 6 20 04 21 8407.30000 5.54500000 204.77000 38.75000 13.76200 47.26600
16 6 20 04 21 8410.10000 5.54500000 204.91000 38.75000 13.76200 47.38700
16 6 20 04 22 8415.70000 5.54500000 204.77000 38.81000 13.76200 47.26600
16 6 20 04 22 8415.60000 5.54500000 204.91000 38.75000 13.76200 47.26600
16 6 20 04 23 8415.40000 5.54500000 204.91000 38.75000 13.72200 47.38700
16 6 20 04 23 8415.70000 5.54500000 204.77000 38.75000 13.75200 47.26600
16 6 20 04 24 8425.30000 5.54500000 205.11000 38.75000 13.75200 47.17700
16 6 20 04 24 8423.80000 5.54500000 205.12000 38.75000 13.75200 47.17700
16 6 20 04 25 8428.60000 5.54500000 205.12000 38.75000 13.75200 47.17700
16 6 20 04 25 8428.60000 5.54500000 205.12000 38.75000 13.75200 47.17700
16 6 20 04 25 8428.60000 5.54500000 205.12000 38.75000 13.75200 47.17700
16 6 20 04 26 8426.00000 5.54500000 205.12000 38.75000 13.75200 47.17700
