M=[
 1 5 20 11 58 8188.00000 6.06500000 195.95000 43.75000 9.97100 42.18400
 1 5 20 11 59 8199.90000 6.06500000 196.55000 43.75000 9.97100 42.18400
 1 5 20 11 59 8200.00000 6.06500000 196.79000 43.85000 10.04000 42.43000
 1 5 20 12 00 8232.00000 6.06500000 196.81000 43.92000 10.04000 42.18400
 1 5 20 12 00 8220.00000 6.06500000 196.69000 43.92000 10.04000 42.18400
 1 5 20 12 01 8210.40000 6.06500000 196.15000 43.82000 9.97100 42.18400
 1 5 20 12 01 8203.90000 6.06500000 196.33000 43.88000 10.04000 42.18400
 1 5 20 12 02 8204.20000 6.06500000 196.32000 43.88000 10.04000 42.18400
 1 5 20 12 02 8209.20000 6.06500000 196.32000 43.88000 10.04000 42.18400
 1 5 20 12 03 8214.50000 6.07800000 196.32000 43.88000 10.01300 42.18400
 1 5 20 12 03 8225.40000 6.07800000 196.43000 43.85000 10.04000 42.18400
 1 5 20 12 04 8232.10000 6.07800000 196.59000 43.88000 10.04000 42.43000
 1 5 20 12 04 8230.90000 6.06500000 196.62000 43.88000 10.04000 42.18400
 1 5 20 12 05 8228.30000 6.07800000 196.61000 43.88000 10.04000 42.18400
 1 5 20 12 05 8243.80000 6.07800000 196.69000 43.95000 10.04000 42.18400
 1 5 20 12 06 8233.00000 6.07800000 196.94000 43.95000 10.04000 42.18400
 1 5 20 12 06 8246.00000 6.07800000 197.00000 43.93000 10.04000 42.18400
 1 5 20 12 07 8249.00000 6.07800000 197.01000 44.02000 10.04000 42.18400
 1 5 20 12 08 8245.50000 6.07800000 197.00000 43.93000 10.04000 42.18400
 1 5 20 12 08 8230.10000 6.07800000 196.68000 43.98000 10.04000 42.18400
 1 5 20 12 09 8229.40000 6.07800000 196.64000 43.98000 10.04000 42.18400
 1 5 20 12 09 8214.80000 6.07800000 196.55000 43.98000 10.04000 42.18400
 1 5 20 12 10 8224.60000 6.07800000 196.66000 43.98000 10.04000 42.18400
 1 5 20 12 10 8218.70000 6.07800000 196.58000 43.98000 10.02300 42.18400
 1 5 20 12 11 8212.60000 6.07800000 196.40000 43.98000 10.01100 42.18400
 1 5 20 12 11 8198.60000 6.07800000 196.15000 43.82000 9.99000 42.18400
 1 5 20 12 12 8203.80000 6.07800000 196.15000 43.82000 9.98300 42.18400
 1 5 20 12 12 8208.20000 6.07800000 196.15000 43.82000 9.98300 42.18400
 1 5 20 12 13 8202.70000 6.07800000 196.16000 43.82000 9.98300 42.18400
 1 5 20 12 13 8200.10000 6.07800000 196.15000 43.74000 9.98300 42.18400
 1 5 20 12 14 8199.00000 6.07800000 196.22000 43.75000 9.98300 42.18400
 1 5 20 12 14 8198.80000 6.07800000 195.97000 43.75000 9.98300 42.18400
 1 5 20 12 15 8198.00000 6.07800000 196.17000 43.75000 9.98300 42.18400
 1 5 20 12 15 8194.90000 6.07800000 195.97000 43.75000 9.98300 42.18400
 1 5 20 12 16 8182.10000 6.07800000 196.00000 43.75000 9.98300 42.18400
 1 5 20 12 16 8180.30000 6.07800000 195.74000 43.74000 9.98300 42.18400
 1 5 20 12 17 8175.00000 6.07800000 195.70000 43.70000 9.98300 42.18400
 1 5 20 12 17 8180.00000 6.07800000 195.25000 43.70000 9.98300 42.18400
 1 5 20 12 18 8177.50000 6.07800000 195.29000 43.70000 9.98300 42.18400
 1 5 20 12 18 8173.00000 6.02800000 195.28000 43.57000 9.99400 42.18400
 1 5 20 12 19 8168.00000 6.02800000 195.30000 43.57000 9.99400 42.18400
 1 5 20 12 19 8172.50000 6.02800000 195.30000 43.56000 9.99400 42.18400
 1 5 20 12 20 8168.00000 6.04500000 195.46000 43.49000 9.99400 42.18400
 1 5 20 12 20 8156.10000 6.04500000 195.18000 43.48000 9.99400 42.18400
 1 5 20 12 21 8159.60000 6.02800000 195.15000 43.48000 9.99400 42.18400
 1 5 20 12 21 8166.00000 6.02800000 195.16000 43.48000 9.99400 42.18400
 1 5 20 12 22 8183.40000 6.02800000 195.45000 43.54000 9.99400 42.18400
 1 5 20 12 22 8190.30000 6.02800000 195.54000 43.54000 9.99400 42.10300
 1 5 20 12 23 8192.40000 6.02800000 195.47000 43.54000 9.99400 42.10300
 1 5 20 12 23 8186.80000 6.02800000 195.43000 43.65000 9.99400 42.10300
 1 5 20 12 24 8166.20000 6.02800000 195.08000 43.57000 9.99400 42.00700
 1 5 20 12 24 8166.20000 6.02800000 195.00000 43.50000 10.03100 42.00700
 1 5 20 12 25 8168.10000 6.02800000 194.89000 43.54000 10.03100 42.00700
 1 5 20 12 25 8169.10000 6.02800000 195.16000 43.54000 10.03100 42.00700
 1 5 20 12 26 8171.10000 6.02800000 195.01000 43.54000 10.03100 42.00700
 1 5 20 12 26 8166.40000 6.04500000 195.00000 43.54000 10.03100 42.00700
 1 5 20 12 27 8160.00000 6.02800000 195.01000 43.54000 10.03100 42.00700
 1 5 20 12 28 8156.40000 6.02800000 195.00000 43.50000 10.03100 42.00700
 1 5 20 12 28 8155.50000 6.02800000 194.86000 43.50000 10.03100 42.00700
 1 5 20 12 29 8131.20000 6.02800000 194.38000 43.54000 10.03100 42.00700
 1 5 20 12 29 8130.80000 6.02800000 194.30000 43.34000 10.00900 42.00700
 1 5 20 12 30 8133.40000 6.02800000 194.40000 43.36000 10.00900 42.00700
 1 5 20 12 30 8140.10000 6.02800000 194.68000 43.36000 10.00900 42.00700
 1 5 20 12 31 8140.80000 6.02800000 194.68000 43.36000 9.99400 42.00700
 1 5 20 12 31 8145.60000 6.02800000 194.57000 43.36000 10.00900 42.00700
 1 5 20 12 32 8136.00000 6.02800000 194.28000 43.36000 10.00900 42.00700
 1 5 20 12 32 8095.10000 6.00000000 193.69000 43.31000 9.97900 42.00700
 1 5 20 12 33 8090.00000 6.00000000 193.54000 43.21000 9.94200 41.76200
 1 5 20 12 34 8073.90000 5.97000000 193.53000 43.09000 9.94200 41.76200
 1 5 20 12 34 8073.90000 5.97000000 193.57000 43.10000 9.94200 41.76200
 1 5 20 12 35 8088.40000 6.00000000 194.00000 43.14000 9.94200 41.76200
 1 5 20 12 35 8086.40000 5.97000000 194.00000 43.14000 9.94200 41.76200
 1 5 20 12 36 8089.20000 6.00000000 194.01000 43.21000 9.94200 41.76200
 1 5 20 12 36 8092.70000 6.00000000 194.12000 43.17000 9.94200 41.76200
 1 5 20 12 37 8093.90000 5.97000000 194.12000 43.17000 9.94200 41.76200
 1 5 20 12 37 8089.80000 5.97000000 194.12000 43.22000 9.98000 41.76200
 1 5 20 12 38 8088.60000 5.97000000 194.02000 43.22000 9.98000 41.69500
 1 5 20 12 39 8065.70000 5.97000000 193.91000 43.11000 9.98000 41.69500
 1 5 20 12 39 8081.20000 5.97000000 193.85000 43.11000 9.98000 41.69500
 1 5 20 12 40 8095.20000 5.97000000 194.24000 43.11000 9.98000 41.69500
 1 5 20 12 40 8082.20000 5.97000000 194.32000 43.11000 9.98000 41.69500
 1 5 20 12 41 8077.60000 5.97000000 193.59000 43.17000 9.98000 41.69500
 1 5 20 12 41 8083.30000 5.97000000 193.22000 43.17000 9.98000 41.69500
 1 5 20 12 42 8083.10000 5.97000000 192.91000 43.12000 9.98000 41.69500
 1 5 20 12 42 8070.10000 6.00000000 192.86000 43.12000 9.98000 41.69500
 1 5 20 12 43 8083.00000 5.97000000 193.08000 43.12000 9.98000 41.76200
 1 5 20 12 43 8084.50000 5.97000000 193.28000 43.12000 9.98000 41.69500
 1 5 20 12 44 8088.50000 5.97000000 193.65000 43.12000 9.98000 41.69500
 1 5 20 12 44 8087.10000 5.98700000 193.39000 43.28000 9.98000 41.69500
 1 5 20 12 45 8087.00000 5.98700000 193.23000 43.28000 9.98000 41.69500
 1 5 20 12 45 8093.50000 5.98700000 193.78000 43.28000 9.98000 41.69500
 1 5 20 12 46 8109.30000 5.99400000 193.65000 43.28000 9.94200 41.69500
 1 5 20 12 46 8107.30000 5.99400000 194.00000 43.28000 9.98000 41.69500
 1 5 20 12 47 8109.50000 5.99400000 194.05000 43.28000 9.98000 41.69500
 1 5 20 12 47 8105.30000 5.98700000 193.74000 43.32000 9.98000 41.69500
 1 5 20 12 48 8108.40000 5.99400000 193.98000 43.36000 9.98000 41.69500
 1 5 20 12 48 8105.20000 5.99400000 193.93000 43.36000 9.98000 41.69500
 1 5 20 12 49 8101.10000 5.99400000 193.90000 43.36000 9.98000 41.69500
 1 5 20 12 49 8088.90000 5.99400000 193.77000 43.34000 9.98000 41.69500
 1 5 20 12 50 8088.90000 5.99400000 193.70000 43.34000 9.98000 41.69500
 1 5 20 12 50 8087.90000 5.99400000 193.74000 43.34000 9.98000 41.69500
 1 5 20 12 51 8087.10000 5.99400000 193.80000 43.34000 9.98000 41.69500
 1 5 20 12 51 8085.10000 5.99400000 193.71000 43.34000 9.98000 41.69500
 1 5 20 12 52 8102.70000 5.99400000 194.10000 43.34000 9.98000 41.69500
 1 5 20 12 52 8101.10000 5.99400000 194.21000 43.34000 9.98000 41.69500
 1 5 20 12 53 8101.90000 5.99400000 193.86000 43.34000 9.98000 41.69500
 1 5 20 12 53 8101.10000 5.99400000 194.35000 43.45000 9.98000 41.76200
 1 5 20 12 54 8101.00000 5.98700000 194.28000 43.43000 9.98000 41.69500
 1 5 20 12 54 8100.90000 5.99400000 194.40000 43.43000 9.98000 41.69500
 1 5 20 12 55 8110.00000 5.99400000 194.32000 43.38000 9.98000 41.69500
