M=[
21 3 21 19 17 48626.90000 10.29900000 1515.99000 166.08000 26.29000 126.39900
21 3 21 19 17 48625.10000 10.29900000 1516.44000 166.08000 26.29000 126.39900
21 3 21 19 18 48625.00000 10.29900000 1515.84000 166.08000 26.29000 126.39900
21 3 21 19 18 48620.10000 10.29900000 1516.43000 166.08000 26.29000 126.30900
21 3 21 19 19 48603.60000 10.29900000 1516.37000 166.04000 26.29000 126.30900
21 3 21 19 19 48600.10000 10.29900000 1516.44000 166.04000 26.29000 126.30900
21 3 21 19 20 48600.00000 10.29900000 1516.43000 166.04000 26.29000 126.30900
21 3 21 19 20 48600.10000 10.29900000 1516.43000 166.04000 26.29000 126.48900
21 3 21 19 20 48600.00000 10.30200000 1516.18000 166.04000 26.29000 126.55900
21 3 21 19 21 48562.90000 10.30200000 1515.87000 166.04000 26.29000 126.55900
21 3 21 19 21 48534.70000 10.30200000 1515.87000 166.02000 26.29000 126.55900
21 3 21 19 22 48503.90000 10.30200000 1515.20000 165.85000 26.29000 126.55900
21 3 21 19 22 48545.00000 10.30200000 1514.96000 165.85000 26.29000 126.55900
21 3 21 19 23 48556.00000 10.30200000 1514.64000 165.89000 26.29000 126.55900
21 3 21 19 23 48524.60000 10.30200000 1514.52000 165.83000 26.29000 126.55900
21 3 21 19 23 48540.90000 10.30200000 1515.02000 165.83000 26.15800 126.55900
21 3 21 19 24 48559.90000 10.30200000 1515.19000 165.94000 26.15800 126.49300
21 3 21 19 24 48555.90000 10.30200000 1515.55000 165.98000 26.15800 126.49300
21 3 21 19 25 48556.00000 10.30200000 1515.59000 165.98000 26.15800 126.49300
21 3 21 19 25 48540.00000 10.30200000 1515.32000 165.98000 26.15800 126.49300
21 3 21 19 26 48540.00000 10.30200000 1514.96000 165.98000 26.15800 126.30900
21 3 21 19 26 48534.90000 10.31300000 1515.49000 165.88000 26.15800 126.30900
21 3 21 19 26 48530.80000 10.31300000 1515.12000 165.89000 26.15800 126.11300
21 3 21 19 27 48551.10000 10.31300000 1515.47000 165.89000 26.15800 126.11300
21 3 21 19 27 48539.50000 10.31300000 1515.35000 165.94000 26.15800 126.30600
21 3 21 19 28 48521.90000 10.31300000 1515.03000 165.94000 26.15800 126.30600
21 3 21 19 28 48521.90000 10.31300000 1515.01000 165.94000 26.15800 126.30600
21 3 21 19 29 48499.50000 10.31100000 1514.96000 165.94000 26.15800 126.30600
21 3 21 19 29 48511.10000 10.31100000 1514.97000 165.79000 26.15800 126.30600
21 3 21 19 29 48507.80000 10.31100000 1514.96000 165.71000 26.15800 126.30600
21 3 21 19 30 48531.30000 10.31100000 1515.05000 165.77000 26.15800 126.30600
21 3 21 19 30 48532.80000 10.31100000 1514.97000 165.77000 26.05000 126.30600
21 3 21 19 31 48551.90000 10.31100000 1514.97000 165.74000 26.05000 126.30600
21 3 21 19 31 48544.30000 10.31100000 1515.39000 165.74000 26.05000 126.30600
21 3 21 19 32 48512.10000 10.31100000 1514.97000 165.82000 26.05000 126.30600
21 3 21 19 32 48540.60000 10.31100000 1514.96000 165.82000 26.05000 126.45200
21 3 21 19 32 48523.30000 10.31100000 1515.15000 165.80000 26.05000 126.45200
21 3 21 19 33 48549.30000 10.31100000 1515.29000 165.80000 26.05000 126.31700
21 3 21 19 33 48549.30000 10.31100000 1515.17000 165.80000 26.05000 126.31700
21 3 21 19 34 48549.30000 10.31100000 1515.43000 165.80000 26.05000 126.44900
21 3 21 19 34 48544.30000 10.31100000 1515.76000 165.80000 26.05000 126.44900
21 3 21 19 35 48551.90000 10.31100000 1515.86000 165.80000 26.05000 126.44900
21 3 21 19 35 48569.90000 10.31100000 1516.00000 165.93000 26.05000 126.44900
21 3 21 19 35 48569.80000 10.31100000 1515.80000 165.93000 26.05000 126.44900
21 3 21 19 36 48552.00000 10.31100000 1515.47000 165.90000 26.05000 126.44900
21 3 21 19 36 48512.70000 10.31100000 1515.47000 165.90000 26.05000 126.44900
21 3 21 19 37 48513.50000 10.31100000 1515.19000 165.84000 26.05000 126.60000
21 3 21 19 37 48507.40000 10.31100000 1515.23000 165.84000 26.05000 126.60000
21 3 21 19 38 48506.70000 10.30800000 1515.50000 165.91000 26.05000 126.64900
21 3 21 19 38 48503.70000 10.30800000 1515.53000 165.87000 26.05000 126.64900
21 3 21 19 38 48501.50000 10.30800000 1515.50000 165.87000 26.05000 126.64900
21 3 21 19 39 48455.50000 10.30800000 1515.50000 165.80000 26.05000 126.64900
21 3 21 19 39 48438.80000 10.30800000 1515.20000 165.80000 26.05000 126.64900
21 3 21 19 40 48455.60000 10.30600000 1515.01000 165.69000 26.05000 126.64900
21 3 21 19 40 48455.60000 10.30600000 1515.00000 165.69000 26.05000 126.64900
21 3 21 19 41 48455.60000 10.30600000 1514.97000 165.76000 26.05000 126.64900
21 3 21 19 41 48450.10000 10.30600000 1514.97000 165.84000 26.05000 126.64900
21 3 21 19 41 48464.60000 10.30600000 1514.96000 165.84000 26.13900 126.64900
21 3 21 19 42 48458.30000 10.30600000 1514.14000 165.84000 26.13900 126.64900
21 3 21 19 42 48451.20000 10.30600000 1514.17000 165.84000 26.00700 126.64900
21 3 21 19 43 48469.50000 10.30600000 1514.34000 165.78000 26.12100 126.64900
21 3 21 19 43 48470.00000 10.30600000 1514.11000 165.79000 26.12100 126.64900
21 3 21 19 44 48450.80000 10.30600000 1514.10000 165.79000 26.12100 126.64900
21 3 21 19 44 48450.20000 10.30600000 1514.01000 165.79000 26.12100 126.64900
21 3 21 19 44 48455.00000 10.30600000 1514.00000 165.79000 26.12100 126.64900
21 3 21 19 45 48466.20000 10.30600000 1514.18000 165.73000 25.96400 126.71600
21 3 21 19 45 48479.90000 10.30600000 1514.45000 165.79000 25.96300 126.71600
21 3 21 19 46 48480.00000 10.30600000 1514.84000 165.79000 25.96300 126.71600
21 3 21 19 46 48479.90000 10.30600000 1514.88000 165.79000 25.96300 126.71600
21 3 21 19 47 48480.00000 10.30600000 1514.79000 165.79000 25.96300 126.71600
21 3 21 19 47 48489.80000 10.30600000 1514.72000 165.79000 25.96300 126.71600
21 3 21 19 47 48476.90000 10.30600000 1514.58000 165.82000 25.96300 126.71600
21 3 21 19 48 48492.90000 10.30600000 1514.49000 165.82000 25.96300 126.71600
21 3 21 19 48 48483.40000 10.30600000 1514.49000 165.86000 25.96300 126.71600
21 3 21 19 49 48493.90000 10.30600000 1514.45000 165.92000 25.96300 126.71600
21 3 21 19 49 48524.00000 10.30600000 1514.70000 165.92000 25.96300 126.71600
21 3 21 19 50 48516.90000 10.30600000 1514.61000 165.92000 25.96300 126.91600
21 3 21 19 50 48518.10000 10.30600000 1514.61000 165.95000 25.96300 126.91600
21 3 21 19 50 48515.60000 10.30600000 1514.57000 165.95000 25.96300 126.91600
21 3 21 19 51 48508.80000 10.30600000 1514.19000 165.95000 25.96300 126.91600
21 3 21 19 51 48500.00000 10.30600000 1513.93000 165.98000 25.70100 126.91600
21 3 21 19 52 48451.00000 10.30600000 1513.93000 165.94000 25.70100 126.91600
21 3 21 19 52 48482.40000 10.30600000 1514.20000 165.94000 25.70100 126.91600
21 3 21 19 53 48497.60000 10.30600000 1514.37000 166.00000 25.70100 126.91600
21 3 21 19 53 48514.00000 10.30600000 1514.69000 166.00000 25.70100 126.91600
21 3 21 19 53 48521.80000 10.30600000 1515.00000 166.03000 25.70100 126.91600
21 3 21 19 54 48522.10000 10.30600000 1514.74000 166.11000 25.70100 126.71100
21 3 21 19 54 48515.60000 10.30600000 1514.96000 166.11000 25.70100 126.71100
21 3 21 19 55 48523.90000 10.28700000 1514.98000 166.11000 25.70100 126.64400
21 3 21 19 55 48520.80000 10.28700000 1515.07000 166.11000 25.70100 126.64400
21 3 21 19 56 48522.10000 10.28700000 1515.07000 166.06000 25.91900 126.64400
21 3 21 19 56 48522.10000 10.28700000 1514.69000 166.10000 25.91900 126.62900
21 3 21 19 56 48522.10000 10.28700000 1514.65000 165.99000 25.91900 126.62900
21 3 21 19 57 48524.70000 10.28700000 1514.65000 166.04000 25.92200 126.62900
21 3 21 19 57 48526.90000 10.28700000 1514.65000 166.04000 25.92200 126.62900
21 3 21 19 58 48527.00000 10.28700000 1514.61000 166.04000 25.92200 126.62900
21 3 21 19 58 48527.00000 10.28700000 1514.65000 165.95000 25.92200 126.62900
21 3 21 19 59 48527.00000 10.28700000 1514.65000 165.95000 25.92200 126.62900
21 3 21 19 59 48526.90000 10.28700000 1514.65000 165.95000 25.92200 126.62900
21 3 21 19 59 48527.00000 10.28700000 1514.65000 165.96000 25.92200 126.62900
21 3 21 20 00 48573.80000 10.28700000 1515.99000 165.96000 25.92200 126.62900
21 3 21 20 00 48576.50000 10.28700000 1516.42000 166.21000 25.92200 126.62900
