M=[
29 11 20 21 36 15325.50000 5.32900000 475.61000 66.90000 13.14900 62.41500
29 11 20 21 36 15325.20000 5.32900000 475.50000 66.90000 13.14900 62.41500
29 11 20 21 37 15311.90000 5.32900000 475.39000 66.90000 13.14900 62.41500
29 11 20 21 37 15311.90000 5.33700000 475.74000 66.90000 13.14900 62.41500
29 11 20 21 38 15312.00000 5.33700000 475.51000 66.90000 13.14900 62.41500
29 11 20 21 38 15308.40000 5.32000000 475.69000 66.90000 13.14900 62.41500
29 11 20 21 39 15293.70000 5.32000000 475.46000 66.90000 13.14900 62.41500
29 11 20 21 39 15311.90000 5.32000000 475.68000 66.84000 13.14900 62.79000
29 11 20 21 39 15310.50000 5.32000000 475.61000 66.92000 13.14900 62.79000
29 11 20 21 40 15302.60000 5.32000000 475.47000 66.93000 13.14900 62.79000
29 11 20 21 40 15290.00000 5.32000000 474.99000 66.93000 13.14900 62.79000
29 11 20 21 41 15291.40000 5.33700000 474.91000 66.91000 13.14900 62.79000
29 11 20 21 41 15292.80000 5.33700000 474.94000 66.91000 13.14900 62.79000
29 11 20 21 42 15302.20000 5.33700000 475.00000 66.88000 13.07600 62.79000
29 11 20 21 42 15304.10000 5.33700000 474.99000 66.98000 13.07600 62.79000
29 11 20 21 42 15300.10000 5.33700000 474.99000 66.93000 13.18100 62.79000
29 11 20 21 43 15302.60000 5.33700000 475.00000 66.93000 13.18100 62.79000
29 11 20 21 43 15302.60000 5.33700000 474.99000 66.93000 13.18100 62.79000
29 11 20 21 44 15310.40000 5.33700000 475.00000 66.93000 13.18100 62.79000
29 11 20 21 44 15316.50000 5.33800000 475.00000 66.93000 13.18100 62.79000
29 11 20 21 45 15310.80000 5.33800000 475.14000 66.93000 13.18100 62.79000
29 11 20 21 45 15310.80000 5.33800000 475.14000 66.93000 13.18100 62.79000
29 11 20 21 45 15312.00000 5.33800000 475.73000 66.93000 13.18100 62.79000
29 11 20 21 46 15317.60000 5.33800000 475.99000 66.96000 13.18100 62.79000
29 11 20 21 46 15324.90000 5.33800000 476.10000 66.96000 13.18100 62.79000
29 11 20 21 47 15329.30000 5.34900000 476.46000 66.98000 13.18100 62.79000
29 11 20 21 47 15324.20000 5.34900000 476.26000 66.98000 13.18100 62.79000
29 11 20 21 48 15325.20000 5.35000000 476.22000 66.90000 13.18100 62.79000
29 11 20 21 48 15329.20000 5.35000000 476.31000 66.83000 13.18100 62.79000
29 11 20 21 48 15327.30000 5.35000000 476.65000 66.79000 13.18100 62.79000
29 11 20 21 49 15327.20000 5.35000000 476.40000 66.83000 13.18100 62.79000
29 11 20 21 49 15318.10000 5.35000000 476.48000 66.83000 13.18100 62.79000
29 11 20 21 50 15317.60000 5.35000000 476.46000 66.86000 13.18100 62.93800
29 11 20 21 50 15322.30000 5.35000000 475.92000 66.86000 13.18100 62.93800
29 11 20 21 51 15311.80000 5.35000000 476.12000 66.88000 13.18100 62.93800
29 11 20 21 51 15316.40000 5.35000000 476.24000 66.93000 13.18100 62.93800
29 11 20 21 51 15313.40000 5.35000000 475.60000 66.89000 13.18100 62.72600
29 11 20 21 52 15312.60000 5.35000000 475.59000 66.89000 13.18100 62.72600
29 11 20 21 52 15317.10000 5.35000000 475.59000 66.91000 13.18100 62.72600
29 11 20 21 53 15314.00000 5.35000000 475.58000 66.95000 13.18100 62.72600
29 11 20 21 53 15314.00000 5.35000000 475.55000 66.95000 13.18100 62.72600
29 11 20 21 54 15302.00000 5.35000000 475.56000 66.95000 13.18100 62.72600
29 11 20 21 54 15303.20000 5.35500000 474.74000 66.95000 13.18100 62.72600
29 11 20 21 54 15300.10000 5.35500000 474.32000 66.95000 13.18100 62.72600
29 11 20 21 55 15300.10000 5.35500000 474.83000 66.95000 13.18100 62.72600
29 11 20 21 55 15301.40000 5.35500000 475.00000 66.97000 13.18100 62.72600
29 11 20 21 56 15300.10000 5.35500000 475.02000 66.97000 13.18100 62.72600
29 11 20 21 56 15300.10000 5.35500000 475.01000 67.00000 13.18100 62.72600
29 11 20 21 57 15300.10000 5.35500000 475.00000 66.94000 13.18100 62.72600
29 11 20 21 57 15300.10000 5.35500000 475.00000 66.87000 13.18100 62.72600
29 11 20 21 57 15290.00000 5.35500000 475.00000 66.86000 13.18100 62.72600
29 11 20 21 58 15290.00000 5.35500000 474.27000 66.86000 13.18100 62.74900
29 11 20 21 58 15289.20000 5.35500000 474.99000 66.78000 13.18100 62.74900
29 11 20 21 59 15286.70000 5.35500000 474.71000 66.78000 13.18100 62.74900
29 11 20 21 59 15280.10000 5.35500000 474.28000 66.78000 13.18100 62.74900
29 11 20 22 00 15284.10000 5.35500000 474.71000 66.78000 13.18100 62.74900
29 11 20 22 00 15289.10000 5.35500000 475.23000 66.86000 13.18100 62.74900
29 11 20 22 00 15296.00000 5.35500000 475.41000 66.86000 13.18100 62.74900
29 11 20 22 01 15289.00000 5.35500000 475.02000 66.86000 13.18100 62.74900
29 11 20 22 01 15270.30000 5.35500000 474.22000 66.79000 13.17500 62.74900
29 11 20 22 02 15264.80000 5.35500000 473.78000 66.71000 13.17500 62.74900
29 11 20 22 02 15266.70000 5.35500000 473.88000 66.65000 13.17500 62.74900
29 11 20 22 03 15262.40000 5.35500000 473.60000 66.65000 13.17500 62.61000
29 11 20 22 03 15214.90000 5.35500000 473.11000 66.55000 13.17500 62.31500
29 11 20 22 03 15203.90000 5.35500000 472.36000 66.41000 13.17500 62.28000
29 11 20 22 04 15207.10000 5.35500000 473.36000 66.41000 13.17500 62.28000
29 11 20 22 04 15174.80000 5.35500000 472.97000 66.36000 13.17500 62.28000
29 11 20 22 05 15211.60000 5.35500000 473.37000 66.41000 13.17500 62.28000
29 11 20 22 05 15200.80000 5.35500000 473.50000 66.37000 13.07500 62.28000
29 11 20 22 05 15203.20000 5.35500000 473.50000 66.42000 13.07500 62.28000
29 11 20 22 06 15206.00000 5.35500000 474.26000 66.51000 13.07500 62.28000
29 11 20 22 06 15211.40000 5.35500000 474.47000 66.46000 13.07500 62.28000
29 11 20 22 07 15211.40000 5.35500000 474.55000 66.49000 13.07500 62.28000
29 11 20 22 07 15215.00000 5.35500000 474.23000 66.49000 13.07500 62.28000
29 11 20 22 08 15229.70000 5.35500000 474.43000 66.49000 13.07500 62.28000
29 11 20 22 08 15219.80000 5.35500000 474.43000 66.61000 13.07500 62.28000
29 11 20 22 08 15217.80000 5.32200000 474.43000 66.61000 13.07500 62.28000
29 11 20 22 09 15216.00000 5.32200000 474.42000 66.68000 13.07500 62.28000
29 11 20 22 09 15216.40000 5.30500000 474.20000 66.68000 13.07500 62.28000
29 11 20 22 10 15220.70000 5.30500000 474.14000 66.68000 13.07500 62.28000
29 11 20 22 10 15215.20000 5.30500000 474.20000 66.68000 13.07500 62.28000
29 11 20 22 11 15215.30000 5.32600000 474.20000 66.78000 13.07500 62.28000
29 11 20 22 11 15213.80000 5.32600000 474.20000 66.78000 13.07500 62.28000
29 11 20 22 11 15201.10000 5.32600000 474.20000 66.78000 13.07500 62.28000
29 11 20 22 12 15205.00000 5.32600000 474.19000 66.80000 13.07500 62.28000
29 11 20 22 12 15200.10000 5.33100000 474.20000 66.80000 13.07500 62.28000
29 11 20 22 13 15208.70000 5.33100000 474.20000 66.80000 13.07500 62.28000
29 11 20 22 13 15207.80000 5.33100000 474.20000 66.80000 13.07500 62.28000
29 11 20 22 14 15219.00000 5.33100000 474.19000 66.81000 13.07500 62.28000
29 11 20 22 14 15218.60000 5.33100000 474.19000 66.81000 13.07500 62.28000
29 11 20 22 14 15218.40000 5.33100000 474.23000 66.81000 13.07500 62.28000
29 11 20 22 15 15219.00000 5.33100000 474.22000 66.86000 13.07500 62.28000
29 11 20 22 15 15215.30000 5.33100000 474.05000 66.89000 13.07500 62.28000
29 11 20 22 16 15219.50000 5.33100000 474.10000 66.89000 13.07500 62.28000
29 11 20 22 16 15217.20000 5.33100000 474.04000 66.89000 13.07500 62.28000
29 11 20 22 17 15211.40000 5.33100000 474.04000 66.89000 13.07500 62.28000
29 11 20 22 17 15214.50000 5.33100000 474.03000 66.89000 13.07500 62.28000
29 11 20 22 17 15209.80000 5.33100000 474.03000 66.88000 13.07500 62.28000
29 11 20 22 18 15211.30000 5.33100000 474.03000 66.85000 13.07500 62.33000
29 11 20 22 18 15204.40000 5.33100000 474.11000 66.85000 13.07500 62.33000
29 11 20 22 19 15204.50000 5.33100000 474.12000 66.85000 13.07500 62.33000
29 11 20 22 19 15202.90000 5.33100000 474.04000 66.85000 13.07500 62.33000
29 11 20 22 20 15202.90000 5.33100000 473.72000 66.81000 13.07500 62.33000
29 11 20 22 20 15200.00000 5.33100000 473.18000 66.81000 13.07500 62.33000
29 11 20 22 20 15190.00000 5.30100000 473.18000 66.82000 13.07500 62.33000
29 11 20 22 21 15185.10000 5.30100000 472.67000 66.85000 13.07500 62.33000
