M=[
 5 9 20 16 44 8608.00000 4.67900000 292.02000 40.88000 15.51800 46.56700
 5 9 20 16 44 8595.60000 4.67900000 291.13000 40.77000 15.36000 46.57400
 5 9 20 16 45 8608.00000 4.67900000 293.04000 40.77000 15.35500 46.47600
 5 9 20 16 45 8625.50000 4.67900000 294.48000 41.12000 15.35500 46.70800
 5 9 20 16 46 8620.30000 4.67900000 294.09000 41.05000 15.35500 46.69500
 5 9 20 16 46 8628.30000 4.67900000 294.50000 41.05000 15.47100 46.69100
 5 9 20 16 47 8626.20000 4.67900000 294.70000 41.15000 15.47100 46.69100
 5 9 20 16 47 8617.70000 4.67900000 293.00000 41.07000 15.47100 46.69100
 5 9 20 16 48 8604.60000 4.67900000 292.45000 41.07000 15.47100 46.69100
 5 9 20 16 48 8615.10000 4.67900000 292.08000 41.07000 15.47100 46.69100
 5 9 20 16 49 8611.60000 4.67900000 292.11000 41.07000 15.47100 46.69100
 5 9 20 16 50 8600.10000 4.67900000 291.58000 41.00000 15.47100 46.69100
 5 9 20 16 50 8586.50000 4.67900000 291.03000 41.00000 15.47100 46.69100
 5 9 20 16 50 8579.60000 4.79900000 290.40000 40.72000 15.47100 46.46000
 5 9 20 16 51 8575.10000 4.61700000 290.38000 40.73000 15.47100 45.94400
 5 9 20 16 52 8550.00000 4.61700000 289.08000 40.61000 15.47100 46.12200
 5 9 20 16 52 8579.30000 4.61700000 291.65000 40.74000 15.32400 46.27600
 5 9 20 16 53 8600.00000 4.61700000 292.94000 40.97000 15.32400 46.35000
 5 9 20 16 53 8604.90000 4.79800000 293.55000 41.00000 15.32400 46.52000
 5 9 20 16 54 8607.40000 4.79800000 292.71000 41.00000 15.32400 46.52000
 5 9 20 16 55 8641.00000 4.79800000 293.19000 41.00000 15.26500 46.64000
 5 9 20 16 55 8631.90000 4.79800000 293.78000 41.00000 15.26500 46.64000
 5 9 20 16 56 8635.30000 4.79800000 293.43000 41.12000 15.26500 46.54100
 5 9 20 16 56 8668.40000 4.79800000 295.66000 41.41000 15.25600 46.55100
 5 9 20 16 57 8687.90000 4.79800000 298.46000 41.41000 15.56000 46.51100
 5 9 20 16 58 8679.50000 4.79800000 297.86000 41.40000 15.56200 46.51100
 5 9 20 16 58 8685.10000 4.79800000 298.60000 41.48000 15.56200 46.51100
 5 9 20 16 59 8676.90000 4.79800000 298.30000 41.48000 15.56200 46.51100
 5 9 20 16 59 8681.50000 4.79800000 298.35000 41.50000 15.56200 46.51100
 5 9 20 17 00 8678.20000 4.79800000 298.15000 41.49000 15.56200 46.51100
 5 9 20 17 00 8679.70000 4.79800000 298.49000 41.51000 15.56200 46.51100
 5 9 20 17 01 8681.50000 4.79800000 298.68000 41.56000 15.56200 46.51100
 5 9 20 17 01 8687.90000 4.66200000 299.22000 41.60000 15.56200 46.79000
 5 9 20 17 02 8679.80000 4.66200000 300.01000 41.60000 15.56200 46.88100
 5 9 20 17 02 8670.40000 4.66200000 299.08000 41.55000 15.56200 46.88100
 5 9 20 17 03 8663.70000 4.66200000 298.19000 41.55000 15.56200 46.88100
 5 9 20 17 04 8651.40000 4.66200000 297.17000 41.55000 15.56200 46.88100
 5 9 20 17 04 8640.10000 4.66200000 296.00000 41.33000 15.56200 46.88100
 5 9 20 17 05 8639.30000 4.66200000 296.57000 41.33000 15.56200 46.88100
 5 9 20 17 05 8651.00000 4.66200000 297.00000 41.33000 15.56200 46.88100
 5 9 20 17 06 8657.20000 4.66200000 297.94000 41.38000 15.56200 46.88100
 5 9 20 17 06 8666.70000 4.66200000 298.47000 41.42000 15.36400 46.88100
 5 9 20 17 07 8661.20000 4.66200000 298.25000 41.42000 15.36400 46.88100
 5 9 20 17 07 8660.30000 4.66200000 298.58000 41.42000 15.36400 46.88100
 5 9 20 17 08 8663.40000 4.66200000 299.00000 41.42000 15.36400 46.88100
 5 9 20 17 08 8659.40000 4.66200000 297.75000 41.51000 15.36400 46.88100
 5 9 20 17 09 8657.20000 4.66200000 297.76000 41.51000 15.36400 46.88100
 5 9 20 17 09 8648.50000 4.66200000 297.81000 41.51000 15.36400 46.88100
 5 9 20 17 10 8646.90000 4.66200000 297.03000 41.51000 15.36400 46.88100
 5 9 20 17 11 8657.60000 4.72600000 299.00000 41.51000 15.36400 46.63000
 5 9 20 17 11 8660.20000 4.68200000 299.01000 41.51000 15.39600 46.63000
 5 9 20 17 12 8658.40000 4.68200000 298.87000 41.51000 15.39600 46.63000
 5 9 20 17 12 8658.40000 4.68200000 298.57000 41.51000 15.39600 46.63000
 5 9 20 17 12 8658.30000 4.68200000 298.58000 41.51000 15.39600 46.63000
 5 9 20 17 13 8650.10000 4.68200000 297.24000 41.51000 15.39600 46.63000
 5 9 20 17 14 8634.20000 4.68200000 295.84000 41.51000 15.39600 46.55000
 5 9 20 17 14 8639.60000 4.68200000 296.48000 41.51000 15.39600 46.55000
 5 9 20 17 15 8657.00000 4.68200000 298.23000 41.51000 15.39600 46.55000
 5 9 20 17 15 8642.90000 4.68200000 296.77000 41.51000 15.39600 46.55000
 5 9 20 17 16 8631.20000 4.68200000 295.83000 41.51000 15.35700 46.55000
 5 9 20 17 16 8621.40000 4.68200000 295.73000 41.23000 15.26500 46.55000
 5 9 20 17 17 8616.80000 4.68200000 295.35000 41.23000 15.26500 46.55000
 5 9 20 17 17 8592.70000 4.68200000 294.44000 41.05000 15.48200 46.55000
 5 9 20 17 18 8600.00000 4.68200000 295.73000 41.05000 15.56200 46.55000
 5 9 20 17 18 8597.20000 4.68200000 293.50000 41.05000 15.56200 46.55000
 5 9 20 17 19 8599.90000 4.68700000 293.58000 41.05000 15.56200 46.55000
 5 9 20 17 19 8580.10000 4.68700000 292.40000 41.05000 15.56200 46.42000
 5 9 20 17 20 8580.20000 4.68700000 291.06000 41.05000 15.56200 46.42000
 5 9 20 17 21 8580.20000 4.68700000 290.10000 40.77000 15.56200 46.21900
 5 9 20 17 22 8581.80000 4.68700000 291.14000 40.71000 15.56200 46.21900
 5 9 20 17 22 8614.20000 4.70000000 293.39000 40.81000 15.56200 46.21900
 5 9 20 17 23 8598.80000 4.67100000 292.44000 40.91000 15.56200 46.21900
 5 9 20 17 23 8583.30000 4.67100000 291.14000 40.91000 15.56200 46.21900
 5 9 20 17 24 8582.60000 4.67100000 291.49000 40.91000 15.56200 46.21900
 5 9 20 17 25 8586.80000 4.67100000 292.00000 40.81000 15.56200 46.21900
 5 9 20 17 25 8588.00000 4.67100000 291.50000 40.86000 15.56200 46.21900
 5 9 20 17 26 8586.10000 4.67100000 290.36000 40.86000 15.34900 46.10600
 5 9 20 17 27 8586.70000 4.67100000 290.71000 40.86000 15.34900 46.10600
 5 9 20 17 27 8572.00000 4.67000000 288.45000 40.86000 15.34900 46.10600
 5 9 20 17 28 8585.70000 4.67000000 289.96000 40.86000 15.34900 46.10600
 5 9 20 17 28 8596.10000 4.67000000 290.98000 40.86000 15.34900 46.10600
 5 9 20 17 29 8601.20000 4.67000000 291.01000 40.93000 15.34900 46.12900
 5 9 20 17 29 8597.40000 4.67000000 291.49000 40.93000 15.34900 46.12900
 5 9 20 17 30 8585.50000 4.67000000 290.85000 40.93000 15.34900 46.12900
 5 9 20 17 30 8577.00000 4.67000000 290.53000 40.87000 15.29700 46.12900
 5 9 20 17 31 8564.40000 4.67000000 289.16000 40.87000 15.07500 45.99000
 5 9 20 17 32 8579.30000 4.67000000 290.63000 40.87000 15.38000 45.99000
 5 9 20 17 32 8570.20000 4.67000000 289.89000 40.73000 15.38000 45.99000
 5 9 20 17 33 8579.00000 4.67000000 290.24000 40.73000 15.38000 45.99000
 5 9 20 17 33 8595.80000 4.67000000 291.40000 40.73000 15.38000 45.99000
 5 9 20 17 33 8600.70000 4.67000000 292.04000 40.73000 15.38000 45.99000
 5 9 20 17 34 8596.20000 4.67000000 291.36000 40.73000 15.38000 45.99000
 5 9 20 17 34 8584.40000 4.67000000 290.50000 40.87000 15.38000 45.99000
 5 9 20 17 35 8584.50000 4.67000000 290.84000 40.87000 15.38000 45.99000
 5 9 20 17 35 8588.70000 4.67000000 291.18000 40.87000 15.38000 45.99000
 5 9 20 17 36 8584.40000 4.67000000 291.25000 40.87000 15.38000 45.99000
 5 9 20 17 36 8582.10000 4.67000000 290.66000 40.84000 15.38000 45.99000
 5 9 20 17 37 8584.60000 4.67000000 291.04000 40.84000 15.38000 46.24300
 5 9 20 17 37 8577.40000 4.67000000 290.17000 40.84000 15.38000 46.24300
 5 9 20 17 38 8572.20000 4.67000000 289.97000 40.76000 15.38000 46.24300
 5 9 20 17 39 8564.40000 4.67000000 288.87000 40.76000 15.38000 46.24300
 5 9 20 17 39 8571.70000 4.67000000 289.76000 40.83000 15.38000 46.02000
 5 9 20 17 40 8556.60000 4.67000000 288.49000 40.71000 15.38000 46.02000
 5 9 20 17 40 8559.00000 4.67000000 288.28000 40.68000 15.12100 46.02000
 5 9 20 17 41 8555.20000 4.67000000 287.51000 40.60000 15.05900 46.02000
 5 9 20 17 41 8551.40000 4.67000000 287.58000 40.60000 14.96500 45.89000
 5 9 20 17 42 8540.00000 4.67000000 286.01000 40.49000 14.96500 45.89000
 5 9 20 17 42 8524.20000 4.67000000 285.03000 40.27000 15.06700 45.76100
 5 9 20 17 43 8566.00000 4.67000000 287.82000 40.46000 15.06700 45.62000
