M=[
26 5 21 14 38 32167.50000 63.60600000 2267.79000 158.81000 25.88300 122.59900
26 5 21 14 39 32174.80000 63.41000000 2267.58000 159.00000 25.88300 122.59900
26 5 21 14 39 32127.60000 63.30400000 2264.50000 158.38000 25.88300 122.59900
26 5 21 14 40 32121.60000 63.30400000 2259.02000 158.62000 25.88300 122.59900
26 5 21 14 40 32134.90000 63.30400000 2263.24000 158.78000 25.88300 122.59900
26 5 21 14 40 32101.10000 63.26800000 2261.09000 158.51000 25.88300 122.59900
26 5 21 14 41 32107.80000 63.26800000 2261.52000 158.71000 25.88300 122.59900
26 5 21 14 41 32117.50000 63.26800000 2258.66000 158.44000 25.88300 122.59900
26 5 21 14 42 32099.70000 63.22700000 2259.75000 158.44000 25.88300 122.59900
26 5 21 14 42 32168.10000 63.22700000 2265.08000 158.76000 25.88300 122.59900
26 5 21 14 43 32124.10000 63.36700000 2264.34000 158.79000 25.88300 122.59900
26 5 21 14 43 32120.00000 63.36700000 2261.39000 158.62000 25.88300 122.59900
26 5 21 14 43 32166.50000 63.36700000 2265.02000 158.84000 25.88300 122.59900
26 5 21 14 44 32190.00000 63.29500000 2269.05000 159.07000 25.88300 123.05600
26 5 21 14 44 32151.40000 63.29500000 2267.71000 158.94000 25.88300 123.05600
26 5 21 14 45 32122.70000 63.17400000 2265.12000 158.87000 25.88300 123.05600
26 5 21 14 45 32120.10000 63.17400000 2261.69000 158.74000 25.88300 123.05600
26 5 21 14 46 32149.70000 63.17400000 2266.55000 159.03000 25.88300 123.05600
26 5 21 14 46 32188.70000 63.36900000 2270.95000 159.12000 25.88300 123.05600
26 5 21 14 46 32199.90000 63.52500000 2271.09000 159.54000 25.88300 123.39600
26 5 21 14 47 32160.00000 63.52500000 2267.30000 159.14000 25.88300 123.39600
26 5 21 14 47 32160.10000 63.39000000 2265.66000 159.14000 25.88300 123.28600
26 5 21 14 48 32139.40000 63.39000000 2264.70000 159.14000 25.88300 123.28600
26 5 21 14 48 32167.10000 63.47600000 2261.01000 159.03000 25.88300 123.28600
26 5 21 14 49 32177.00000 63.47600000 2265.72000 159.37000 25.88300 123.28600
26 5 21 14 49 32159.40000 63.47600000 2263.89000 159.39000 25.88300 123.28600
26 5 21 14 49 32166.40000 63.47600000 2261.31000 159.39000 25.88300 123.28600
26 5 21 14 50 32167.10000 63.47600000 2261.33000 159.39000 25.88300 123.28600
26 5 21 14 50 32130.00000 63.47600000 2254.19000 159.00000 25.88300 123.28600
26 5 21 14 51 32122.90000 63.47600000 2256.51000 159.06000 25.88300 123.28600
26 5 21 14 51 32122.90000 63.47600000 2256.96000 159.18000 25.88300 123.28600
26 5 21 14 52 32147.40000 63.47600000 2256.96000 159.18000 25.88300 123.28600
26 5 21 14 52 32122.90000 63.43700000 2250.87000 159.17000 25.88300 123.28600
26 5 21 14 52 32149.40000 63.43700000 2251.50000 158.90000 25.88300 123.28600
26 5 21 14 53 32150.70000 63.43700000 2256.00000 159.12000 25.88300 123.28600
26 5 21 14 53 32145.80000 63.43700000 2256.51000 159.24000 25.88300 123.28600
26 5 21 14 54 32158.20000 63.46100000 2256.96000 159.15000 25.81200 123.28600
26 5 21 14 54 32131.80000 63.46100000 2256.96000 159.11000 25.81200 123.28600
26 5 21 14 55 32133.60000 63.46100000 2256.96000 158.92000 25.81200 123.28600
26 5 21 14 55 32132.30000 63.46100000 2256.56000 158.90000 25.81200 123.28600
26 5 21 14 55 32135.10000 63.46100000 2254.71000 158.77000 25.81200 123.28600
26 5 21 14 56 32126.60000 63.12100000 2253.46000 158.79000 25.81200 123.28600
26 5 21 14 56 32120.20000 63.12100000 2250.31000 158.79000 25.86200 122.63300
26 5 21 14 57 32110.10000 63.11400000 2250.60000 158.80000 25.86200 122.63300
26 5 21 14 57 32111.80000 63.11400000 2252.23000 158.82000 25.86200 122.63300
26 5 21 14 58 32119.90000 63.11400000 2251.06000 158.83000 25.86200 122.63300
26 5 21 14 58 32120.00000 62.98100000 2253.36000 158.87000 25.86200 122.63300
26 5 21 14 58 32129.10000 62.98100000 2255.11000 158.83000 25.68800 122.63300
26 5 21 14 59 32140.90000 63.14000000 2256.96000 158.95000 25.68800 122.63300
26 5 21 14 59 32106.00000 63.14000000 2256.95000 158.84000 25.68800 122.63300
26 5 21 15 00 32097.00000 63.06100000 2255.75000 158.86000 25.68800 122.63300
26 5 21 15 00 32127.10000 63.06100000 2256.96000 158.95000 25.68800 122.63300
26 5 21 15 01 32131.30000 63.00000000 2256.96000 158.95000 25.68800 122.63300
26 5 21 15 01 32117.30000 63.00000000 2255.04000 158.91000 25.68800 122.63300
26 5 21 15 01 32110.00000 63.00000000 2256.17000 158.86000 25.68800 122.63300
26 5 21 15 02 32120.30000 62.79300000 2259.35000 158.92000 25.68800 122.63300
26 5 21 15 02 32116.00000 62.79300000 2260.25000 158.62000 25.68800 122.63300
26 5 21 15 03 32110.20000 62.74100000 2254.34000 158.43000 25.68800 122.63300
26 5 21 15 03 32112.00000 62.56900000 2254.89000 158.53000 25.68800 122.63300
26 5 21 15 04 32097.50000 62.56900000 2254.69000 158.52000 25.68800 122.63300
26 5 21 15 04 32152.50000 62.76600000 2259.89000 158.52000 25.68800 123.08600
26 5 21 15 04 32148.80000 62.91900000 2259.18000 158.52000 25.68800 123.08600
26 5 21 15 05 32159.90000 62.90300000 2259.86000 158.52000 25.68800 123.08600
26 5 21 15 05 32076.60000 62.90300000 2253.62000 158.44000 25.68800 123.08600
26 5 21 15 06 31985.10000 62.55600000 2243.65000 157.72000 25.68800 121.85700
26 5 21 15 06 31933.20000 62.49900000 2242.98000 157.65000 25.68800 122.16600
26 5 21 15 07 31959.50000 62.49900000 2247.85000 157.62000 25.68800 122.16600
26 5 21 15 07 31934.40000 62.49900000 2241.07000 157.62000 25.62100 122.16600
26 5 21 15 07 31932.40000 62.39400000 2243.39000 157.64000 25.65700 122.16600
26 5 21 15 08 31972.10000 62.39400000 2247.93000 157.93000 25.65700 122.23200
26 5 21 15 08 31936.30000 62.39400000 2252.42000 157.94000 25.65700 122.23200
26 5 21 15 09 31936.30000 62.54100000 2250.44000 158.00000 25.65700 122.60200
26 5 21 15 09 31936.20000 62.54100000 2252.95000 157.96000 25.65700 122.60200
26 5 21 15 10 31936.30000 62.54100000 2254.29000 158.18000 25.65700 122.60200
26 5 21 15 10 31980.00000 62.62300000 2253.85000 158.26000 25.65700 122.60200
26 5 21 15 10 31980.10000 62.62300000 2253.35000 158.21000 25.65700 122.60200
26 5 21 15 11 32005.70000 62.62300000 2254.25000 158.34000 25.65700 122.60200
26 5 21 15 11 32036.60000 62.62300000 2257.20000 158.72000 25.65700 122.60200
26 5 21 15 12 32074.20000 62.75100000 2258.00000 158.67000 25.65700 122.60200
26 5 21 15 12 32087.70000 62.75100000 2259.96000 158.67000 25.65700 122.60200
26 5 21 15 13 32073.30000 62.75100000 2260.76000 158.88000 25.65700 122.60200
26 5 21 15 13 31937.80000 62.58700000 2252.74000 158.63000 25.65700 122.85200
26 5 21 15 13 31904.50000 62.58700000 2249.51000 157.92000 25.65700 122.59000
26 5 21 15 14 31853.10000 62.58700000 2246.26000 157.68000 25.65700 121.93600
26 5 21 15 14 31770.30000 62.01800000 2243.67000 157.47000 25.62100 121.93600
26 5 21 15 15 31843.90000 62.08100000 2245.41000 157.31000 25.57200 122.09600
26 5 21 15 15 31839.90000 62.08100000 2246.22000 157.67000 25.57200 122.09600
26 5 21 15 16 31869.80000 62.08100000 2251.90000 157.73000 25.57200 122.15700
26 5 21 15 16 31770.30000 62.25000000 2242.35000 157.55000 25.57200 122.15700
26 5 21 15 16 31736.40000 62.16400000 2240.91000 156.96000 25.57200 121.48200
26 5 21 15 17 31763.60000 62.16400000 2239.55000 157.30000 25.57200 121.48200
26 5 21 15 17 31768.50000 62.16400000 2238.39000 157.04000 25.57200 121.48200
26 5 21 15 18 31746.30000 62.07500000 2238.30000 156.61000 25.57200 121.48200
26 5 21 15 18 31743.00000 61.78600000 2235.64000 156.56000 25.57200 121.48200
26 5 21 15 19 31735.20000 61.79800000 2236.26000 156.68000 25.54700 121.11800
26 5 21 15 19 31750.00000 61.79800000 2234.00000 156.73000 25.54700 121.11800
26 5 21 15 19 31729.30000 61.79800000 2232.92000 156.73000 25.54700 121.11800
26 5 21 15 20 31700.70000 61.79800000 2225.98000 156.37000 25.52200 121.02900
26 5 21 15 20 31735.10000 61.79800000 2237.81000 156.88000 25.52200 121.12300
26 5 21 15 21 31691.10000 61.68600000 2222.01000 156.37000 25.52200 120.65000
26 5 21 15 21 31705.40000 61.68600000 2225.15000 156.33000 25.52200 120.67900
26 5 21 15 22 31740.40000 61.76200000 2229.84000 156.43000 25.52200 120.67900
