M=[
11 5 21 17 08 46234.50000 92.24900000 3317.66000 301.75000 34.91400 241.00700
11 5 21 17 08 46269.90000 92.39000000 3324.58000 302.20000 34.91400 241.00700
11 5 21 17 09 46263.40000 92.21700000 3325.71000 302.38000 34.91400 241.00700
11 5 21 17 09 46268.70000 92.21700000 3323.72000 302.14000 34.91400 241.00700
11 5 21 17 10 46317.90000 92.28500000 3324.30000 302.14000 34.91400 241.85700
11 5 21 17 10 46275.00000 92.87200000 3325.68000 302.29000 34.91400 242.13400
11 5 21 17 11 46282.80000 92.86000000 3322.29000 301.96000 34.91400 241.48200
11 5 21 17 11 46268.00000 92.80200000 3321.28000 301.96000 34.91400 241.50600
11 5 21 17 11 46270.10000 92.66300000 3319.90000 301.58000 34.91400 241.50600
11 5 21 17 12 46255.90000 92.41200000 3318.32000 301.03000 34.91400 241.50600
11 5 21 17 12 46214.80000 92.22600000 3312.11000 300.41000 34.91400 241.50600
11 5 21 17 13 46235.40000 92.22600000 3315.48000 300.89000 34.91400 240.71900
11 5 21 17 13 46210.50000 92.22600000 3312.10000 300.89000 34.91400 240.71900
11 5 21 17 14 46232.80000 91.80300000 3317.14000 300.78000 34.91400 240.71900
11 5 21 17 14 46277.50000 92.02000000 3318.42000 301.12000 34.91400 240.84400
11 5 21 17 14 46274.70000 92.02000000 3318.69000 300.91000 34.91400 240.84400
11 5 21 17 15 46275.90000 92.02700000 3322.05000 300.91000 34.91400 240.84400
11 5 21 17 15 46233.50000 91.39200000 3313.48000 300.72000 34.91400 240.84400
11 5 21 17 16 46209.80000 91.32800000 3312.71000 300.72000 34.91400 240.84400
11 5 21 17 16 46179.80000 91.07400000 3309.20000 300.00000 34.95000 240.84400
11 5 21 17 17 46166.00000 90.92000000 3305.99000 299.56000 34.95000 240.84400
11 5 21 17 17 46202.00000 91.11200000 3309.73000 299.83000 34.95000 240.12600
11 5 21 17 17 46195.40000 91.11800000 3310.26000 299.62000 34.95000 240.12600
11 5 21 17 18 46229.70000 91.33400000 3312.62000 299.94000 34.95000 240.12600
11 5 21 17 18 46249.90000 91.58400000 3313.83000 300.19000 34.95000 240.12600
11 5 21 17 19 46280.10000 91.55700000 3317.40000 300.30000 35.08300 240.12600
11 5 21 17 19 46340.00000 91.55400000 3323.30000 301.48000 35.08300 240.12600
11 5 21 17 20 46340.00000 91.55400000 3320.03000 301.43000 35.08300 240.12600
11 5 21 17 20 46340.00000 91.15000000 3320.20000 301.23000 35.09100 240.12600
11 5 21 17 20 46379.60000 91.15000000 3323.30000 301.52000 35.09100 240.12600
11 5 21 17 21 46361.30000 91.22000000 3322.21000 301.52000 35.09100 240.12600
11 5 21 17 21 46378.30000 91.22000000 3323.30000 301.95000 35.09100 240.12600
11 5 21 17 22 46414.30000 91.28200000 3325.42000 302.03000 35.09100 240.12600
11 5 21 17 22 46380.50000 91.28200000 3322.99000 302.02000 35.09100 240.12600
11 5 21 17 23 46378.30000 91.28200000 3322.86000 301.87000 35.09100 242.50000
11 5 21 17 23 46387.20000 91.38500000 3322.86000 302.25000 35.09100 242.50000
11 5 21 17 23 46389.50000 91.38500000 3323.00000 302.30000 35.09100 242.69300
11 5 21 17 24 46398.10000 91.21600000 3321.78000 302.40000 35.09100 242.94900
11 5 21 17 24 46393.30000 91.08100000 3324.28000 302.74000 35.09100 242.94900
11 5 21 17 25 46386.10000 91.08100000 3323.49000 302.45000 34.95000 243.17500
11 5 21 17 25 46396.50000 91.08100000 3323.25000 302.45000 34.95000 243.17500
11 5 21 17 26 46402.10000 91.32700000 3323.99000 302.45000 34.95000 242.17300
11 5 21 17 26 46395.40000 91.32700000 3323.86000 302.45000 34.95000 242.17300
11 5 21 17 26 46384.90000 91.32700000 3323.01000 302.40000 34.95000 242.17300
11 5 21 17 27 46398.00000 91.41400000 3322.22000 302.59000 34.95000 242.17300
11 5 21 17 27 46433.90000 91.41600000 3322.22000 303.10000 34.95000 242.17300
11 5 21 17 28 46425.20000 91.44300000 3318.61000 303.27000 35.09400 242.17300
11 5 21 17 28 46451.30000 91.48300000 3322.00000 303.30000 35.09400 242.17300
11 5 21 17 29 46493.90000 91.48300000 3322.69000 303.26000 35.09400 242.17300
11 5 21 17 29 46498.20000 91.43300000 3319.41000 302.71000 35.09400 241.79800
11 5 21 17 29 46507.40000 91.29100000 3320.05000 303.19000 35.09400 241.79800
11 5 21 17 30 46488.50000 91.29100000 3315.01000 303.11000 35.09400 241.79800
11 5 21 17 30 46483.80000 91.54900000 3314.64000 303.30000 35.09400 241.79800
11 5 21 17 31 46480.20000 91.54900000 3315.05000 303.67000 35.09400 241.79800
11 5 21 17 31 46493.90000 91.54800000 3318.75000 304.43000 35.09400 241.79800
11 5 21 17 32 46447.10000 91.54900000 3317.72000 304.36000 35.09400 243.16800
11 5 21 17 32 46419.70000 91.54900000 3314.82000 303.44000 35.12400 243.16800
11 5 21 17 32 46434.50000 91.54900000 3316.70000 303.86000 35.12400 243.16800
11 5 21 17 33 46432.80000 91.54900000 3319.00000 303.85000 35.12400 243.16800
11 5 21 17 33 46457.20000 91.71500000 3321.54000 304.00000 35.12400 243.16800
11 5 21 17 34 46446.60000 91.89000000 3321.24000 303.99000 35.12400 243.16800
11 5 21 17 34 46449.10000 91.74400000 3320.81000 304.00000 35.12100 243.16800
11 5 21 17 35 46445.00000 91.75500000 3320.36000 304.00000 35.12100 243.16800
11 5 21 17 35 46409.70000 91.75500000 3315.24000 303.94000 35.12100 243.16800
11 5 21 17 35 46414.10000 91.43200000 3316.17000 303.47000 35.12100 243.16800
11 5 21 17 36 46412.20000 91.66500000 3316.75000 303.32000 35.12100 241.87600
11 5 21 17 36 46442.50000 91.66500000 3315.69000 302.86000 35.12100 241.87600
11 5 21 17 37 46420.30000 91.63600000 3316.42000 302.82000 35.12100 241.64400
11 5 21 17 37 46410.10000 91.25000000 3316.42000 302.72000 35.12100 241.64400
11 5 21 17 38 46472.30000 91.58700000 3321.73000 303.14000 35.12100 241.68000
11 5 21 17 38 46495.20000 91.58700000 3328.00000 303.80000 35.12100 241.68000
11 5 21 17 38 46534.50000 91.90400000 3331.80000 304.20000 35.12100 242.48400
11 5 21 17 39 46553.50000 91.90400000 3330.21000 304.19000 35.12100 242.48400
11 5 21 17 39 46563.40000 91.68600000 3334.73000 304.33000 35.12100 242.16500
11 5 21 17 40 46563.50000 91.68600000 3334.30000 304.38000 35.12100 241.74200
11 5 21 17 40 46534.50000 91.68600000 3329.24000 303.80000 35.12100 241.74200
11 5 21 17 41 46518.40000 91.68600000 3326.80000 303.80000 35.12100 241.74200
11 5 21 17 41 46554.60000 91.69800000 3329.26000 304.04000 35.12100 241.74200
11 5 21 17 41 46530.30000 91.37300000 3325.46000 304.12000 35.12100 241.74200
11 5 21 17 42 46492.60000 91.61800000 3325.34000 304.12000 35.12100 241.74200
11 5 21 17 42 46516.10000 91.58500000 3325.93000 304.20000 35.12100 241.74200
11 5 21 17 43 46515.00000 91.28300000 3325.00000 304.12000 35.12100 242.20500
11 5 21 17 43 46530.00000 91.28300000 3326.03000 304.12000 35.12100 242.20500
11 5 21 17 44 46530.00000 91.41400000 3328.06000 304.23000 35.12100 242.20500
11 5 21 17 44 46520.00000 91.54800000 3325.25000 304.23000 35.12100 242.20500
11 5 21 17 44 46525.50000 91.54800000 3328.62000 304.08000 35.12100 242.88000
11 5 21 17 45 46514.90000 91.54800000 3325.68000 304.00000 35.12100 242.88000
11 5 21 17 45 46499.00000 91.54800000 3325.08000 304.00000 35.12100 242.88000
11 5 21 17 46 46480.30000 91.54600000 3327.35000 303.04000 35.12100 242.88000
11 5 21 17 46 46450.40000 91.54800000 3324.40000 303.09000 35.12100 242.07500
11 5 21 17 47 46448.20000 91.55000000 3321.99000 302.75000 35.12100 242.07500
11 5 21 17 47 46395.90000 91.11100000 3316.46000 302.48000 35.12100 242.07500
11 5 21 17 47 46426.70000 91.37800000 3319.50000 302.50000 35.12100 242.07500
11 5 21 17 48 46483.10000 91.37800000 3326.87000 303.63000 35.12100 242.07500
11 5 21 17 48 46478.10000 91.64600000 3324.48000 303.40000 35.12100 242.07500
11 5 21 17 49 46441.50000 91.64600000 3320.68000 303.09000 35.12100 241.55700
11 5 21 17 49 46457.60000 91.08500000 3320.29000 303.17000 35.12100 241.55700
11 5 21 17 50 46458.10000 91.41400000 3323.06000 303.15000 35.12100 241.55700
11 5 21 17 50 46468.20000 91.48900000 3327.12000 303.39000 35.12100 241.55700
11 5 21 17 50 46466.30000 91.48900000 3326.44000 303.39000 35.12100 241.55700
11 5 21 17 51 46450.20000 91.48900000 3325.01000 302.98000 35.12100 242.02700
11 5 21 17 51 46447.10000 91.48900000 3323.81000 302.89000 35.12100 242.02700
