M=[
14 11 20 17 12 13419.70000 4.24700000 386.25000 52.90000 13.12500 52.90800
14 11 20 17 12 13424.00000 4.24700000 386.31000 52.90000 13.12500 52.90800
14 11 20 17 12 13413.50000 4.24700000 386.23000 52.86000 13.12500 52.90800
14 11 20 17 13 13402.30000 4.24700000 385.97000 52.74000 13.12500 52.90800
14 11 20 17 13 13387.40000 4.26500000 385.58000 52.74000 13.20100 52.90800
14 11 20 17 14 13391.60000 4.26500000 385.79000 52.74000 13.20100 52.78000
14 11 20 17 14 13390.70000 4.26500000 385.78000 52.83000 13.20100 52.82000
14 11 20 17 15 13397.50000 4.26500000 385.79000 52.83000 13.20100 52.91000
14 11 20 17 15 13389.20000 4.26500000 385.65000 52.83000 13.20100 52.91000
14 11 20 17 15 13385.00000 4.26500000 385.00000 52.74000 13.20100 52.91000
14 11 20 17 16 13380.00000 4.26500000 384.21000 52.74000 13.20100 52.91000
14 11 20 17 16 13340.00000 4.26500000 382.80000 52.36000 13.03700 52.63400
14 11 20 17 17 13340.10000 4.26500000 383.54000 52.40000 13.03700 52.63400
14 11 20 17 17 13348.50000 4.26500000 383.76000 52.36000 13.03700 52.55700
14 11 20 17 18 13352.10000 4.26500000 384.31000 52.36000 13.03700 52.55700
14 11 20 17 18 13339.00000 4.26500000 384.10000 52.37000 13.03700 52.55700
14 11 20 17 18 13342.80000 4.24700000 383.96000 52.24000 13.03700 52.55700
14 11 20 17 19 13342.00000 4.24700000 384.00000 52.35000 13.03700 52.55700
14 11 20 17 19 13342.00000 4.24700000 383.70000 52.35000 13.03700 52.60100
14 11 20 17 20 13349.90000 4.24700000 384.15000 52.35000 13.03700 52.60100
14 11 20 17 20 13379.10000 4.24700000 384.78000 52.51000 13.03700 52.60100
14 11 20 17 21 13398.80000 4.24700000 385.83000 52.59000 13.03700 52.60100
14 11 20 17 21 13416.40000 4.24700000 386.33000 52.64000 13.03700 52.60100
14 11 20 17 21 13419.30000 4.24700000 386.50000 52.70000 13.03700 52.60100
14 11 20 17 22 13423.90000 4.24700000 386.55000 52.70000 13.03700 52.60100
14 11 20 17 22 13424.00000 4.24700000 386.94000 52.74000 13.03700 52.60100
14 11 20 17 23 13419.40000 4.24700000 386.66000 52.74000 13.03700 52.93300
14 11 20 17 23 13419.40000 4.24700000 386.66000 52.73000 13.03700 52.93300
14 11 20 17 24 13401.00000 4.24700000 386.41000 52.70000 13.03700 52.93300
14 11 20 17 24 13390.10000 4.24700000 386.41000 52.70000 13.03700 52.93300
14 11 20 17 24 13400.20000 4.24700000 386.70000 52.66000 13.03700 52.93300
14 11 20 17 25 13404.90000 4.24700000 387.22000 52.72000 13.03700 52.93300
14 11 20 17 25 13409.30000 4.24700000 387.40000 52.77000 13.03700 52.93300
14 11 20 17 26 13423.10000 4.24700000 387.52000 52.81000 13.03700 52.79000
14 11 20 17 26 13423.00000 4.24700000 387.70000 52.81000 13.03700 52.79000
14 11 20 17 27 13418.50000 4.24700000 387.70000 52.81000 13.03700 52.79000
14 11 20 17 27 13421.30000 4.24700000 387.33000 52.78000 13.03700 52.79000
14 11 20 17 27 13421.30000 4.24700000 387.65000 52.78000 13.22300 52.79000
14 11 20 17 28 13433.20000 4.24700000 387.71000 52.80000 13.22300 52.79000
14 11 20 17 28 13438.90000 4.24700000 387.38000 52.87000 13.22200 52.79000
14 11 20 17 29 13439.90000 4.24700000 387.13000 52.87000 13.22300 52.79000
14 11 20 17 29 13442.90000 4.24700000 387.13000 52.87000 13.22300 52.79000
14 11 20 17 30 13450.50000 4.24700000 387.29000 52.87000 13.22300 52.79000
14 11 20 17 30 13451.90000 4.24700000 387.96000 52.84000 13.22300 52.79000
14 11 20 17 30 13452.00000 4.24700000 387.99000 52.87000 13.22300 52.79000
14 11 20 17 31 13454.90000 4.24700000 388.00000 52.93000 13.22300 52.79000
14 11 20 17 31 13454.20000 4.24700000 388.00000 52.91000 13.22300 52.79000
14 11 20 17 32 13452.00000 4.24700000 387.99000 52.91000 13.22300 52.79000
14 11 20 17 32 13452.00000 4.24700000 388.16000 52.91000 13.22300 52.79000
14 11 20 17 32 13462.00000 4.24700000 388.20000 53.00000 13.22300 52.79000
14 11 20 17 33 13473.10000 4.24700000 388.39000 53.00000 13.22300 52.79000
14 11 20 17 33 13499.00000 4.26800000 388.47000 53.03000 13.22300 52.79000
14 11 20 17 34 13483.10000 4.26800000 388.50000 53.03000 13.22300 52.79000
14 11 20 17 34 13480.80000 4.26800000 388.67000 53.03000 13.22300 52.79000
14 11 20 17 35 13471.20000 4.26800000 388.60000 53.00000 13.30000 52.79000
14 11 20 17 35 13465.00000 4.26800000 388.32000 52.98000 13.30000 52.79000
14 11 20 17 35 13465.90000 4.26800000 388.13000 52.98000 13.30000 52.79000
14 11 20 17 36 13460.10000 4.26800000 388.16000 52.94000 13.30000 52.79000
14 11 20 17 36 13463.40000 4.26800000 388.16000 52.90000 13.30000 52.79000
14 11 20 17 37 13463.40000 4.26800000 388.15000 52.90000 13.30000 52.79000
14 11 20 17 37 13462.70000 4.26800000 388.31000 52.90000 13.30000 52.79000
14 11 20 17 38 13460.10000 4.26800000 388.30000 52.90000 13.30000 52.79000
14 11 20 17 38 13462.40000 4.26800000 388.34000 52.90000 13.30000 52.79000
14 11 20 17 38 13462.30000 4.26800000 388.29000 52.90000 13.30000 52.79000
14 11 20 17 39 13460.00000 4.26800000 388.30000 53.06000 13.30000 52.79000
14 11 20 17 39 13467.60000 4.26800000 388.30000 53.06000 13.30000 52.79000
14 11 20 17 40 13477.90000 4.26800000 388.51000 53.06000 13.30000 53.26400
14 11 20 17 40 13478.80000 4.26800000 388.50000 53.08000 13.30000 53.26400
14 11 20 17 41 13474.20000 4.26800000 388.38000 53.08000 13.30000 53.26400
14 11 20 17 41 13480.00000 4.26800000 388.32000 53.08000 13.30000 53.26400
14 11 20 17 41 13479.90000 4.26800000 388.52000 53.08000 13.30000 53.26400
14 11 20 17 42 13489.60000 4.26800000 388.57000 53.08000 13.30000 53.26400
14 11 20 17 42 13482.60000 4.26800000 388.65000 53.08000 13.30000 53.26400
14 11 20 17 43 13482.60000 4.26800000 389.01000 53.08000 13.30000 53.26400
14 11 20 17 43 13486.20000 4.26800000 388.91000 53.08000 13.30000 53.26400
14 11 20 17 44 13483.50000 4.26800000 388.80000 53.08000 13.30000 53.26400
14 11 20 17 44 13480.30000 4.26800000 389.01000 53.08000 13.30000 53.26400
14 11 20 17 44 13475.40000 4.26800000 389.01000 53.08000 13.30000 53.26400
14 11 20 17 45 13485.00000 4.26800000 389.08000 53.08000 13.30000 53.26400
14 11 20 17 45 13485.40000 4.26800000 389.09000 53.08000 13.30000 53.41000
14 11 20 17 46 13474.70000 4.26800000 389.15000 53.08000 13.30000 53.41000
14 11 20 17 46 13470.00000 4.26800000 389.08000 53.08000 13.30000 53.41000
14 11 20 17 47 13465.20000 4.26800000 389.08000 53.08000 13.30000 53.41000
14 11 20 17 47 13458.10000 4.26800000 388.77000 53.08000 13.30000 53.41000
14 11 20 17 47 13458.20000 4.26800000 388.29000 53.08000 13.30000 53.41000
14 11 20 17 48 13464.10000 4.26800000 388.78000 53.08000 13.30000 53.41000
14 11 20 17 48 13463.10000 4.26800000 388.64000 53.08000 13.30000 53.41000
14 11 20 17 49 13478.00000 4.26800000 389.03000 53.08000 13.30000 53.41000
14 11 20 17 49 13473.20000 4.26800000 389.03000 53.31000 13.30000 53.41000
14 11 20 17 50 13480.00000 4.26800000 389.12000 53.31000 13.30000 53.41000
14 11 20 17 50 13484.60000 4.26800000 389.11000 53.31000 13.30000 53.41000
14 11 20 17 50 13485.00000 4.26800000 389.26000 53.31000 13.30000 53.41000
14 11 20 17 51 13487.20000 4.26800000 389.48000 53.31000 13.30000 53.41000
14 11 20 17 51 13479.90000 4.26800000 389.03000 53.24000 13.30000 53.41000
14 11 20 17 52 13482.10000 4.26800000 389.21000 53.30000 13.30000 53.41000
14 11 20 17 52 13479.70000 4.26800000 389.05000 53.25000 13.30000 53.41000
14 11 20 17 53 13482.20000 4.26800000 389.15000 53.25000 13.30000 53.41000
14 11 20 17 53 13480.30000 4.26800000 389.15000 53.25000 13.30000 53.41000
14 11 20 17 53 13477.30000 4.26800000 389.12000 53.25000 13.30000 53.41000
14 11 20 17 54 13471.90000 4.26800000 389.37000 53.25000 13.30000 53.41000
14 11 20 17 54 13471.60000 4.26800000 389.37000 53.25000 13.30000 53.41000
14 11 20 17 55 13467.10000 4.26800000 389.37000 53.25000 13.30000 53.41000
14 11 20 17 55 13470.50000 4.26800000 389.21000 53.25000 13.30000 53.41000
14 11 20 17 56 13469.50000 4.26800000 389.23000 53.25000 13.30000 53.41000
14 11 20 17 56 13469.60000 4.26800000 389.32000 53.25000 13.30000 53.41000
14 11 20 17 56 13469.60000 4.26800000 389.18000 53.25000 13.30000 53.42000
