M=[
 5 6 21 11 03 30141.10000 52.98900000 2239.99000 146.06000 24.25100 125.91300
 5 6 21 11 03 30146.10000 52.98900000 2239.59000 145.94000 24.25100 125.91300
 5 6 21 11 04 30130.00000 52.98900000 2239.13000 145.94000 24.25100 125.96000
 5 6 21 11 04 30138.10000 52.98900000 2238.09000 145.94000 24.25100 125.96000
 5 6 21 11 05 30101.00000 52.89800000 2237.46000 145.94000 24.25100 125.89700
 5 6 21 11 05 30113.30000 52.89800000 2238.10000 145.94000 24.25100 125.89700
 5 6 21 11 06 30140.00000 52.89800000 2240.80000 145.94000 24.25100 126.04300
 5 6 21 11 06 30147.20000 53.02500000 2240.80000 145.94000 24.25100 126.04300
 5 6 21 11 06 30128.50000 53.02500000 2238.37000 145.94000 24.25100 126.04300
 5 6 21 11 07 30101.40000 53.02500000 2238.98000 145.94000 24.25100 126.04300
 5 6 21 11 07 30100.10000 52.94000000 2236.73000 145.94000 24.25100 126.04300
 5 6 21 11 08 30094.10000 52.94000000 2237.53000 145.81000 24.25100 126.04300
 5 6 21 11 08 30083.20000 52.94000000 2235.01000 145.85000 24.25100 126.04300
 5 6 21 11 09 30088.60000 52.94000000 2236.56000 145.85000 24.25100 126.04300
 5 6 21 11 09 30057.90000 52.97900000 2232.92000 145.68000 24.25100 126.04300
 5 6 21 11 09 30059.70000 52.97900000 2231.13000 145.68000 24.25100 125.38600
 5 6 21 11 10 30089.90000 52.97900000 2232.67000 145.76000 24.25100 125.38600
 5 6 21 11 10 30070.00000 52.91700000 2230.00000 145.76000 24.25100 125.38600
 5 6 21 11 11 30063.20000 52.91700000 2228.84000 145.76000 24.25100 125.35700
 5 6 21 11 11 30084.90000 52.91700000 2230.90000 145.82000 24.25100 125.35700
 5 6 21 11 12 30096.50000 52.91700000 2232.39000 145.86000 24.25100 125.66500
 5 6 21 11 12 30067.20000 52.91700000 2231.19000 145.86000 24.25100 125.66500
 5 6 21 11 12 30097.20000 52.91700000 2231.31000 145.86000 24.25100 125.66500
 5 6 21 11 13 30085.20000 52.91700000 2231.31000 145.86000 24.25100 125.66500
 5 6 21 11 13 30088.90000 52.88100000 2229.38000 145.78000 24.25100 125.66500
 5 6 21 11 14 30085.10000 52.90500000 2229.43000 145.78000 24.25100 125.66500
 5 6 21 11 14 30052.30000 52.70700000 2225.57000 145.48000 24.25100 125.15100
 5 6 21 11 15 30037.90000 52.70700000 2223.30000 145.48000 24.25100 125.15100
 5 6 21 11 15 30044.90000 52.70700000 2224.23000 145.48000 24.25100 125.15100
 5 6 21 11 15 30037.40000 52.70700000 2224.30000 145.48000 24.25100 125.15100
 5 6 21 11 16 29970.30000 52.66500000 2215.94000 145.00000 24.25100 124.86600
 5 6 21 11 16 29930.90000 52.66500000 2215.00000 144.80000 24.25100 124.59500
 5 6 21 11 17 29962.40000 52.66500000 2216.06000 144.82000 24.25100 124.59500
 5 6 21 11 17 29998.30000 52.66500000 2219.84000 144.82000 24.25100 124.59500
 5 6 21 11 18 29981.50000 52.66500000 2218.34000 144.82000 24.25100 124.96900
 5 6 21 11 18 30000.00000 52.66500000 2220.65000 144.96000 24.25100 124.96900
 5 6 21 11 18 29977.30000 52.66500000 2219.93000 144.97000 24.25100 124.96900
 5 6 21 11 19 29991.60000 52.66500000 2218.92000 144.81000 24.25100 124.96900
 5 6 21 11 19 29972.40000 52.66500000 2217.38000 144.81000 24.25100 124.96900
 5 6 21 11 20 29997.90000 52.71100000 2220.17000 144.94000 24.25100 124.96900
 5 6 21 11 20 29986.50000 52.71100000 2219.22000 144.94000 24.15900 124.96900
 5 6 21 11 21 29955.10000 52.71100000 2218.73000 145.03000 24.15900 125.22100
 5 6 21 11 21 29967.30000 52.71100000 2216.25000 145.03000 24.15900 125.22100
 5 6 21 11 21 29949.20000 52.58000000 2213.89000 145.03000 24.15900 125.22100
 5 6 21 11 22 29927.40000 52.58000000 2210.10000 144.64000 24.15900 125.00600
 5 6 21 11 22 29885.00000 52.41100000 2202.53000 144.53000 24.15900 125.00600
 5 6 21 11 23 29931.70000 52.49000000 2207.93000 144.53000 24.15900 125.00600
 5 6 21 11 23 29928.30000 52.49000000 2208.86000 144.53000 24.15900 125.00600
 5 6 21 11 24 29931.70000 52.49000000 2208.80000 144.53000 24.15900 125.00600
 5 6 21 11 24 29971.90000 52.63800000 2212.36000 144.98000 24.15900 125.00600
 5 6 21 11 24 29978.90000 52.63800000 2212.89000 145.20000 24.15900 125.00600
 5 6 21 11 25 29987.80000 52.80100000 2214.64000 145.20000 24.15900 125.00600
 5 6 21 11 25 30000.00000 52.80100000 2215.45000 145.29000 24.15900 125.31700
 5 6 21 11 26 29991.60000 52.80100000 2215.00000 145.14000 24.15900 125.31700
 5 6 21 11 26 29980.50000 52.80100000 2212.88000 145.14000 24.15900 125.31700
 5 6 21 11 27 29942.00000 52.79600000 2208.63000 145.14000 24.15900 125.31700
 5 6 21 11 27 29942.30000 52.79600000 2208.25000 144.78000 24.13100 125.31700
 5 6 21 11 28 29919.10000 52.79600000 2205.59000 144.95000 24.13100 125.31700
 5 6 21 11 28 29870.10000 52.79600000 2201.83000 144.55000 24.13100 124.76300
 5 6 21 11 28 29902.20000 52.56900000 2204.89000 144.55000 24.13100 124.76300
 5 6 21 11 29 29897.00000 52.56900000 2205.35000 144.55000 24.13100 124.76300
 5 6 21 11 29 29895.50000 52.56900000 2203.58000 144.57000 24.13100 124.76300
 5 6 21 11 30 29895.50000 52.56900000 2201.27000 144.55000 24.13100 124.76300
 5 6 21 11 30 29863.60000 52.56900000 2204.38000 144.29000 24.13100 124.76300
 5 6 21 11 31 29919.20000 52.45800000 2206.75000 144.38000 24.13100 124.76300
 5 6 21 11 31 29923.30000 52.45800000 2208.02000 144.87000 24.13100 124.76300
 5 6 21 11 31 29912.20000 52.65700000 2206.45000 144.86000 24.13100 124.76300
 5 6 21 11 32 29905.60000 52.65700000 2208.22000 144.86000 24.13100 125.24900
 5 6 21 11 32 29923.20000 52.65700000 2210.00000 145.08000 24.13100 125.24900
 5 6 21 11 33 29937.50000 52.65700000 2212.14000 144.97000 24.13100 125.32000
 5 6 21 11 33 29979.50000 52.65700000 2214.88000 144.97000 24.13100 125.32000
 5 6 21 11 34 29974.00000 52.65700000 2214.87000 144.97000 24.13100 125.32000
 5 6 21 11 34 29942.20000 52.65700000 2211.16000 145.32000 24.13100 125.32000
 5 6 21 11 34 29948.80000 52.89500000 2212.66000 145.18000 24.13100 125.32000
 5 6 21 11 35 29961.20000 52.89500000 2212.75000 145.30000 24.13100 125.32000
 5 6 21 11 35 29970.70000 52.89500000 2214.52000 145.30000 24.13100 125.32000
 5 6 21 11 36 29976.30000 52.89500000 2215.00000 145.30000 24.13100 125.32000
 5 6 21 11 36 29948.80000 52.89500000 2211.02000 145.25000 24.13100 125.32000
 5 6 21 11 37 29935.00000 52.89500000 2207.67000 145.04000 24.13100 125.32000
 5 6 21 11 37 29955.80000 52.89500000 2209.57000 145.05000 24.13100 125.32000
 5 6 21 11 37 29950.10000 52.89500000 2206.49000 144.92000 24.13100 125.32000
 5 6 21 11 38 29950.80000 52.89500000 2207.68000 144.92000 24.13100 125.32000
 5 6 21 11 38 29923.30000 52.89500000 2205.38000 144.92000 24.13100 125.32000
 5 6 21 11 39 29923.30000 52.54900000 2205.77000 144.92000 24.13100 125.32000
 5 6 21 11 39 29901.10000 52.54900000 2205.55000 144.78000 24.13100 125.32000
 5 6 21 11 40 29948.80000 52.69500000 2208.17000 144.91000 24.13100 125.32000
 5 6 21 11 40 29922.40000 52.69500000 2206.98000 144.99000 24.13100 125.21200
 5 6 21 11 40 29881.70000 52.69500000 2204.28000 144.55000 24.13100 125.21200
 5 6 21 11 41 29876.40000 52.69500000 2200.00000 144.55000 24.13100 124.70900
 5 6 21 11 41 29870.10000 52.69500000 2198.17000 144.55000 24.13100 124.70900
 5 6 21 11 42 29818.30000 52.69500000 2193.97000 144.23000 24.13100 124.59500
 5 6 21 11 42 29800.00000 52.69500000 2193.03000 144.14000 24.13100 124.59500
 5 6 21 11 43 29788.50000 52.69500000 2192.52000 144.12000 24.13100 124.30000
 5 6 21 11 43 29775.20000 52.69500000 2190.00000 144.12000 24.13100 124.30000
 5 6 21 11 43 29775.80000 52.69500000 2190.01000 144.22000 24.13100 124.30000
 5 6 21 11 44 29783.60000 52.69500000 2190.02000 144.11000 24.13100 124.30000
 5 6 21 11 44 29792.20000 52.69500000 2194.20000 144.20000 24.13100 124.30000
 5 6 21 11 45 29832.90000 52.69500000 2194.87000 144.20000 24.13100 124.30000
 5 6 21 11 45 29833.30000 52.69500000 2199.14000 144.20000 24.13100 124.30000
 5 6 21 11 46 29792.30000 52.69500000 2192.30000 144.15000 24.13100 124.30000
 5 6 21 11 46 29704.20000 52.18700000 2186.00000 143.80000 24.13100 124.30000
 5 6 21 11 46 29592.60000 52.13600000 2177.77000 143.10000 24.13100 124.01900
