M=[
 2 7 20 19 55 8067.80000 5.00000000 201.01000 36.35000 14.87200 45.49000
 2 7 20 19 56 8065.10000 5.00000000 200.79000 36.35000 14.87200 45.49000
 2 7 20 19 56 8065.00000 5.00000000 200.79000 36.35000 14.87200 45.49000
 2 7 20 19 57 8065.10000 5.00000000 200.79000 36.35000 14.87200 45.49000
 2 7 20 19 57 8062.90000 5.00000000 200.80000 36.35000 14.87200 45.49000
 2 7 20 19 58 8062.80000 5.00000000 200.88000 36.35000 14.87200 45.49000
 2 7 20 19 58 8061.90000 5.00000000 200.88000 36.35000 14.87200 45.49000
 2 7 20 19 59 8060.70000 5.00000000 200.88000 36.35000 14.87200 45.49000
 2 7 20 19 59 8067.70000 5.00000000 201.18000 36.35000 14.87200 45.34000
 2 7 20 20 00 8070.70000 5.00000000 201.10000 36.35000 14.87200 45.34000
 2 7 20 20 00 8067.80000 5.00000000 201.07000 36.35000 14.87200 45.36000
 2 7 20 20 01 8065.40000 5.00000000 201.07000 36.35000 14.87200 45.36000
 2 7 20 20 01 8064.90000 5.00000000 200.91000 36.35000 14.87200 45.36000
 2 7 20 20 02 8061.10000 5.00000000 200.90000 36.34000 14.87200 45.36000
 2 7 20 20 02 8061.40000 5.00000000 200.91000 36.33000 14.87200 45.36000
 2 7 20 20 03 8061.20000 4.98800000 200.89000 36.33000 14.87200 45.36000
 2 7 20 20 03 8061.20000 4.98800000 200.84000 36.33000 14.87200 45.36000
 2 7 20 20 04 8061.20000 4.98800000 200.70000 36.33000 14.87200 45.34000
 2 7 20 20 04 8061.30000 4.98800000 200.71000 36.33000 14.87200 45.36000
 2 7 20 20 05 8061.30000 4.98800000 200.74000 36.33000 14.87200 45.34000
 2 7 20 20 05 8061.20000 4.98800000 200.74000 36.34000 14.87200 45.36000
 2 7 20 20 06 8061.30000 4.98800000 200.88000 36.34000 14.87200 45.36000
 2 7 20 20 06 8061.30000 4.98100000 200.90000 36.34000 14.87200 45.36000
 2 7 20 20 07 8061.30000 4.98100000 200.91000 36.34000 14.87200 45.36000
 2 7 20 20 07 8060.10000 4.98100000 200.71000 36.34000 14.87200 45.34000
 2 7 20 20 08 8057.90000 4.98100000 200.75000 36.34000 14.87200 45.36000
 2 7 20 20 08 8058.10000 4.98100000 200.67000 36.34000 14.87200 45.36000
 2 7 20 20 09 8057.60000 4.98100000 200.67000 36.34000 14.87200 45.36000
 2 7 20 20 09 8058.10000 4.98100000 200.84000 36.34000 14.87200 45.34000
 2 7 20 20 10 8058.20000 5.00000000 200.84000 36.34000 14.87200 45.34000
 2 7 20 20 10 8058.80000 5.00000000 200.78000 36.34000 14.87200 45.36000
 2 7 20 20 11 8058.80000 5.00000000 200.78000 36.34000 14.87200 45.36000
 2 7 20 20 11 8059.90000 5.00000000 200.77000 36.34000 14.87200 45.36000
 2 7 20 20 12 8060.00000 5.00000000 200.90000 36.34000 14.87200 45.36000
 2 7 20 20 12 8060.00000 5.00000000 200.90000 36.32000 14.87200 45.36000
 2 7 20 20 13 8059.90000 5.00000000 200.93000 36.32000 14.87200 45.36000
 2 7 20 20 13 8059.90000 5.00000000 200.93000 36.32000 14.87200 45.36000
 2 7 20 20 13 8060.00000 5.00000000 200.93000 36.32000 14.87200 45.36000
 2 7 20 20 14 8060.00000 5.00000000 200.93000 36.34000 14.87200 45.36000
 2 7 20 20 14 8060.00000 5.00000000 200.93000 36.32000 14.87200 45.36000
 2 7 20 20 15 8060.00000 5.00000000 200.94000 36.32000 14.87200 45.36000
 2 7 20 20 15 8060.00000 5.00000000 200.93000 36.32000 14.87200 45.34000
 2 7 20 20 16 8060.00000 5.00000000 200.93000 36.32000 14.87200 45.36000
 2 7 20 20 16 8060.00000 5.00000000 200.93000 36.32000 14.87200 45.36000
 2 7 20 20 17 8060.00000 5.00000000 200.93000 36.32000 14.87200 45.36000
 2 7 20 20 17 8059.90000 5.00000000 200.93000 36.33000 14.87200 45.36000
 2 7 20 20 18 8060.00000 5.00000000 200.93000 36.33000 14.87200 45.25000
 2 7 20 20 18 8059.90000 5.00000000 200.94000 36.33000 14.87200 45.25000
 2 7 20 20 19 8060.00000 5.00000000 200.98000 36.33000 14.87200 45.25000
 2 7 20 20 19 8065.80000 5.00000000 200.97000 36.33000 14.87200 45.25000
 2 7 20 20 20 8071.50000 5.00000000 201.01000 36.33000 14.87200 45.25000
 2 7 20 20 20 8071.50000 5.00000000 201.01000 36.33000 14.87200 45.25000
 2 7 20 20 21 8076.50000 5.00000000 201.03000 36.33000 14.87200 45.25000
 2 7 20 20 21 8076.50000 4.99100000 201.03000 36.33000 14.87200 45.25000
 2 7 20 20 22 8076.40000 4.99100000 201.03000 36.33000 14.87200 45.25000
 2 7 20 20 22 8077.70000 4.99100000 201.03000 36.33000 14.87200 45.25000
 2 7 20 20 23 8076.50000 4.99100000 201.04000 36.33000 14.87200 45.25000
 2 7 20 20 23 8076.50000 4.99100000 201.02000 36.33000 14.87200 45.25000
 2 7 20 20 24 8073.60000 4.99100000 201.01000 36.33000 14.87200 45.25000
 2 7 20 20 24 8073.60000 4.99100000 200.93000 36.33000 14.87200 45.25000
 2 7 20 20 25 8073.80000 4.99100000 200.89000 36.33000 14.87200 45.25000
 2 7 20 20 25 8073.80000 4.99100000 200.88000 36.33000 14.87200 45.25000
 2 7 20 20 26 8073.70000 4.99100000 200.91000 36.33000 14.87200 45.25000
 2 7 20 20 26 8073.80000 4.99100000 200.91000 36.33000 14.87200 45.25000
 2 7 20 20 26 8073.60000 4.99100000 200.96000 36.33000 14.87200 45.25000
 2 7 20 20 27 8073.70000 4.99100000 200.92000 36.33000 14.87200 45.25000
 2 7 20 20 27 8073.60000 4.99100000 200.92000 36.33000 14.87200 45.25000
 2 7 20 20 28 8073.70000 4.99100000 200.92000 36.33000 14.87200 45.25000
 2 7 20 20 28 8073.40000 4.99100000 200.92000 36.33000 14.87200 45.25000
 2 7 20 20 29 8073.50000 4.99100000 200.98000 36.33000 14.87200 45.25000
 2 7 20 20 29 8073.40000 4.99100000 200.97000 36.33000 14.87200 45.25000
 2 7 20 20 30 8073.40000 4.99100000 200.97000 36.37000 14.87200 45.25000
 2 7 20 20 30 8073.00000 4.99100000 200.95000 36.36000 14.87200 45.25000
 2 7 20 20 31 8070.30000 4.99100000 200.95000 36.36000 14.87200 45.25000
 2 7 20 20 31 8073.90000 4.99100000 200.95000 36.36000 14.87200 45.25000
 2 7 20 20 32 8076.40000 4.99100000 200.97000 36.41000 14.87200 45.45800
 2 7 20 20 32 8076.50000 4.99100000 200.97000 36.43000 14.87200 45.45800
 2 7 20 20 33 8081.20000 5.00000000 201.24000 36.43000 14.87200 45.45800
 2 7 20 20 33 8089.70000 5.00000000 201.30000 36.45000 14.87200 45.45800
 2 7 20 20 34 8085.10000 5.00000000 201.37000 36.45000 14.87200 45.45800
 2 7 20 20 34 8085.60000 5.00000000 201.41000 36.45000 14.87200 45.45800
 2 7 20 20 35 8083.20000 5.00000000 201.41000 36.45000 14.87200 45.45800
 2 7 20 20 35 8083.00000 5.00000000 201.40000 36.45000 14.87200 45.45800
 2 7 20 20 36 8083.60000 5.00000000 201.40000 36.46000 14.87200 45.45800
 2 7 20 20 36 8084.90000 5.00000000 201.40000 36.46000 14.87200 45.45800
 2 7 20 20 37 8084.20000 5.00000000 201.40000 36.46000 14.87200 45.45800
 2 7 20 20 37 8083.80000 5.00000000 201.40000 36.46000 14.87200 45.45800
 2 7 20 20 38 8083.30000 5.00000000 201.42000 36.46000 14.87200 45.45800
 2 7 20 20 38 8087.10000 5.02400000 201.42000 36.46000 14.87200 45.45800
 2 7 20 20 39 8083.10000 5.02400000 201.43000 36.46000 14.87200 45.45800
 2 7 20 20 39 8085.40000 5.02400000 201.43000 36.46000 14.87200 45.45800
 2 7 20 20 40 8085.30000 5.02400000 201.43000 36.46000 14.87200 45.45800
 2 7 20 20 40 8085.30000 5.02400000 201.51000 36.46000 14.87200 45.45800
 2 7 20 20 41 8089.50000 5.02400000 201.53000 36.46000 14.87200 45.45800
 2 7 20 20 41 8083.30000 5.02400000 201.50000 36.46000 14.87200 45.45800
 2 7 20 20 42 8083.30000 5.02400000 201.43000 36.46000 14.87200 45.45800
 2 7 20 20 42 8085.20000 5.02400000 201.43000 36.46000 14.87200 45.45800
 2 7 20 20 43 8085.30000 5.02400000 201.38000 36.46000 14.87200 45.45800
 2 7 20 20 43 8085.30000 5.02400000 201.38000 36.46000 14.87200 45.45800
 2 7 20 20 44 8087.10000 5.02400000 201.38000 36.46000 14.87200 45.45800
 2 7 20 20 44 8088.20000 5.02400000 201.42000 36.45000 14.87200 45.45800
 2 7 20 20 45 8090.00000 5.02400000 201.47000 36.45000 14.87200 45.45800
 2 7 20 20 45 8091.50000 5.02400000 201.46000 36.45000 14.87200 45.45800
 2 7 20 20 46 8090.90000 5.02400000 201.46000 36.45000 14.87200 45.45800
 2 7 20 20 46 8098.00000 5.02400000 201.50000 36.45000 14.87200 45.45800
 2 7 20 20 47 8095.20000 5.02400000 201.60000 36.45000 14.87200 45.45800
 2 7 20 20 47 8096.00000 5.02400000 201.59000 36.45000 14.87200 45.45800
 2 7 20 20 48 8096.40000 5.02400000 201.63000 36.45000 14.87200 45.45800
 2 7 20 20 48 8096.30000 5.02400000 201.63000 36.45000 14.87200 45.45800
