M=[
 6 3 21 00 04 41060.70000 9.24200000 1290.68000 151.88000 25.76700 102.08900
 6 3 21 00 04 41080.00000 9.24200000 1290.27000 151.76000 25.76700 102.08900
 6 3 21 00 05 41114.60000 9.24200000 1292.39000 151.76000 25.76700 102.08900
 6 3 21 00 05 41134.10000 9.24200000 1294.00000 151.76000 25.76700 102.08900
 6 3 21 00 06 41184.50000 9.24200000 1295.97000 152.05000 25.76700 102.08900
 6 3 21 00 06 41189.00000 9.24200000 1295.66000 152.11000 25.76700 102.08900
 6 3 21 00 07 41172.50000 9.24200000 1295.66000 152.11000 25.76700 102.08900
 6 3 21 00 07 41142.60000 9.26000000 1295.01000 152.36000 25.76700 102.08900
 6 3 21 00 07 41163.70000 9.27900000 1294.86000 152.36000 25.76700 102.08900
 6 3 21 00 08 41172.40000 9.27900000 1294.86000 152.36000 25.76700 102.38800
 6 3 21 00 08 41199.90000 9.27900000 1295.03000 152.63000 25.76700 102.38800
 6 3 21 00 09 41187.50000 9.27900000 1294.84000 152.62000 25.76700 102.38800
 6 3 21 00 09 41157.50000 9.27900000 1294.84000 152.62000 25.76700 102.38800
 6 3 21 00 09 41138.90000 9.27900000 1292.31000 152.62000 25.76700 102.38800
 6 3 21 00 10 41170.70000 9.27900000 1292.66000 152.24000 25.76700 102.38800
 6 3 21 00 10 41107.90000 9.27900000 1290.99000 152.24000 25.76700 102.38800
 6 3 21 00 11 41088.60000 9.27900000 1289.27000 152.24000 25.76700 102.38800
 6 3 21 00 11 41046.10000 9.27900000 1289.31000 151.42000 25.76700 102.38800
 6 3 21 00 12 41073.90000 9.27900000 1291.22000 151.42000 25.76700 102.38800
 6 3 21 00 12 41074.70000 9.27900000 1294.73000 151.42000 25.76700 102.38800
 6 3 21 00 12 41122.40000 9.27900000 1294.73000 151.42000 25.76700 102.38800
 6 3 21 00 13 41120.90000 9.27900000 1292.36000 151.65000 25.76700 102.38800
 6 3 21 00 13 41142.80000 9.27900000 1294.00000 151.65000 25.76700 102.38800
 6 3 21 00 14 41164.20000 9.27900000 1296.13000 151.65000 25.76700 102.38800
 6 3 21 00 14 41163.60000 9.27900000 1296.13000 151.65000 25.76700 102.38800
 6 3 21 00 15 41180.90000 9.28200000 1296.11000 152.53000 25.76700 102.38800
 6 3 21 00 15 41154.80000 9.28200000 1295.80000 152.53000 25.76700 102.38800
 6 3 21 00 15 41150.20000 9.28200000 1295.80000 152.53000 25.76700 102.38800
 6 3 21 00 16 41154.80000 9.28200000 1295.08000 152.36000 25.76700 102.38800
 6 3 21 00 16 41112.70000 9.28200000 1293.55000 152.36000 25.76800 102.38800
 6 3 21 00 17 41094.40000 9.28200000 1292.76000 152.36000 25.76800 102.38800
 6 3 21 00 17 41094.40000 9.28200000 1292.76000 152.36000 25.76800 102.38800
 6 3 21 00 18 41089.40000 9.28200000 1292.92000 152.36000 25.76800 102.38800
 6 3 21 00 18 41109.60000 9.28200000 1292.92000 152.14000 25.76800 102.23400
 6 3 21 00 18 41116.10000 9.28200000 1294.77000 152.14000 25.76800 102.23400
 6 3 21 00 19 41100.20000 9.28200000 1292.46000 152.14000 25.76800 102.23400
 6 3 21 00 19 41127.00000 9.28200000 1292.46000 152.14000 25.76800 102.23400
 6 3 21 00 20 41126.50000 9.28200000 1292.46000 152.14000 25.76800 102.23400
 6 3 21 00 20 41126.50000 9.28200000 1294.99000 152.14000 25.76800 102.23400
 6 3 21 00 21 41137.50000 9.28200000 1294.99000 152.14000 25.76800 102.23400
 6 3 21 00 21 41149.80000 9.28200000 1296.38000 152.14000 25.76800 102.23400
 6 3 21 00 21 41095.50000 9.28200000 1294.09000 152.14000 25.76800 102.23400
 6 3 21 00 22 41112.60000 9.28200000 1294.09000 152.14000 25.76800 102.23400
 6 3 21 00 22 41131.90000 9.28200000 1294.73000 152.14000 25.76800 102.23400
 6 3 21 00 23 41153.90000 9.28200000 1296.68000 152.14000 25.76800 102.23400
 6 3 21 00 23 41154.00000 9.28200000 1296.68000 152.14000 25.76800 102.23400
 6 3 21 00 24 41109.90000 9.28200000 1294.62000 152.14000 25.76800 102.23400
 6 3 21 00 24 41099.10000 9.28200000 1294.36000 152.14000 25.76800 102.23400
 6 3 21 00 24 41112.30000 9.28200000 1294.77000 152.42000 25.76800 102.23400
 6 3 21 00 25 41154.40000 9.28200000 1296.24000 152.42000 25.76800 102.23400
 6 3 21 00 25 41155.70000 9.28200000 1296.24000 152.42000 25.76800 102.23400
 6 3 21 00 26 41130.70000 9.28200000 1295.91000 152.42000 25.76800 102.23400
 6 3 21 00 26 41126.80000 9.28200000 1295.91000 152.42000 25.76800 102.23400
 6 3 21 00 27 41118.30000 9.28200000 1296.60000 152.42000 25.76800 102.23400
 6 3 21 00 27 41117.60000 9.28200000 1296.60000 152.42000 25.76800 102.23400
 6 3 21 00 27 41134.30000 9.28200000 1296.60000 152.42000 25.76800 102.23400
 6 3 21 00 28 41157.30000 9.28200000 1297.00000 152.85000 25.76800 102.48000
 6 3 21 00 28 41159.90000 9.28200000 1297.74000 153.41000 25.76800 102.48000
 6 3 21 00 29 41165.00000 9.28200000 1297.78000 153.60000 25.52400 102.48000
 6 3 21 00 29 41165.00000 9.28900000 1298.00000 153.62000 25.52400 102.48000
 6 3 21 00 30 41200.00000 9.28900000 1298.00000 153.62000 25.52400 102.48000
 6 3 21 00 30 41192.20000 9.28900000 1298.00000 153.62000 25.52400 102.48000
 6 3 21 00 30 41204.50000 9.28900000 1298.00000 154.00000 25.52400 102.48000
 6 3 21 00 31 41210.30000 9.28900000 1298.49000 154.08000 25.52400 102.48000
 6 3 21 00 31 41214.20000 9.28900000 1298.88000 154.15000 25.52400 102.48000
 6 3 21 00 32 41182.30000 9.28900000 1298.06000 154.32000 25.52400 102.48000
 6 3 21 00 32 41189.90000 9.28900000 1298.07000 154.32000 25.52400 102.48000
 6 3 21 00 33 41206.50000 9.28900000 1298.06000 154.32000 25.52400 102.48000
 6 3 21 00 33 41205.00000 9.28900000 1298.06000 154.40000 25.49800 102.48000
 6 3 21 00 33 41206.40000 9.28900000 1298.57000 154.48000 25.49800 102.48000
 6 3 21 00 34 41156.50000 9.28900000 1298.08000 154.60000 25.49800 102.48000
 6 3 21 00 34 41161.50000 9.28900000 1298.07000 154.60000 25.49800 102.48000
 6 3 21 00 35 41195.80000 9.28900000 1298.07000 154.61000 25.49800 102.48000
 6 3 21 00 35 41163.00000 9.28900000 1297.51000 154.83000 25.49800 102.48000
 6 3 21 00 36 41139.20000 9.28900000 1297.35000 154.56000 25.49800 102.48000
 6 3 21 00 36 41129.20000 9.28900000 1297.31000 154.56000 25.49800 102.48000
 6 3 21 00 36 41124.80000 9.28900000 1297.30000 154.31000 25.49800 102.48000
 6 3 21 00 37 41127.90000 9.28900000 1297.30000 154.27000 25.49800 102.48000
 6 3 21 00 37 41124.60000 9.28900000 1296.94000 154.33000 25.49800 102.48000
 6 3 21 00 38 41127.10000 9.28900000 1295.90000 154.22000 25.49800 102.48000
 6 3 21 00 38 41090.50000 9.28900000 1296.91000 154.14000 25.49800 103.01600
 6 3 21 00 39 41101.60000 9.28900000 1296.56000 154.12000 25.49800 103.01600
 6 3 21 00 39 41104.10000 9.28900000 1296.48000 154.19000 25.49800 103.01600
 6 3 21 00 39 41109.80000 9.28900000 1296.48000 154.19000 25.49800 103.01600
 6 3 21 00 40 41109.70000 9.28900000 1296.34000 154.19000 25.49800 103.01600
 6 3 21 00 40 41131.00000 9.28900000 1296.23000 154.28000 25.49800 103.01600
 6 3 21 00 41 41131.80000 9.28900000 1296.20000 154.20000 25.49800 103.08000
 6 3 21 00 41 41135.20000 9.28900000 1296.14000 154.20000 25.49800 103.08000
 6 3 21 00 42 41092.50000 9.28900000 1296.19000 154.12000 25.49800 103.27200
 6 3 21 00 42 41100.00000 9.28900000 1296.19000 153.84000 25.49800 103.27200
 6 3 21 00 42 41099.30000 9.28900000 1296.23000 153.84000 25.49800 103.27200
 6 3 21 00 43 41102.70000 9.28900000 1296.23000 153.89000 25.49800 103.27200
 6 3 21 00 43 41139.60000 9.28900000 1296.23000 153.91000 25.49800 103.27200
 6 3 21 00 44 41141.30000 9.28900000 1296.79000 153.92000 25.30300 103.27200
 6 3 21 00 44 41153.00000 9.28900000 1296.79000 153.92000 25.30500 103.27200
 6 3 21 00 45 41114.10000 9.25600000 1296.13000 153.92000 25.30500 103.27200
 6 3 21 00 45 41099.00000 9.25600000 1296.50000 153.92000 25.30500 103.27200
 6 3 21 00 45 41089.50000 9.25600000 1296.63000 153.92000 25.30500 103.27200
 6 3 21 00 46 41050.20000 9.25600000 1295.59000 153.53000 25.30500 103.27200
 6 3 21 00 46 41058.50000 9.25600000 1295.84000 153.53000 25.30500 103.35300
 6 3 21 00 47 41047.50000 9.25600000 1295.56000 153.53000 25.30500 103.35300
 6 3 21 00 47 41047.00000 9.25600000 1293.69000 153.53000 25.30500 103.35300
 6 3 21 00 48 41000.40000 9.25600000 1292.82000 153.29000 25.30500 103.35300
