M=[
17 3 21 08 11 46943.70000 10.24400000 1500.64000 169.52000 25.24900 116.07900
17 3 21 08 12 46944.30000 10.24400000 1501.57000 169.51000 25.24900 116.07900
17 3 21 08 12 46941.80000 10.24400000 1500.99000 169.34000 25.24900 116.07900
17 3 21 08 12 46935.60000 10.24400000 1501.46000 169.34000 25.24900 116.07900
17 3 21 08 13 46935.60000 10.24400000 1501.63000 169.34000 25.24900 116.07900
17 3 21 08 13 46935.60000 10.24400000 1501.63000 169.34000 25.24900 116.07900
17 3 21 08 14 46915.00000 10.24400000 1500.71000 169.33000 25.24900 116.07900
17 3 21 08 14 46916.80000 10.24400000 1500.70000 169.42000 25.24900 116.07900
17 3 21 08 15 46930.20000 10.24400000 1500.70000 169.42000 25.24900 116.07900
17 3 21 08 15 46912.20000 10.24400000 1500.15000 169.42000 25.24900 116.07900
17 3 21 08 15 46935.00000 10.24400000 1500.67000 169.42000 25.24900 116.07900
17 3 21 08 16 46955.00000 10.24400000 1500.70000 169.55000 25.20800 116.07900
17 3 21 08 16 46997.50000 10.24400000 1500.72000 169.52000 25.20800 116.07900
17 3 21 08 17 46999.90000 10.24400000 1500.15000 169.52000 25.20800 115.95000
17 3 21 08 17 46952.20000 10.24400000 1500.15000 169.39000 25.20800 115.95000
17 3 21 08 18 46959.80000 10.24400000 1500.16000 169.33000 25.20800 115.95000
17 3 21 08 18 46945.40000 10.21900000 1500.00000 169.29000 25.20800 115.95000
17 3 21 08 19 46960.00000 10.21900000 1499.35000 169.28000 25.20800 115.95000
17 3 21 08 19 46977.40000 10.21900000 1499.19000 169.21000 25.20500 115.95000
17 3 21 08 19 46991.60000 10.21900000 1500.57000 169.21000 25.20500 115.95000
17 3 21 08 20 46960.10000 10.21900000 1498.71000 169.07000 25.20500 115.95000
17 3 21 08 20 46935.00000 10.21900000 1498.00000 168.55000 25.20500 115.95000
17 3 21 08 21 46948.40000 10.21900000 1497.54000 168.31000 25.20500 115.95000
17 3 21 08 21 46967.50000 10.21900000 1498.72000 168.31000 25.20500 115.95000
17 3 21 08 22 46989.00000 10.21900000 1499.69000 169.00000 25.20500 115.95000
17 3 21 08 22 46986.20000 10.21900000 1498.94000 168.82000 25.20500 115.95000
17 3 21 08 22 46989.50000 10.21900000 1500.00000 168.88000 25.20500 115.95000
17 3 21 08 23 46982.00000 10.21900000 1499.23000 168.88000 25.20500 115.95000
17 3 21 08 23 46994.70000 10.21900000 1499.61000 168.65000 25.20500 115.95000
17 3 21 08 24 46998.00000 10.20000000 1500.12000 168.70000 25.20500 115.95000
17 3 21 08 24 46977.80000 10.20000000 1500.00000 168.85000 25.20500 115.95000
17 3 21 08 25 47014.90000 10.20000000 1502.20000 168.95000 25.20500 115.95000
17 3 21 08 25 47015.00000 10.20000000 1503.28000 168.94000 25.20500 115.95000
17 3 21 08 25 47059.50000 10.22000000 1506.63000 169.24000 25.20500 116.15200
17 3 21 08 26 47075.00000 10.28100000 1507.23000 169.24000 25.20500 116.15200
17 3 21 08 26 47075.00000 10.29500000 1506.66000 169.50000 25.20500 116.15200
17 3 21 08 27 47097.00000 10.29500000 1508.59000 169.52000 25.20500 116.15200
17 3 21 08 27 47126.60000 10.25700000 1508.44000 169.52000 25.20500 116.15200
17 3 21 08 28 47156.70000 10.25700000 1508.71000 169.52000 25.20500 116.15200
17 3 21 08 28 47149.40000 10.25700000 1507.77000 169.54000 25.20500 116.15200
17 3 21 08 28 47133.90000 10.25700000 1507.68000 169.30000 25.20500 116.15200
17 3 21 08 29 47138.50000 10.25700000 1507.35000 169.44000 25.20500 116.56800
17 3 21 08 29 47124.20000 10.25700000 1507.35000 169.44000 25.20500 116.56800
17 3 21 08 30 47103.80000 10.25700000 1505.30000 169.31000 25.20500 116.56800
17 3 21 08 30 47072.70000 10.27900000 1504.39000 169.31000 25.20500 116.56800
17 3 21 08 31 47077.60000 10.27900000 1505.68000 169.31000 25.20500 116.56800
17 3 21 08 31 47076.20000 10.27900000 1504.40000 169.31000 25.20500 116.56800
17 3 21 08 31 47076.10000 10.27900000 1504.73000 169.31000 25.20500 116.56800
17 3 21 08 32 47024.80000 10.27900000 1504.44000 169.55000 25.20500 116.56800
17 3 21 08 32 47017.10000 10.27900000 1504.44000 169.55000 25.20500 116.56800
17 3 21 08 33 47017.10000 10.27900000 1502.45000 169.32000 25.20500 116.56800
17 3 21 08 33 47008.10000 10.22500000 1502.12000 169.34000 25.20500 116.56800
17 3 21 08 34 46972.70000 10.22500000 1501.30000 169.30000 25.20500 116.56800
17 3 21 08 34 46939.40000 10.22500000 1501.30000 169.07000 25.20500 116.56800
17 3 21 08 34 46910.10000 10.22500000 1498.98000 169.05000 25.20500 116.56800
17 3 21 08 35 46910.00000 10.22500000 1500.68000 169.05000 25.20500 116.27700
17 3 21 08 35 46910.00000 10.22500000 1499.07000 169.05000 25.20500 116.27700
17 3 21 08 36 46880.40000 10.22500000 1498.54000 169.05000 25.20500 116.27700
17 3 21 08 36 46941.60000 10.22500000 1498.55000 169.05000 25.20500 116.27700
17 3 21 08 37 46952.90000 10.22500000 1501.21000 169.20000 25.20500 116.27700
17 3 21 08 37 46961.70000 10.21800000 1501.52000 169.35000 25.20500 116.27700
17 3 21 08 37 46979.90000 10.21800000 1502.47000 169.38000 25.20500 116.27700
17 3 21 08 38 46961.60000 10.21800000 1501.45000 169.38000 25.20500 116.27700
17 3 21 08 38 46982.60000 10.21800000 1501.97000 169.28000 25.20500 116.27700
17 3 21 08 39 46964.70000 10.21800000 1501.77000 168.95000 25.20500 116.27700
17 3 21 08 39 46917.90000 10.21800000 1501.01000 168.95000 25.20500 116.27700
17 3 21 08 40 46917.90000 10.21800000 1501.01000 169.11000 25.20500 116.27700
17 3 21 08 40 46974.00000 10.20200000 1501.00000 169.29000 25.20500 116.27700
17 3 21 08 40 47011.70000 10.20200000 1501.81000 169.39000 25.20500 116.27700
17 3 21 08 41 47012.30000 10.20200000 1503.16000 169.40000 25.20500 116.27700
17 3 21 08 41 47009.60000 10.24000000 1503.92000 169.47000 25.20500 116.27700
17 3 21 08 42 47039.50000 10.24000000 1504.34000 169.77000 25.20500 116.27700
17 3 21 08 42 47020.40000 10.24000000 1503.16000 169.77000 25.20500 116.27700
17 3 21 08 43 46977.00000 10.24000000 1501.98000 169.45000 25.20500 116.27700
17 3 21 08 43 46963.90000 10.24000000 1502.07000 169.45000 25.20500 116.27700
17 3 21 08 43 46959.70000 10.24000000 1502.16000 169.30000 25.20500 116.27700
17 3 21 08 44 47000.40000 10.24000000 1502.27000 169.56000 25.20500 116.27700
17 3 21 08 44 47030.30000 10.24000000 1502.20000 169.73000 25.20500 116.27700
17 3 21 08 45 47014.00000 10.24000000 1502.85000 169.73000 25.20500 116.27700
17 3 21 08 45 47030.00000 10.24000000 1503.24000 169.64000 25.20500 116.27700
17 3 21 08 46 47033.40000 10.25400000 1502.79000 169.45000 25.20500 116.27700
17 3 21 08 46 47049.50000 10.25400000 1502.78000 169.62000 25.20500 116.27700
17 3 21 08 46 47098.70000 10.25400000 1503.99000 169.62000 25.20500 116.27700
17 3 21 08 47 47076.80000 10.25400000 1504.00000 169.74000 25.20500 116.27700
17 3 21 08 47 47070.60000 10.25400000 1504.00000 169.74000 25.20500 116.27700
17 3 21 08 48 47066.30000 10.25400000 1504.00000 169.75000 25.20500 116.27700
17 3 21 08 48 47042.30000 10.25400000 1504.00000 169.75000 25.20500 116.27700
17 3 21 08 49 47025.10000 10.25400000 1503.71000 169.73000 25.20500 116.27700
17 3 21 08 49 47048.10000 10.25400000 1503.34000 169.56000 25.20500 116.27700
17 3 21 08 49 47014.00000 10.25400000 1503.33000 169.50000 25.20500 116.27700
17 3 21 08 50 46958.70000 10.25400000 1501.91000 169.50000 25.20500 116.27700
17 3 21 08 50 47004.80000 10.25400000 1501.91000 169.58000 25.20500 116.27700
17 3 21 08 51 46971.30000 10.25400000 1501.22000 169.45000 25.20500 116.27700
17 3 21 08 51 46969.70000 10.25400000 1501.01000 169.31000 25.20500 116.27700
17 3 21 08 52 46974.90000 10.25400000 1501.00000 169.31000 25.20500 116.27700
17 3 21 08 52 46940.40000 10.25400000 1499.07000 169.31000 25.20500 116.27700
17 3 21 08 52 46939.70000 10.25400000 1499.34000 169.31000 25.20500 116.27700
17 3 21 08 53 46910.00000 10.25400000 1499.20000 169.20000 25.20500 116.27700
17 3 21 08 53 46923.70000 10.25400000 1499.43000 169.20000 25.20500 116.27700
17 3 21 08 54 46910.80000 10.25400000 1499.01000 169.20000 25.20500 116.27700
17 3 21 08 54 46903.10000 10.25400000 1498.84000 169.32000 25.20500 116.27700
17 3 21 08 55 46882.30000 10.25400000 1498.09000 169.32000 25.20500 116.27700
