M=[
11 10 20 13 29 9592.90000 4.79100000 314.45000 42.03000 12.03900 58.57600
11 10 20 13 29 9594.00000 4.79100000 314.45000 42.03000 12.03900 58.57600
11 10 20 13 30 9594.20000 4.79100000 314.45000 42.08000 12.03900 58.57600
11 10 20 13 30 9594.20000 4.79100000 314.45000 42.10000 12.03900 58.57600
11 10 20 13 31 9594.20000 4.79100000 314.45000 42.09000 12.03900 58.57600
11 10 20 13 31 9594.20000 4.79100000 314.22000 42.09000 12.03900 58.57600
11 10 20 13 31 9588.60000 4.79100000 314.22000 42.09000 12.03900 58.57600
11 10 20 13 32 9588.70000 4.79100000 314.22000 42.09000 12.03900 58.57600
11 10 20 13 32 9588.80000 4.79100000 314.22000 42.09000 12.03900 58.57600
11 10 20 13 33 9588.80000 4.79100000 314.22000 42.09000 12.03900 58.57600
11 10 20 13 33 9591.00000 4.79100000 314.22000 42.09000 12.03900 58.57600
11 10 20 13 34 9591.00000 4.79100000 314.29000 42.09000 12.03900 58.57600
11 10 20 13 34 9590.40000 4.79100000 314.29000 42.09000 12.03900 58.57600
11 10 20 13 34 9589.80000 4.79100000 314.29000 42.09000 12.03900 58.57600
11 10 20 13 35 9588.80000 4.79100000 314.29000 42.11000 12.03900 58.57600
11 10 20 13 35 9588.80000 4.79100000 314.08000 42.11000 12.03900 58.57600
11 10 20 13 36 9588.00000 4.79100000 314.08000 42.11000 12.03900 58.57600
11 10 20 13 36 9587.30000 4.79100000 314.08000 42.11000 12.03900 58.64900
11 10 20 13 37 9587.30000 4.79100000 314.08000 42.11000 12.03900 58.64900
11 10 20 13 37 9587.30000 4.79100000 314.12000 42.11000 12.03900 58.64900
11 10 20 13 37 9586.50000 4.79100000 314.12000 42.11000 12.03900 58.56200
11 10 20 13 38 9586.10000 4.79100000 314.13000 42.11000 12.03900 58.56200
11 10 20 13 38 9587.90000 4.79100000 314.17000 42.11000 12.03900 58.56200
11 10 20 13 39 9587.20000 4.79100000 314.12000 42.11000 12.03900 58.56200
11 10 20 13 39 9587.70000 4.79100000 314.25000 42.11000 12.00100 58.56200
11 10 20 13 40 9587.50000 4.79100000 314.25000 42.11000 12.00100 58.48100
11 10 20 13 40 9586.90000 4.79100000 314.18000 42.11000 12.00100 58.55900
11 10 20 13 40 9587.70000 4.79100000 314.18000 42.11000 12.00100 58.55900
11 10 20 13 41 9583.30000 4.79100000 314.18000 42.11000 12.00100 58.55900
11 10 20 13 41 9582.60000 4.79100000 314.18000 42.11000 12.00100 58.55900
11 10 20 13 42 9582.60000 4.79100000 314.04000 42.11000 12.00100 58.55900
11 10 20 13 42 9580.20000 4.79100000 314.04000 42.11000 12.00100 58.55900
11 10 20 13 43 9580.20000 4.79100000 314.03000 42.11000 12.00100 58.55900
11 10 20 13 43 9576.90000 4.79100000 314.03000 42.11000 12.00100 58.55900
11 10 20 13 43 9580.40000 4.79100000 314.03000 42.11000 12.00100 58.55900
11 10 20 13 44 9581.70000 4.79100000 314.03000 42.11000 12.00100 58.55900
11 10 20 13 44 9581.50000 4.79100000 314.03000 42.11000 11.99100 58.55900
11 10 20 13 45 9581.50000 4.84400000 314.03000 42.11000 11.99100 58.55900
11 10 20 13 45 9585.60000 4.84400000 314.03000 42.11000 11.99100 58.55900
11 10 20 13 46 9585.70000 4.84400000 314.03000 42.11000 11.99100 58.55900
11 10 20 13 46 9589.50000 4.84400000 314.03000 42.04000 11.99100 58.55900
11 10 20 13 47 9588.80000 4.84400000 314.03000 42.04000 11.99100 58.55900
11 10 20 13 47 9588.50000 4.84400000 314.03000 42.04000 11.99100 58.55900
11 10 20 13 47 9586.00000 4.84400000 314.03000 42.04000 11.99100 58.55900
11 10 20 13 48 9585.10000 4.84400000 314.03000 42.04000 12.03000 58.55900
11 10 20 13 48 9584.20000 4.84400000 314.03000 42.04000 12.03000 58.55900
11 10 20 13 49 9584.20000 4.79300000 314.03000 42.04000 12.03000 58.55900
11 10 20 13 49 9585.90000 4.79300000 314.03000 42.04000 12.03000 58.55900
11 10 20 13 50 9584.20000 4.79300000 314.30000 42.04000 12.03000 58.55900
11 10 20 13 50 9584.20000 4.79300000 314.29000 42.03000 12.03000 58.55900
11 10 20 13 50 9585.60000 4.79300000 314.29000 42.07000 12.03000 58.55900
11 10 20 13 51 9585.50000 4.79300000 314.29000 42.07000 12.03000 58.55900
11 10 20 13 51 9585.80000 4.79300000 314.29000 42.02000 12.03000 58.55900
11 10 20 13 52 9585.80000 4.79300000 314.29000 42.02000 12.03000 58.55900
11 10 20 13 52 9585.70000 4.79300000 314.01000 42.02000 12.03000 58.55900
11 10 20 13 53 9586.90000 4.79300000 314.01000 42.02000 12.03000 58.55900
11 10 20 13 53 9586.90000 4.79300000 314.09000 42.02000 12.03000 58.55900
11 10 20 13 53 9589.10000 4.79300000 314.09000 42.02000 12.03000 58.55900
11 10 20 13 54 9590.30000 4.79300000 314.34000 42.02000 12.03000 58.55900
11 10 20 13 54 9590.30000 4.79300000 314.34000 42.02000 12.03000 58.55900
11 10 20 13 55 9590.30000 4.82400000 314.14000 42.02000 12.03000 58.55900
11 10 20 13 55 9588.00000 4.79100000 314.14000 42.02000 12.03000 58.55900
11 10 20 13 55 9586.00000 4.79100000 314.14000 42.02000 12.03000 58.55900
11 10 20 13 56 9586.00000 4.79100000 314.19000 42.02000 12.03000 58.55900
11 10 20 13 56 9585.70000 4.79100000 314.16000 42.02000 12.03000 58.55900
11 10 20 13 57 9585.90000 4.79100000 314.18000 42.02000 12.03000 58.55900
11 10 20 13 57 9584.40000 4.79100000 314.18000 42.04000 12.03000 58.55900
11 10 20 13 58 9586.10000 4.79100000 314.18000 42.04000 12.03000 58.55900
11 10 20 13 58 9585.80000 4.79100000 314.18000 42.04000 12.03000 58.55900
11 10 20 13 58 9585.80000 4.79100000 314.18000 42.04000 12.03000 58.55900
11 10 20 13 59 9584.30000 4.79100000 314.01000 42.04000 12.03000 58.49700
11 10 20 13 59 9584.30000 4.79100000 314.01000 42.04000 12.03000 58.49700
11 10 20 14 00 9587.70000 4.79100000 314.10000 42.04000 12.03000 58.49700
11 10 20 14 00 9587.00000 4.79100000 314.10000 42.04000 12.03000 58.49700
11 10 20 14 01 9585.60000 4.79100000 314.10000 42.04000 12.03000 58.49700
11 10 20 14 01 9587.80000 4.79100000 314.10000 42.04000 12.03000 58.49700
11 10 20 14 01 9587.70000 4.79100000 314.10000 42.04000 12.03000 58.45400
11 10 20 14 02 9593.40000 4.79100000 314.46000 42.05000 12.03600 58.45400
11 10 20 14 02 9593.40000 4.79100000 314.46000 42.05000 12.03600 58.45400
11 10 20 14 03 9595.60000 4.79100000 314.58000 42.05000 12.03600 58.45400
11 10 20 14 03 9599.90000 4.79100000 314.58000 42.05000 12.03600 58.45400
11 10 20 14 04 9599.90000 4.79100000 315.13000 42.05000 12.03600 58.60100
11 10 20 14 04 9599.90000 4.79100000 315.29000 42.05000 12.03600 58.60100
11 10 20 14 04 9600.00000 4.79100000 315.11000 42.05000 12.03600 58.60100
11 10 20 14 05 9599.90000 4.79100000 315.11000 42.05000 12.03600 58.60100
11 10 20 14 05 9600.00000 4.79100000 315.30000 42.05000 12.04900 58.60100
11 10 20 14 06 9600.00000 4.79100000 315.30000 42.05000 12.04900 58.60100
11 10 20 14 06 9600.00000 4.79100000 315.23000 42.05000 12.04900 58.60100
11 10 20 14 07 9599.90000 4.79100000 315.26000 42.05000 12.04900 58.60100
11 10 20 14 07 9599.80000 4.79100000 315.19000 42.05000 12.04900 58.60100
11 10 20 14 07 9599.40000 4.79100000 315.19000 42.05000 12.04900 58.60100
11 10 20 14 08 9599.50000 4.79100000 315.23000 42.05000 12.04900 58.60100
11 10 20 14 08 9599.50000 4.79100000 315.23000 42.05000 12.04900 58.60100
11 10 20 14 09 9599.40000 4.79100000 315.23000 42.05000 12.04900 58.60100
11 10 20 14 09 9599.40000 4.79100000 315.23000 42.17000 12.04900 58.60100
11 10 20 14 10 9599.80000 4.79100000 315.23000 42.18000 12.04900 58.60100
11 10 20 14 10 9599.90000 4.79100000 315.18000 42.21000 12.04900 58.60100
11 10 20 14 10 9599.10000 4.79100000 315.18000 42.21000 12.04900 58.60100
11 10 20 14 11 9600.00000 4.79100000 315.18000 42.21000 12.04900 58.60100
11 10 20 14 11 9600.00000 4.79100000 315.18000 42.21000 12.04900 58.60100
11 10 20 14 12 9600.00000 4.79100000 315.18000 42.21000 12.04900 58.60100
11 10 20 14 12 9600.00000 4.79100000 315.39000 42.21000 12.04900 58.60100
11 10 20 14 13 9600.00000 4.79100000 315.39000 42.21000 12.04900 58.60100
11 10 20 14 13 9599.90000 4.79100000 315.39000 42.21000 12.04900 58.60100
11 10 20 14 13 9599.90000 4.79100000 315.39000 42.21000 12.04900 58.60100
11 10 20 14 14 9599.90000 4.79100000 315.01000 42.21000 12.04900 58.60100
11 10 20 14 14 9600.00000 4.79100000 315.01000 42.21000 12.04900 58.60100
11 10 20 14 15 9600.00000 4.79100000 315.01000 42.21000 12.04900 58.60100
