M=[
23 4 20 06 49 6530.40000 4.91600000 166.09000 38.05000 9.08300 40.94000
23 4 20 06 49 6530.50000 4.91600000 166.09000 38.05000 9.08300 41.05900
23 4 20 06 50 6530.40000 4.91600000 166.21000 38.05000 9.08300 40.94000
23 4 20 06 50 6530.50000 4.91600000 166.10000 38.05000 9.08300 40.94000
23 4 20 06 51 6523.60000 4.91600000 165.82000 38.05000 9.08300 40.94000
23 4 20 06 51 6524.30000 4.91600000 165.82000 38.05000 9.08300 40.94000
23 4 20 06 52 6525.70000 4.91600000 166.32000 38.05000 9.08300 40.94000
23 4 20 06 52 6525.70000 4.91600000 166.07000 38.05000 9.08300 40.94000
23 4 20 06 52 6525.10000 4.91600000 166.07000 38.04000 9.08300 40.94000
23 4 20 06 53 6527.90000 4.91600000 166.21000 38.04000 9.08300 41.05600
23 4 20 06 53 6527.90000 4.91600000 166.26000 38.04000 9.08300 41.05600
23 4 20 06 54 6524.70000 4.91600000 166.11000 38.04000 9.08300 41.05600
23 4 20 06 54 6523.80000 4.91600000 166.11000 38.04000 9.08300 41.05600
23 4 20 06 55 6523.70000 4.91600000 166.14000 38.04000 9.08300 41.05600
23 4 20 06 55 6523.60000 4.91600000 166.03000 38.04000 9.08300 40.93700
23 4 20 06 56 6523.70000 4.91600000 166.12000 38.04000 9.08300 40.93700
23 4 20 06 56 6524.60000 4.91600000 166.13000 38.04000 9.08300 40.93700
23 4 20 06 56 6524.60000 4.91600000 166.13000 38.04000 9.08300 40.93700
23 4 20 06 57 6524.50000 4.91600000 166.04000 38.04000 9.08300 40.93700
23 4 20 06 57 6528.50000 4.91600000 166.06000 38.04000 9.08300 40.93700
23 4 20 06 58 6528.00000 4.91600000 166.00000 38.04000 9.08300 40.93700
23 4 20 06 58 6525.00000 4.91600000 165.81000 38.04000 9.08300 40.93700
23 4 20 06 59 6513.30000 4.91600000 165.50000 38.04000 9.08300 40.93700
23 4 20 06 59 6517.20000 4.91600000 165.56000 38.04000 9.08300 40.93700
23 4 20 07 00 6516.10000 4.91600000 165.50000 38.05000 9.08300 40.93700
23 4 20 07 00 6512.90000 4.91600000 165.18000 38.05000 9.08300 41.05600
23 4 20 07 01 6515.80000 4.91600000 165.48000 38.05000 9.08300 40.93700
23 4 20 07 01 6529.90000 4.91600000 165.62000 38.05000 9.08300 40.93700
23 4 20 07 02 6528.60000 4.91600000 165.88000 38.04000 9.08300 40.93700
23 4 20 07 02 6530.40000 4.91600000 166.12000 38.14000 9.08300 40.93700
23 4 20 07 02 6530.60000 4.91600000 166.19000 38.14000 9.08300 40.93700
23 4 20 07 03 6530.90000 4.91600000 166.28000 38.14000 9.11800 40.93700
23 4 20 07 03 6529.70000 4.91600000 166.27000 38.14000 9.11800 40.93700
23 4 20 07 04 6530.30000 4.91600000 166.35000 38.14000 9.11800 40.93700
23 4 20 07 04 6531.30000 4.91600000 166.44000 38.14000 9.11800 41.05600
23 4 20 07 05 6532.00000 4.91600000 166.44000 38.14000 9.11800 40.93700
23 4 20 07 05 6536.00000 4.91600000 166.41000 38.14000 9.11800 40.93700
23 4 20 07 06 6536.70000 4.91600000 166.45000 38.10000 9.11800 40.93700
23 4 20 07 06 6536.60000 4.91600000 166.53000 38.15000 9.11800 40.93700
23 4 20 07 07 6536.70000 4.91600000 166.45000 38.12000 9.11800 40.93700
23 4 20 07 07 6536.70000 4.91600000 166.57000 38.15000 9.11800 40.93700
23 4 20 07 07 6539.20000 4.91600000 166.55000 38.15000 9.11800 40.93700
23 4 20 07 08 6539.30000 4.91600000 166.61000 38.15000 9.11800 40.93700
23 4 20 07 08 6544.90000 4.91600000 166.63000 38.16000 9.11800 40.93700
23 4 20 07 09 6540.20000 4.91600000 166.57000 38.16000 9.11800 40.93700
23 4 20 07 09 6540.20000 4.91600000 166.48000 38.16000 9.11800 41.05600
23 4 20 07 10 6542.40000 4.91600000 166.45000 38.15000 9.11800 40.93700
23 4 20 07 10 6545.00000 4.91600000 166.56000 38.15000 9.11800 40.94600
23 4 20 07 11 6542.80000 4.91600000 166.46000 38.15000 9.11800 40.94600
23 4 20 07 11 6542.70000 4.91600000 166.47000 38.15000 9.11800 40.94600
23 4 20 07 12 6544.30000 4.91600000 166.46000 38.15000 9.11800 40.94600
23 4 20 07 12 6543.80000 4.91600000 166.53000 38.15000 9.11800 40.94600
23 4 20 07 12 6543.30000 4.91600000 166.57000 38.15000 9.11800 40.94600
23 4 20 07 13 6543.00000 4.91600000 166.68000 38.15000 9.11800 40.94600
23 4 20 07 13 6543.00000 4.91600000 166.68000 38.15000 9.11800 40.93700
23 4 20 07 14 6543.30000 4.91600000 166.59000 38.15000 9.11800 40.93700
23 4 20 07 14 6543.20000 4.91600000 166.59000 38.15000 9.11800 40.93700
23 4 20 07 15 6542.50000 4.91600000 166.69000 38.15000 9.11800 40.93700
23 4 20 07 15 6542.50000 4.91600000 166.60000 38.15000 9.11800 40.93700
23 4 20 07 16 6541.80000 4.91600000 166.60000 38.17000 9.11800 40.93700
23 4 20 07 16 6541.10000 4.91600000 166.53000 38.17000 9.11800 40.93700
23 4 20 07 16 6541.40000 4.91600000 166.60000 38.17000 9.11800 40.93700
23 4 20 07 17 6542.10000 4.91600000 166.61000 38.17000 9.11800 40.93700
23 4 20 07 17 6542.10000 4.91600000 166.75000 38.21000 9.11800 40.93700
23 4 20 07 18 6544.00000 4.91600000 166.74000 38.21000 9.11800 40.93700
23 4 20 07 18 6545.00000 4.93000000 166.74000 38.21000 9.11800 40.93700
23 4 20 07 19 6544.90000 4.93000000 166.74000 38.21000 9.09000 40.93700
23 4 20 07 19 6544.90000 4.93000000 166.73000 38.21000 9.09000 40.93700
23 4 20 07 20 6544.90000 4.93000000 166.80000 38.22000 9.09000 40.87400
23 4 20 07 20 6544.90000 4.93000000 167.11000 38.22000 9.09000 40.87400
23 4 20 07 20 6545.40000 4.93000000 167.13000 38.22000 9.09000 40.93700
23 4 20 07 21 6545.00000 4.93000000 167.25000 38.28000 9.09000 40.87400
23 4 20 07 21 6551.70000 4.93000000 167.25000 38.29000 9.09000 40.87400
23 4 20 07 22 6551.60000 4.93000000 167.26000 38.29000 9.09000 40.93700
23 4 20 07 22 6554.60000 4.93000000 167.36000 38.21000 9.09000 40.87400
23 4 20 07 23 6554.90000 4.94200000 167.39000 38.21000 9.09000 40.87400
23 4 20 07 23 6555.30000 4.94200000 167.27000 38.35000 9.09000 40.93700
23 4 20 07 24 6554.40000 4.94200000 167.31000 38.33000 9.09000 40.87400
23 4 20 07 24 6554.50000 4.94200000 167.28000 38.35000 9.09000 40.87400
23 4 20 07 25 6554.50000 4.94200000 167.36000 38.35000 9.08300 40.93700
23 4 20 07 25 6554.40000 4.94200000 167.27000 38.35000 9.11800 40.87400
23 4 20 07 25 6558.60000 4.94200000 167.33000 38.31000 9.09000 40.87400
23 4 20 07 26 6556.80000 4.93000000 167.32000 38.31000 9.09000 40.87400
23 4 20 07 26 6557.90000 4.94200000 167.28000 38.31000 9.09000 40.87400
23 4 20 07 27 6561.50000 4.94200000 167.33000 38.31000 9.11800 40.87400
23 4 20 07 27 6561.70000 4.94200000 167.33000 38.31000 9.09000 41.14600
23 4 20 07 28 6564.70000 4.94200000 167.41000 38.36000 9.09000 41.14600
23 4 20 07 28 6564.20000 4.94200000 167.41000 38.36000 9.09000 41.14600
23 4 20 07 29 6563.90000 4.94200000 167.41000 38.36000 9.09000 41.14600
23 4 20 07 29 6565.00000 4.94200000 167.42000 38.36000 9.11800 41.14600
23 4 20 07 29 6565.00000 4.94200000 167.42000 38.36000 9.09000 41.14600
23 4 20 07 30 6566.60000 4.93000000 167.41000 38.33000 9.09000 41.14600
23 4 20 07 30 6566.70000 4.94200000 167.41000 38.33000 9.09000 41.14600
23 4 20 07 31 6566.70000 4.94200000 167.41000 38.33000 9.09000 41.14600
23 4 20 07 31 6566.60000 4.94200000 167.28000 38.33000 9.09000 41.14600
23 4 20 07 32 6565.30000 4.94200000 167.28000 38.33000 9.08300 41.06100
23 4 20 07 32 6565.10000 4.94200000 167.29000 38.33000 9.09000 41.06100
23 4 20 07 33 6565.10000 4.94200000 167.27000 38.33000 9.09000 41.06100
23 4 20 07 33 6565.30000 4.94200000 167.31000 38.33000 9.09000 41.06100
23 4 20 07 33 6565.30000 4.94200000 167.28000 38.33000 9.09000 41.06100
23 4 20 07 34 6556.10000 4.94200000 167.04000 38.33000 9.09000 41.06100
23 4 20 07 34 6558.10000 4.94200000 167.20000 38.33000 9.09000 41.06100
23 4 20 07 35 6560.90000 4.94200000 166.88000 38.33000 9.09000 41.06100
23 4 20 07 35 6559.80000 4.94200000 166.87000 38.33000 9.09000 41.06100
23 4 20 07 36 6564.90000 4.94200000 166.79000 38.33000 9.09000 41.06100
23 4 20 07 36 6555.50000 4.94200000 166.80000 38.33000 9.09000 41.06100
23 4 20 07 37 6555.50000 4.94200000 166.80000 38.33000 9.09000 41.06100
23 4 20 07 37 6557.90000 4.94200000 166.80000 38.33000 9.09000 41.06100
23 4 20 07 38 6560.60000 4.94200000 166.80000 38.33000 9.09000 41.06100
23 4 20 07 38 6560.60000 4.94200000 167.02000 38.31000 9.09000 41.06100
23 4 20 07 38 6560.50000 4.94200000 167.18000 38.31000 9.09000 41.06100
