M=[
 1 2 21 20 06 28196.10000 6.17200000 1108.99000 109.24000 16.70100 72.00900
 1 2 21 20 07 28194.10000 6.17200000 1108.99000 109.19000 16.70100 72.00900
 1 2 21 20 07 28194.90000 6.17200000 1109.69000 109.27000 16.70100 72.00900
 1 2 21 20 08 28189.90000 6.17200000 1109.77000 109.24000 16.70100 72.02100
 1 2 21 20 08 28194.40000 6.17200000 1109.78000 109.27000 16.89200 72.02100
 1 2 21 20 09 28194.80000 6.17200000 1109.78000 109.25000 16.89200 72.02100
 1 2 21 20 09 28142.20000 6.17200000 1109.79000 109.20000 16.89200 72.02400
 1 2 21 20 09 28135.50000 6.17200000 1109.26000 109.21000 16.89200 72.02400
 1 2 21 20 10 28116.30000 6.17600000 1107.18000 109.02000 16.89200 72.02400
 1 2 21 20 10 28148.90000 6.17600000 1107.89000 109.02000 16.78400 72.02400
 1 2 21 20 11 28165.60000 6.17600000 1108.28000 109.02000 16.80800 72.02400
 1 2 21 20 11 28182.00000 6.17600000 1108.93000 109.21000 16.80800 72.02800
 1 2 21 20 12 28192.70000 6.17600000 1109.61000 109.29000 16.80800 72.02800
 1 2 21 20 12 28176.20000 6.17500000 1109.78000 109.26000 16.70000 72.02800
 1 2 21 20 12 28164.90000 6.17500000 1109.79000 109.26000 16.70000 72.02800
 1 2 21 20 13 28147.20000 6.17500000 1109.79000 109.21000 16.70000 72.02800
 1 2 21 20 13 28134.90000 6.16300000 1110.00000 109.09000 16.80700 72.02800
 1 2 21 20 14 28137.30000 6.17600000 1109.99000 109.04000 16.80700 72.02800
 1 2 21 20 14 28145.60000 6.17100000 1109.99000 109.04000 16.80700 72.02800
 1 2 21 20 15 28147.00000 6.17100000 1109.99000 109.04000 16.80700 72.02800
 1 2 21 20 15 28191.90000 6.17100000 1109.99000 109.10000 16.80700 72.02800
 1 2 21 20 15 28176.70000 6.17100000 1110.00000 109.18000 16.80700 71.85600
 1 2 21 20 16 28182.40000 6.20200000 1110.00000 109.22000 16.80700 71.80700
 1 2 21 20 16 28180.60000 6.20200000 1110.00000 109.18000 16.80700 71.80700
 1 2 21 20 17 28134.20000 6.20200000 1108.58000 109.12000 16.80700 71.80700
 1 2 21 20 17 28140.30000 6.20200000 1108.65000 109.04000 16.80700 71.80700
 1 2 21 20 18 28153.70000 6.20200000 1109.22000 109.09000 16.80700 71.80700
 1 2 21 20 18 28184.70000 6.20200000 1109.65000 109.22000 16.80700 71.80700
 1 2 21 20 18 28191.10000 6.20200000 1109.71000 109.23000 16.72600 71.80700
 1 2 21 20 19 28191.90000 6.20200000 1109.43000 109.23000 16.72600 71.76800
 1 2 21 20 19 28191.80000 6.20200000 1109.97000 109.23000 16.72600 71.76800
 1 2 21 20 20 28181.30000 6.18900000 1109.98000 109.19000 16.72600 71.76300
 1 2 21 20 20 28194.00000 6.18900000 1110.00000 109.09000 16.72600 71.76300
 1 2 21 20 21 28186.10000 6.18900000 1109.80000 109.09000 16.72600 71.76300
 1 2 21 20 21 28188.20000 6.18900000 1109.13000 109.09000 16.72600 71.76300
 1 2 21 20 21 28184.00000 6.18900000 1109.10000 109.18000 16.72600 71.76300
 1 2 21 20 22 28184.20000 6.18900000 1109.39000 109.21000 16.72600 71.76300
 1 2 21 20 22 28160.10000 6.18600000 1109.02000 109.15000 16.72600 71.76300
 1 2 21 20 23 28150.80000 6.18600000 1108.25000 109.13000 16.72600 71.76300
 1 2 21 20 23 28150.00000 6.18600000 1108.01000 109.09000 16.72600 71.76300
 1 2 21 20 24 28150.00000 6.18600000 1108.16000 109.09000 16.72600 71.76300
 1 2 21 20 24 28150.20000 6.16000000 1108.25000 109.09000 16.80600 71.76300
 1 2 21 20 24 28150.10000 6.20300000 1108.03000 108.99000 16.80600 71.76300
 1 2 21 20 25 28150.20000 6.20300000 1108.09000 108.99000 16.80600 71.76300
 1 2 21 20 25 28150.00000 6.20300000 1108.03000 109.00000 16.80600 71.76300
 1 2 21 20 26 28150.10000 6.20300000 1107.99000 108.85000 16.80600 71.76300
 1 2 21 20 26 28150.00000 6.20300000 1108.00000 109.00000 16.80600 71.76300
 1 2 21 20 27 28150.10000 6.18200000 1108.45000 109.03000 16.80600 71.76300
 1 2 21 20 27 28126.10000 6.18200000 1108.00000 109.02000 16.80600 71.72800
 1 2 21 20 27 28125.10000 6.18200000 1107.96000 109.00000 16.80600 71.83300
 1 2 21 20 28 28126.60000 6.18200000 1108.00000 109.01000 16.80600 71.83300
 1 2 21 20 28 28125.10000 6.18300000 1107.96000 109.02000 16.80600 71.83300
 1 2 21 20 29 28116.40000 6.18300000 1107.95000 109.04000 16.80600 71.83300
 1 2 21 20 29 28144.00000 6.17100000 1107.96000 108.97000 16.80600 71.83300
 1 2 21 20 30 28124.00000 6.17100000 1107.72000 108.91000 16.80600 71.83300
 1 2 21 20 30 28122.30000 6.17100000 1107.72000 108.91000 16.80600 71.83300
 1 2 21 20 30 28110.10000 6.17800000 1107.56000 108.91000 16.80600 71.83300
 1 2 21 20 31 28089.10000 6.17800000 1107.59000 108.90000 16.79400 71.83300
 1 2 21 20 31 28089.00000 6.18100000 1107.56000 108.90000 16.72600 71.83300
 1 2 21 20 32 28078.50000 6.18100000 1107.64000 108.90000 16.72600 71.83300
 1 2 21 20 32 28081.50000 6.18100000 1107.54000 108.90000 16.72600 71.83300
 1 2 21 20 33 28085.20000 6.18100000 1107.16000 108.90000 16.70000 71.83300
 1 2 21 20 33 28081.50000 6.18100000 1107.15000 108.90000 16.70000 71.83300
 1 2 21 20 33 28088.70000 6.18100000 1107.16000 108.93000 16.70000 71.83300
 1 2 21 20 34 28103.70000 6.18800000 1107.16000 108.93000 16.70000 71.83300
 1 2 21 20 34 28092.30000 6.18800000 1107.16000 108.98000 16.70000 71.83300
 1 2 21 20 35 28103.00000 6.18800000 1107.15000 108.91000 16.70000 71.83300
 1 2 21 20 35 28092.30000 6.18800000 1107.15000 108.95000 16.70000 71.83300
 1 2 21 20 36 28092.30000 6.19200000 1107.11000 108.95000 16.70000 71.83300
 1 2 21 20 36 28092.30000 6.19200000 1106.43000 108.95000 16.70000 71.83300
 1 2 21 20 36 28091.90000 6.19200000 1106.91000 108.94000 16.70000 71.83300
 1 2 21 20 37 28091.50000 6.19200000 1106.79000 108.94000 16.70000 71.83300
 1 2 21 20 37 28091.50000 6.19200000 1106.86000 108.94000 16.70000 71.83300
 1 2 21 20 38 28080.00000 6.19200000 1106.48000 108.94000 16.70000 71.83300
 1 2 21 20 38 28021.50000 6.19200000 1105.86000 108.73000 16.70000 71.83300
 1 2 21 20 39 28021.60000 6.19200000 1105.97000 108.70000 16.70000 71.81900
 1 2 21 20 39 28047.70000 6.19200000 1106.14000 108.80000 16.70000 71.81900
 1 2 21 20 39 28064.40000 6.19200000 1106.98000 108.80000 16.70000 71.81900
 1 2 21 20 40 28089.90000 6.19200000 1107.00000 108.85000 16.70000 71.81900
 1 2 21 20 40 28091.10000 6.18200000 1107.52000 108.85000 16.70000 71.81900
 1 2 21 20 41 28053.90000 6.18200000 1107.04000 108.86000 16.70000 71.81900
 1 2 21 20 41 28031.00000 6.16300000 1107.03000 108.67000 16.70000 71.81900
 1 2 21 20 42 28031.20000 6.16300000 1106.80000 108.67000 16.70000 71.72400
 1 2 21 20 42 28037.80000 6.18300000 1106.83000 108.67000 16.70000 71.72400
 1 2 21 20 42 28034.20000 6.18300000 1107.22000 108.68000 16.70000 71.72400
 1 2 21 20 43 28034.70000 6.18300000 1107.23000 108.70000 16.70000 71.72400
 1 2 21 20 43 28040.00000 6.18300000 1107.80000 108.73000 16.70000 71.72400
 1 2 21 20 44 28039.90000 6.18300000 1107.32000 108.79000 16.70000 71.72500
 1 2 21 20 44 28039.90000 6.18300000 1107.33000 108.70000 16.70000 71.72500
 1 2 21 20 45 28040.00000 6.18300000 1107.41000 108.70000 16.70000 71.72500
 1 2 21 20 45 28031.10000 6.18300000 1107.41000 108.81000 16.70000 71.67200
 1 2 21 20 45 28022.60000 6.18300000 1107.27000 108.81000 16.70000 71.67200
 1 2 21 20 46 28001.00000 6.18300000 1106.00000 108.78000 16.70000 71.67200
 1 2 21 20 46 28011.80000 6.18300000 1105.87000 108.69000 16.70000 71.67200
 1 2 21 20 47 28003.30000 6.18300000 1105.48000 108.69000 16.70000 71.67200
 1 2 21 20 47 28003.50000 6.18300000 1105.46000 108.72000 16.70000 71.67200
 1 2 21 20 48 28010.00000 6.18300000 1106.00000 108.72000 16.70000 71.67200
 1 2 21 20 48 28027.10000 6.18300000 1105.98000 108.70000 16.70000 71.67200
 1 2 21 20 48 28038.40000 6.18300000 1106.00000 108.76000 16.70000 71.67200
 1 2 21 20 49 28029.20000 6.18300000 1105.95000 108.76000 16.70000 71.67200
 1 2 21 20 49 28044.30000 6.18300000 1105.89000 108.76000 16.70000 71.67200
 1 2 21 20 50 28050.00000 6.18300000 1105.89000 108.76000 16.70000 71.67200
 1 2 21 20 50 28057.90000 6.18300000 1105.89000 108.76000 16.70000 71.67200
 1 2 21 20 51 28073.40000 6.18300000 1105.99000 108.81000 16.70000 71.67200
 1 2 21 20 51 28073.90000 6.18300000 1106.30000 108.81000 16.70000 71.67200
