M=[
 3 4 21 21 42 49597.80000 11.88200000 1758.74000 172.80000 32.22900 147.21400
 3 4 21 21 43 49597.90000 11.88200000 1756.55000 172.80000 32.22900 147.21400
 3 4 21 21 43 49529.70000 11.88200000 1755.00000 172.41000 32.22900 146.76200
 3 4 21 21 43 49553.60000 11.88200000 1753.83000 172.16000 32.02700 146.76200
 3 4 21 21 44 49507.20000 11.88200000 1750.15000 172.56000 32.02700 146.76200
 3 4 21 21 44 49500.00000 11.88200000 1750.68000 172.03000 32.02700 146.76200
 3 4 21 21 45 49532.80000 11.88200000 1753.35000 172.03000 32.02700 146.34500
 3 4 21 21 45 49498.30000 11.88200000 1752.44000 172.03000 32.02700 146.34500
 3 4 21 21 46 49405.40000 11.88200000 1748.91000 171.61000 32.02700 146.34500
 3 4 21 21 46 49404.50000 11.74700000 1747.01000 171.61000 32.02700 146.14600
 3 4 21 21 46 49441.40000 11.74700000 1751.55000 171.61000 32.02700 146.14600
 3 4 21 21 47 49424.80000 11.74700000 1744.57000 171.60000 32.02700 146.14600
 3 4 21 21 47 49380.80000 11.74000000 1744.00000 171.27000 32.02700 145.79600
 3 4 21 21 48 49384.70000 11.74000000 1743.83000 171.36000 32.02700 145.35800
 3 4 21 21 48 49362.10000 11.74000000 1740.00000 171.15000 32.02700 145.35800
 3 4 21 21 49 49346.50000 11.74000000 1736.86000 171.15000 32.02700 145.35800
 3 4 21 21 49 49350.00000 11.74000000 1740.16000 171.51000 32.02700 145.35800
 3 4 21 21 49 49370.10000 11.74000000 1738.16000 171.51000 31.76400 145.19100
 3 4 21 21 50 49383.10000 11.74000000 1737.72000 171.04000 31.80500 145.19100
 3 4 21 21 50 49373.10000 11.74000000 1740.00000 171.41000 31.80500 145.19100
 3 4 21 21 51 49383.10000 11.74000000 1740.00000 171.33000 31.80500 145.19100
 3 4 21 21 51 49355.80000 11.74000000 1739.99000 171.09000 31.80500 145.19100
 3 4 21 21 52 49354.60000 11.74000000 1737.99000 171.02000 31.80500 145.19100
 3 4 21 21 52 49340.10000 11.74000000 1735.84000 170.97000 31.80500 145.19100
 3 4 21 21 52 49250.10000 11.70100000 1733.64000 170.74000 31.50100 144.56500
 3 4 21 21 53 49172.60000 11.62500000 1730.58000 168.75000 31.50100 143.78200
 3 4 21 21 53 49141.20000 11.66700000 1733.42000 168.70000 31.50100 143.78200
 3 4 21 21 54 49268.70000 11.66700000 1735.89000 169.47000 31.50100 144.29800
 3 4 21 21 54 49240.70000 11.66700000 1736.86000 169.53000 31.50100 144.29800
 3 4 21 21 55 49113.00000 11.66700000 1733.00000 169.14000 31.65000 144.41700
 3 4 21 21 55 49150.40000 11.66700000 1732.58000 169.40000 31.63200 144.41700
 3 4 21 21 55 49187.50000 11.66700000 1732.01000 169.62000 31.63200 144.41700
 3 4 21 21 56 49131.30000 11.66700000 1730.58000 169.41000 31.63200 144.07600
 3 4 21 21 56 49145.70000 11.66700000 1732.21000 169.39000 31.63200 144.07600
 3 4 21 21 57 49250.00000 11.66700000 1739.12000 170.01000 31.52700 144.07600
 3 4 21 21 57 49201.50000 11.66700000 1735.26000 169.67000 31.52700 144.07600
 3 4 21 21 58 49218.10000 11.66700000 1737.35000 169.70000 31.52700 144.25100
 3 4 21 21 58 49182.50000 11.66700000 1737.47000 169.74000 31.52700 144.25100
 3 4 21 21 58 49190.00000 11.66700000 1735.87000 169.55000 31.52700 144.19400
 3 4 21 21 59 49190.00000 11.68000000 1734.66000 169.70000 31.51700 144.19400
 3 4 21 21 59 49199.30000 11.68000000 1735.00000 169.70000 31.51700 144.19400
 3 4 21 22 00 49113.10000 11.68000000 1732.00000 169.25000 31.51700 144.19400
 3 4 21 22 00 49113.00000 11.68000000 1732.71000 169.11000 31.51700 144.19400
 3 4 21 22 01 49113.00000 11.68000000 1730.02000 168.90000 31.51700 144.19400
 3 4 21 22 01 49100.00000 11.68000000 1726.17000 168.62000 31.51700 143.77900
 3 4 21 22 01 49095.80000 11.68000000 1725.08000 168.02000 31.51700 143.77900
 3 4 21 22 02 49067.00000 11.58300000 1725.70000 167.90000 31.51700 143.48500
 3 4 21 22 02 49089.80000 11.58300000 1724.66000 168.28000 31.26000 143.48500
 3 4 21 22 03 49089.00000 11.62000000 1725.01000 168.11000 31.26000 143.48500
 3 4 21 22 03 49064.40000 11.59300000 1719.71000 167.77000 31.43800 143.38000
 3 4 21 22 04 49005.20000 11.59300000 1718.24000 167.53000 31.43800 143.21500
 3 4 21 22 04 49000.00000 11.59300000 1716.50000 167.16000 31.43800 143.21500
 3 4 21 22 04 49062.00000 11.59300000 1721.50000 168.18000 31.43800 143.67400
 3 4 21 22 05 48999.40000 11.59300000 1719.22000 168.19000 31.43800 143.67400
 3 4 21 22 05 49000.00000 11.59300000 1722.89000 168.71000 31.43800 143.67400
 3 4 21 22 06 49077.50000 11.59300000 1727.26000 169.34000 31.43800 143.23500
 3 4 21 22 06 49060.00000 11.59300000 1727.95000 169.06000 31.32300 143.23500
 3 4 21 22 07 49040.50000 11.59300000 1725.76000 169.22000 31.32300 143.23500
 3 4 21 22 07 49010.90000 11.59300000 1723.81000 168.87000 31.32300 143.23500
 3 4 21 22 07 48978.20000 11.59300000 1722.00000 168.84000 31.32300 143.47800
 3 4 21 22 08 48985.90000 11.61500000 1723.09000 168.90000 31.32300 143.47800
 3 4 21 22 08 48980.00000 11.61500000 1723.86000 168.90000 31.32300 143.47800
 3 4 21 22 09 48980.00000 11.61500000 1727.82000 169.19000 31.32300 143.47800
 3 4 21 22 09 48979.90000 11.61500000 1726.46000 169.27000 31.32300 143.47800
 3 4 21 22 10 49012.00000 11.61500000 1727.22000 169.27000 31.32300 143.47800
 3 4 21 22 10 49050.20000 11.61500000 1729.38000 169.40000 31.32300 143.47800
 3 4 21 22 10 49092.60000 11.66800000 1731.41000 169.74000 31.32300 143.47800
 3 4 21 22 11 49096.90000 11.66800000 1730.78000 169.53000 31.32300 143.47800
 3 4 21 22 11 49129.30000 11.66800000 1732.07000 169.78000 31.32300 143.47800
 3 4 21 22 12 49131.40000 11.68100000 1732.97000 169.89000 31.32300 143.47800
 3 4 21 22 12 49131.40000 11.68100000 1733.32000 169.86000 31.32300 143.47800
 3 4 21 22 13 49120.10000 11.70500000 1733.32000 169.86000 31.32300 143.47800
 3 4 21 22 13 49123.80000 11.70500000 1733.32000 169.97000 31.32300 143.83700
 3 4 21 22 13 49135.60000 11.70500000 1736.48000 170.00000 31.74000 143.83700
 3 4 21 22 14 49163.20000 11.70500000 1741.80000 170.07000 31.74000 143.83700
 3 4 21 22 14 49160.10000 11.70500000 1741.66000 170.08000 31.74000 143.83700
 3 4 21 22 15 49152.90000 11.70500000 1741.66000 170.10000 31.74000 143.83700
 3 4 21 22 15 49127.60000 11.70500000 1739.52000 170.10000 31.74000 143.85700
 3 4 21 22 16 49127.60000 11.70500000 1735.63000 170.10000 31.74000 143.85700
 3 4 21 22 16 49127.60000 11.73700000 1737.85000 169.74000 31.74000 143.85700
 3 4 21 22 16 49127.60000 11.73700000 1738.63000 169.84000 31.74000 143.85700
 3 4 21 22 17 49123.10000 11.73700000 1740.25000 169.98000 31.74000 143.85700
 3 4 21 22 17 49123.20000 11.73700000 1742.53000 170.10000 31.74000 143.85700
 3 4 21 22 18 49127.50000 11.73700000 1743.58000 170.33000 31.74000 143.83500
 3 4 21 22 18 49127.50000 11.73700000 1745.18000 170.40000 31.74000 143.83500
 3 4 21 22 19 49239.20000 11.73700000 1746.78000 170.54000 31.74000 143.83500
 3 4 21 22 19 49237.80000 11.73700000 1748.40000 170.79000 31.90200 144.08500
 3 4 21 22 19 49287.40000 11.73700000 1747.99000 170.79000 31.89200 144.08500
 3 4 21 22 20 49289.90000 11.73700000 1747.13000 170.96000 31.87800 144.08500
 3 4 21 22 20 49274.50000 11.73700000 1745.92000 170.85000 31.87800 144.08500
 3 4 21 22 21 49273.10000 11.73700000 1747.36000 170.97000 31.87800 144.08500
 3 4 21 22 21 49262.90000 11.73700000 1747.35000 170.99000 31.91700 144.08500
 3 4 21 22 22 49275.90000 11.73700000 1747.78000 171.10000 31.91700 144.41900
 3 4 21 22 22 49282.80000 11.73700000 1747.78000 170.99000 31.91700 144.41900
 3 4 21 22 22 49289.60000 11.73700000 1747.21000 171.00000 31.91700 144.41900
 3 4 21 22 23 49275.80000 11.73700000 1746.50000 170.96000 31.74200 144.41900
 3 4 21 22 23 49218.70000 11.73700000 1744.93000 170.92000 31.74200 144.41900
 3 4 21 22 24 49195.30000 11.73700000 1738.76000 170.39000 31.74200 144.41900
 3 4 21 22 24 49216.30000 11.73700000 1743.49000 170.59000 31.74200 144.41900
 3 4 21 22 25 49204.60000 11.73700000 1745.07000 170.59000 31.78100 144.41900
 3 4 21 22 25 49199.90000 11.73700000 1741.00000 170.59000 31.78100 144.41900
 3 4 21 22 25 49161.50000 11.73700000 1740.17000 170.39000 31.78100 144.41900
