M=[
12 10 20 18 02 9774.70000 4.86700000 328.01000 43.34000 12.26700 63.47200
12 10 20 18 03 9775.40000 4.86700000 328.08000 43.34000 12.26700 63.47200
12 10 20 18 03 9776.90000 4.86700000 328.10000 43.37000 12.26700 63.47200
12 10 20 18 04 9776.80000 4.86700000 328.29000 43.38000 12.26700 63.47200
12 10 20 18 04 9779.40000 4.86700000 328.59000 43.38000 12.26700 63.47200
12 10 20 18 04 9780.00000 4.86700000 328.59000 43.38000 12.26700 63.47200
12 10 20 18 05 9779.20000 4.86700000 328.59000 43.38000 12.26700 63.47200
12 10 20 18 05 9779.20000 4.86700000 328.59000 43.38000 12.26700 63.47200
12 10 20 18 06 9780.00000 4.86700000 328.68000 43.38000 12.26700 63.47200
12 10 20 18 06 9780.00000 4.86700000 328.70000 43.38000 12.26700 63.47200
12 10 20 18 07 9779.90000 4.86700000 328.86000 43.35000 12.26700 63.47200
12 10 20 18 07 9780.80000 4.86700000 328.70000 43.35000 12.26700 63.47200
12 10 20 18 07 9780.80000 4.86700000 328.73000 43.35000 12.26700 63.47200
12 10 20 18 08 9779.30000 4.86700000 328.82000 43.35000 12.26700 63.47200
12 10 20 18 08 9779.20000 4.86700000 328.76000 43.35000 12.26700 63.47200
12 10 20 18 09 9779.20000 4.86700000 328.48000 43.32000 12.26700 63.47200
12 10 20 18 09 9776.50000 4.86700000 328.27000 43.29000 12.26700 63.47200
12 10 20 18 10 9774.10000 4.88000000 328.17000 43.28000 12.26700 63.39000
12 10 20 18 10 9774.20000 4.88000000 328.30000 43.28000 12.26700 63.39000
12 10 20 18 10 9772.90000 4.88000000 328.33000 43.30000 12.26700 63.39000
12 10 20 18 11 9773.30000 4.88000000 328.44000 43.29000 12.26700 63.39000
12 10 20 18 11 9773.30000 4.88000000 328.51000 43.28000 12.26700 63.39000
12 10 20 18 12 9773.30000 4.88000000 328.51000 43.28000 12.26700 63.39000
12 10 20 18 12 9773.30000 4.88000000 328.49000 43.30000 12.26700 63.39000
12 10 20 18 13 9773.40000 4.88000000 328.49000 43.30000 12.26700 63.39000
12 10 20 18 13 9773.30000 4.88000000 328.83000 43.30000 12.26700 63.39000
12 10 20 18 13 9773.40000 4.88000000 328.83000 43.30000 12.26700 63.39000
12 10 20 18 14 9773.40000 4.88000000 328.36000 43.30000 12.26700 63.39000
12 10 20 18 14 9773.40000 4.88000000 328.32000 43.30000 12.26700 63.39000
12 10 20 18 15 9773.40000 4.88000000 328.32000 43.30000 12.26700 63.39000
12 10 20 18 15 9771.90000 4.88000000 328.27000 43.30000 12.26700 63.39000
12 10 20 18 16 9771.10000 4.88000000 328.12000 43.24000 12.26700 63.39000
12 10 20 18 16 9771.00000 4.88000000 328.02000 43.24000 12.26700 63.39000
12 10 20 18 16 9770.60000 4.88000000 328.02000 43.23000 12.26700 63.27700
12 10 20 18 17 9770.70000 4.88000000 328.02000 43.26000 12.26700 63.27700
12 10 20 18 17 9770.20000 4.88000000 328.01000 43.26000 12.26700 63.27700
12 10 20 18 18 9769.60000 4.88000000 328.01000 43.26000 12.26700 63.27700
12 10 20 18 18 9769.70000 4.88000000 328.01000 43.27000 12.26700 63.27700
12 10 20 18 19 9769.70000 4.88000000 328.01000 43.27000 12.26700 63.27700
12 10 20 18 19 9773.40000 4.88000000 328.10000 43.27000 12.26700 63.27700
12 10 20 18 19 9773.40000 4.88000000 328.27000 43.29000 12.26700 63.27700
12 10 20 18 20 9765.70000 4.88000000 328.27000 43.22000 12.26700 63.27700
12 10 20 18 20 9769.20000 4.88000000 327.98000 43.22000 12.26700 63.27700
12 10 20 18 21 9768.80000 4.88000000 327.88000 43.22000 12.26700 63.27700
12 10 20 18 21 9767.60000 4.88000000 327.90000 43.22000 12.26700 63.27700
12 10 20 18 22 9768.50000 4.88000000 327.90000 43.22000 12.26700 63.27700
12 10 20 18 22 9769.90000 4.88000000 327.97000 43.22000 12.26700 63.27700
12 10 20 18 22 9770.40000 4.88000000 327.97000 43.22000 12.26700 63.27700
12 10 20 18 23 9770.10000 4.88000000 327.97000 43.26000 12.26700 63.27700
12 10 20 18 23 9772.80000 4.88000000 327.99000 43.26000 12.26700 63.27700
12 10 20 18 24 9770.10000 4.88000000 328.00000 43.26000 12.26700 63.27700
12 10 20 18 24 9770.10000 4.88000000 327.99000 43.26000 12.26700 63.27700
12 10 20 18 25 9769.20000 4.88000000 328.00000 43.26000 12.26700 63.27700
12 10 20 18 25 9767.10000 4.88000000 327.99000 43.26000 12.26700 63.27700
12 10 20 18 25 9768.60000 4.88000000 327.99000 43.25000 12.26700 63.27700
12 10 20 18 26 9770.00000 4.88000000 327.99000 43.25000 12.26700 63.27700
12 10 20 18 26 9768.00000 4.88000000 327.81000 43.25000 12.26700 63.27700
12 10 20 18 27 9770.00000 4.88000000 327.99000 43.25000 12.26700 63.27700
12 10 20 18 27 9777.20000 4.88000000 328.00000 43.25000 12.26700 63.27700
12 10 20 18 28 9776.70000 4.88000000 328.37000 43.25000 12.26700 63.21200
12 10 20 18 28 9776.90000 4.88000000 328.37000 43.25000 12.26700 63.21200
12 10 20 18 28 9778.20000 4.88000000 328.39000 43.35000 12.26700 63.21200
12 10 20 18 29 9776.40000 4.88000000 328.39000 43.35000 12.26700 63.21200
12 10 20 18 29 9777.70000 4.88000000 328.39000 43.35000 12.26700 63.21200
12 10 20 18 30 9778.10000 4.88000000 328.64000 43.35000 12.26700 63.21200
12 10 20 18 30 9778.10000 4.88000000 328.64000 43.35000 12.26700 63.21200
12 10 20 18 31 9778.20000 4.88000000 328.64000 43.31000 12.26700 63.21200
12 10 20 18 31 9777.10000 4.88000000 328.55000 43.31000 12.26700 63.34200
12 10 20 18 31 9777.10000 4.88000000 328.43000 43.31000 12.26700 63.34200
12 10 20 18 32 9778.20000 4.88000000 328.46000 43.35000 12.26700 63.20400
12 10 20 18 32 9778.20000 4.88000000 328.69000 43.34000 12.26700 63.20400
12 10 20 18 33 9778.20000 4.88000000 328.70000 43.34000 12.26700 63.20400
12 10 20 18 33 9778.20000 4.88000000 328.69000 43.34000 12.26700 63.20400
12 10 20 18 34 9778.20000 4.88000000 328.69000 43.34000 12.26700 63.20400
12 10 20 18 34 9778.20000 4.88000000 328.69000 43.35000 12.26700 63.20400
12 10 20 18 34 9778.20000 4.88000000 328.70000 43.35000 12.26700 63.20400
12 10 20 18 35 9778.20000 4.88000000 328.69000 43.35000 12.26700 63.20400
12 10 20 18 35 9778.20000 4.88000000 328.69000 43.35000 12.26700 63.20400
12 10 20 18 36 9778.20000 4.88000000 328.69000 43.36000 12.26700 63.20400
12 10 20 18 36 9778.20000 4.88000000 328.69000 43.36000 12.26700 63.20400
12 10 20 18 37 9778.20000 4.88000000 328.69000 43.36000 12.26700 63.20400
12 10 20 18 37 9778.20000 4.88000000 328.69000 43.36000 12.26700 63.20400
12 10 20 18 37 9778.10000 4.85800000 328.73000 43.37000 12.26700 63.20400
12 10 20 18 38 9778.20000 4.85900000 328.57000 43.37000 12.26700 63.20400
12 10 20 18 38 9778.20000 4.85800000 328.57000 43.33000 12.26700 63.20400
12 10 20 18 39 9778.20000 4.85800000 328.58000 43.33000 12.26700 63.20400
12 10 20 18 39 9778.10000 4.85800000 328.62000 43.33000 12.26700 63.25600
12 10 20 18 40 9778.10000 4.85800000 328.69000 43.37000 12.26700 63.25600
12 10 20 18 40 9778.20000 4.85800000 328.83000 43.33000 12.26700 63.25600
12 10 20 18 40 9782.20000 4.85500000 328.83000 43.32000 12.26700 63.25600
12 10 20 18 41 9781.70000 4.84800000 328.76000 43.32000 12.26700 63.25600
12 10 20 18 41 9780.30000 4.85400000 328.76000 43.33000 12.26700 63.25600
12 10 20 18 42 9778.30000 4.84800000 328.82000 43.32000 12.26700 63.25100
12 10 20 18 42 9778.30000 4.84800000 328.82000 43.32000 12.26700 63.25100
12 10 20 18 43 9778.10000 4.84800000 328.82000 43.32000 12.26700 63.25100
12 10 20 18 43 9772.00000 4.84900000 328.65000 43.32000 12.26700 63.25100
12 10 20 18 43 9774.70000 4.84900000 328.65000 43.32000 12.26700 63.25100
12 10 20 18 44 9773.20000 4.84900000 328.83000 43.32000 12.26700 63.25100
12 10 20 18 44 9774.00000 4.84900000 328.83000 43.32000 12.26700 63.25100
12 10 20 18 45 9772.10000 4.84900000 328.82000 43.32000 12.26700 63.25100
12 10 20 18 45 9770.60000 4.84900000 328.71000 43.32000 12.26700 63.25100
12 10 20 18 46 9769.30000 4.85400000 328.59000 43.32000 12.26700 63.33600
12 10 20 18 46 9770.90000 4.85400000 328.54000 43.29000 12.26700 63.33600
12 10 20 18 46 9771.00000 4.85400000 328.54000 43.29000 12.26700 63.33600
12 10 20 18 47 9768.30000 4.85400000 328.68000 43.29000 12.26700 63.33600
12 10 20 18 47 9772.10000 4.85400000 328.68000 43.29000 12.26700 63.33600
12 10 20 18 48 9772.10000 4.85400000 328.59000 43.29000 12.26700 63.17400
12 10 20 18 48 9773.70000 4.84600000 328.66000 43.29000 12.26700 63.17400
