M=[
14 6 20 03 44 8375.50000 5.75400000 211.00000 39.69000 14.46700 46.04800
14 6 20 03 45 8375.30000 5.75400000 211.02000 39.69000 14.46700 46.04800
14 6 20 03 45 8374.50000 5.75400000 211.00000 39.69000 14.46700 46.04800
14 6 20 03 46 8374.50000 5.75400000 211.02000 39.69000 14.45700 46.04800
14 6 20 03 46 8374.50000 5.75400000 211.00000 39.70000 14.46700 46.04800
14 6 20 03 46 8374.50000 5.75400000 211.00000 39.69000 14.46700 46.04800
14 6 20 03 47 8374.40000 5.76900000 211.00000 39.69000 14.46700 46.04800
14 6 20 03 47 8373.60000 5.75400000 211.00000 39.69000 14.46700 46.04800
14 6 20 03 48 8373.60000 5.75400000 211.00000 39.69000 14.46700 46.04800
14 6 20 03 48 8373.60000 5.75400000 211.00000 39.69000 14.46700 46.04800
14 6 20 03 49 8373.50000 5.75400000 211.00000 39.70000 14.46700 46.04800
14 6 20 03 49 8372.90000 5.75400000 211.00000 39.69000 14.46700 46.04800
14 6 20 03 50 8373.10000 5.75400000 211.01000 39.69000 14.46700 46.04800
14 6 20 03 50 8373.00000 5.75400000 211.00000 39.69000 14.46700 46.23700
14 6 20 03 51 8372.00000 5.75400000 211.01000 39.65000 14.46700 46.04800
14 6 20 03 51 8371.70000 5.75400000 211.01000 39.65000 14.46700 46.04800
14 6 20 03 51 8371.70000 5.75400000 211.01000 39.65000 14.46700 46.04800
14 6 20 03 52 8371.70000 5.75400000 211.01000 39.65000 14.45700 46.04800
14 6 20 03 52 8371.70000 5.75400000 211.01000 39.69000 14.46300 46.04800
14 6 20 03 53 8371.70000 5.75400000 211.01000 39.65000 14.46300 46.04800
14 6 20 03 53 8371.70000 5.75400000 211.01000 39.65000 14.46300 46.04800
14 6 20 03 54 8373.00000 5.75400000 211.01000 39.65000 14.46300 46.04800
14 6 20 03 54 8373.00000 5.75400000 211.01000 39.65000 14.46300 46.04800
14 6 20 03 54 8372.30000 5.75400000 211.01000 39.65000 14.46300 46.04800
14 6 20 03 55 8372.30000 5.75400000 211.01000 39.65000 14.46300 46.04800
14 6 20 03 55 8372.20000 5.75400000 211.01000 39.67000 14.46300 46.04800
14 6 20 03 56 8371.60000 5.75400000 211.01000 39.67000 14.46300 46.04800
14 6 20 03 56 8372.10000 5.75400000 211.01000 39.68000 14.46300 46.04800
14 6 20 03 57 8371.80000 5.75400000 211.01000 39.68000 14.46300 46.04800
14 6 20 03 57 8371.60000 5.75400000 211.01000 39.68000 14.46300 46.04800
14 6 20 03 58 8373.90000 5.75400000 211.01000 39.68000 14.49400 46.04800
14 6 20 03 58 8373.90000 5.75400000 211.01000 39.68000 14.49400 46.04800
14 6 20 03 58 8375.10000 5.75400000 211.01000 39.68000 14.49400 46.04800
14 6 20 03 59 8373.90000 5.75400000 211.01000 39.65000 14.49400 46.04800
14 6 20 03 59 8373.90000 5.75400000 211.01000 39.65000 14.49400 46.21700
14 6 20 04 00 8373.90000 5.75400000 211.01000 39.65000 14.49400 46.04800
14 6 20 04 00 8375.40000 5.75400000 211.00000 39.65000 14.49400 45.92600
14 6 20 04 01 8375.40000 5.75400000 211.00000 39.65000 14.49400 45.92600
14 6 20 04 01 8375.50000 5.75400000 211.01000 39.65000 14.49400 45.92600
14 6 20 04 02 8375.50000 5.75400000 211.02000 39.65000 14.49400 45.92600
14 6 20 04 02 8375.50000 5.75400000 211.01000 39.65000 14.46300 45.92600
14 6 20 04 02 8375.50000 5.75400000 211.00000 39.65000 14.49400 45.92600
14 6 20 04 03 8375.50000 5.75400000 211.00000 39.65000 14.49400 46.07900
14 6 20 04 03 8375.50000 5.75400000 211.00000 39.65000 14.49400 45.92600
14 6 20 04 04 8375.50000 5.75400000 211.00000 39.65000 14.49400 45.92600
14 6 20 04 04 8375.50000 5.75400000 211.01000 39.65000 14.49400 45.92600
14 6 20 04 05 8375.50000 5.75400000 211.01000 39.65000 14.47200 45.92600
14 6 20 04 05 8375.50000 5.75400000 211.01000 39.65000 14.47200 45.92600
14 6 20 04 06 8375.50000 5.75400000 211.01000 39.65000 14.45700 45.92600
14 6 20 04 06 8375.50000 5.75400000 211.01000 39.65000 14.47200 45.92600
14 6 20 04 07 8375.50000 5.75400000 211.01000 39.65000 14.47200 45.92600
14 6 20 04 07 8378.60000 5.72000000 211.05000 39.65000 14.47200 45.92600
14 6 20 04 07 8378.60000 5.72000000 211.05000 39.65000 14.47200 45.92600
14 6 20 04 08 8378.60000 5.75400000 211.04000 39.65000 14.47200 46.21700
14 6 20 04 08 8378.60000 5.72000000 211.04000 39.65000 14.47200 45.92600
14 6 20 04 09 8378.60000 5.72000000 211.03000 39.65000 14.47200 45.92600
14 6 20 04 09 8378.60000 5.72000000 211.03000 39.65000 14.45700 46.21700
14 6 20 04 10 8378.60000 5.72000000 211.01000 39.65000 14.47200 45.92600
14 6 20 04 10 8378.60000 5.72000000 211.03000 39.65000 14.47200 45.92600
14 6 20 04 11 8378.60000 5.72000000 211.03000 39.65000 14.47200 45.92600
14 6 20 04 11 8378.60000 5.72000000 211.03000 39.65000 14.47200 45.92600
14 6 20 04 11 8378.50000 5.72000000 211.04000 39.65000 14.47200 46.11200
14 6 20 04 12 8378.60000 5.72000000 211.02000 39.65000 14.49400 46.11200
14 6 20 04 12 8384.10000 5.75400000 211.02000 39.68000 14.45700 46.11200
14 6 20 04 13 8384.10000 5.72000000 211.02000 39.65000 14.47200 46.11200
14 6 20 04 13 8384.10000 5.72000000 211.02000 39.65000 14.47200 46.11200
14 6 20 04 14 8384.10000 5.72000000 211.02000 39.65000 14.47200 46.11200
14 6 20 04 14 8384.10000 5.72000000 211.02000 39.65000 14.47200 46.04800
14 6 20 04 15 8384.10000 5.72000000 211.02000 39.65000 14.47200 46.11200
14 6 20 04 15 8384.10000 5.72000000 211.02000 39.65000 14.47200 46.11200
14 6 20 04 15 8384.10000 5.72000000 211.03000 39.65000 14.47200 46.11200
14 6 20 04 16 8384.10000 5.72000000 211.02000 39.69000 14.47200 46.11200
14 6 20 04 16 8384.10000 5.72000000 211.02000 39.65000 14.47200 46.11200
14 6 20 04 17 8378.50000 5.72000000 211.02000 39.65000 14.47200 46.11200
14 6 20 04 17 8384.10000 5.72000000 211.02000 39.65000 14.47200 46.11200
14 6 20 04 18 8384.10000 5.72000000 211.02000 39.65000 14.47200 46.11200
14 6 20 04 18 8384.10000 5.75400000 211.02000 39.65000 14.47200 46.11200
14 6 20 04 18 8384.10000 5.72000000 211.02000 39.68000 14.47200 46.11200
14 6 20 04 19 8378.60000 5.75400000 211.02000 39.65000 14.47200 46.11200
14 6 20 04 19 8384.10000 5.72000000 211.02000 39.65000 14.47200 46.11200
14 6 20 04 20 8384.10000 5.72000000 211.02000 39.65000 14.47200 46.11200
14 6 20 04 20 8384.10000 5.72000000 211.02000 39.65000 14.47200 46.11200
14 6 20 04 21 8384.10000 5.72000000 211.02000 39.65000 14.47200 46.11200
14 6 20 04 21 8384.10000 5.72000000 211.02000 39.65000 14.47200 46.21700
14 6 20 04 21 8378.60000 5.72000000 211.09000 39.65000 14.35100 46.11200
14 6 20 04 22 8382.90000 5.72000000 211.09000 39.65000 14.31500 46.11200
14 6 20 04 23 8382.80000 5.72000000 211.00000 39.65000 14.31500 46.11200
14 6 20 04 23 8382.80000 5.72000000 211.01000 39.65000 14.21300 46.06600
14 6 20 04 23 8382.80000 5.72000000 211.01000 39.65000 14.20700 46.11200
14 6 20 04 24 8382.80000 5.72000000 211.01000 39.65000 14.20700 46.11200
14 6 20 04 24 8382.90000 5.72000000 211.01000 39.69000 14.19500 46.11200
14 6 20 04 25 8382.80000 5.72000000 211.09000 39.65000 14.20900 46.11200
14 6 20 04 25 8382.80000 5.72000000 211.01000 39.65000 14.12100 46.11200
14 6 20 04 26 8382.90000 5.72000000 211.02000 39.65000 14.12100 46.11200
14 6 20 04 26 8382.80000 5.72000000 211.00000 39.65000 14.12100 46.11200
14 6 20 04 27 8382.90000 5.72000000 211.01000 39.65000 14.12100 46.11200
14 6 20 04 27 8382.80000 5.72000000 211.00000 39.65000 14.20900 46.21700
14 6 20 04 28 8382.80000 5.72000000 211.00000 39.65000 14.12100 46.11200
14 6 20 04 28 8382.80000 5.72000000 210.96000 39.65000 14.12100 46.11200
14 6 20 04 28 8382.80000 5.72000000 210.96000 39.65000 14.12100 46.11200
14 6 20 04 29 8382.80000 5.72000000 210.96000 39.65000 14.12100 46.04800
14 6 20 04 29 8382.80000 5.72000000 210.96000 39.65000 14.17700 46.11200
14 6 20 04 30 8382.80000 5.72000000 210.96000 39.65000 14.17700 46.11200
14 6 20 04 30 8380.90000 5.72000000 210.96000 39.69000 14.17700 46.11200
14 6 20 04 31 8381.00000 5.72000000 210.96000 39.65000 14.17700 46.11200
14 6 20 04 31 8380.90000 5.72000000 210.97000 39.65000 14.17700 46.11200
14 6 20 04 31 8380.90000 5.72000000 210.96000 39.65000 14.17700 46.11200
14 6 20 04 32 8381.00000 5.72000000 210.97000 39.65000 14.17700 46.11200
14 6 20 04 32 8381.00000 5.72000000 210.96000 39.65000 14.17700 46.11200
