M=[
15 6 20 11 40 8128.70000 5.45400000 199.22000 38.06000 13.25000 44.64000
15 6 20 11 41 8125.90000 5.45400000 199.27000 38.06000 13.25000 44.46000
15 6 20 11 41 8122.30000 5.45400000 199.23000 38.05000 13.25000 44.64000
15 6 20 11 42 8124.00000 5.45400000 199.13000 38.05000 13.25500 44.64000
15 6 20 11 42 8125.50000 5.45400000 199.30000 38.09000 13.35900 44.64000
15 6 20 11 43 8123.10000 5.45400000 199.34000 38.06000 13.35900 44.64000
15 6 20 11 43 8123.90000 5.45400000 199.38000 38.09000 13.35900 44.64000
15 6 20 11 43 8125.50000 5.45400000 199.37000 38.09000 13.35900 44.64000
15 6 20 11 44 8123.20000 5.44900000 199.27000 38.09000 13.37400 44.64000
15 6 20 11 44 8124.00000 5.44900000 199.20000 38.05000 13.37400 44.64000
15 6 20 11 45 8120.10000 5.44900000 199.04000 38.05000 13.37400 44.46000
15 6 20 11 45 8117.90000 5.44900000 199.10000 38.09000 13.37400 44.53900
15 6 20 11 46 8117.60000 5.43100000 199.02000 38.09000 13.37400 44.53900
15 6 20 11 46 8117.60000 5.44900000 199.00000 38.07000 13.37400 44.53900
15 6 20 11 47 8115.70000 5.44900000 199.00000 38.07000 13.37400 44.53900
15 6 20 11 47 8114.00000 5.44900000 198.96000 38.04000 13.37400 44.53900
15 6 20 11 48 8114.20000 5.44900000 199.00000 38.04000 13.37400 44.53900
15 6 20 11 48 8112.10000 5.44900000 198.90000 38.03000 13.37400 44.53900
15 6 20 11 49 8110.40000 5.44900000 198.95000 38.03000 13.37400 44.53900
15 6 20 11 49 8109.10000 5.44900000 198.88000 38.03000 13.37400 44.53900
15 6 20 11 49 8110.10000 5.44900000 198.81000 38.03000 13.35900 44.53900
15 6 20 11 50 8108.10000 5.44900000 198.78000 38.03000 13.37400 44.53900
15 6 20 11 50 8108.10000 5.44900000 198.78000 38.03000 13.37400 44.53900
15 6 20 11 51 8108.10000 5.44900000 198.95000 38.03000 13.37400 44.53900
15 6 20 11 51 8109.10000 5.44900000 198.85000 38.03000 13.37400 44.53900
15 6 20 11 52 8111.80000 5.44900000 198.97000 37.97000 13.37400 44.53900
15 6 20 11 52 8115.60000 5.44900000 198.94000 37.97000 13.37400 44.53900
15 6 20 11 53 8115.60000 5.44900000 199.00000 37.97000 13.37400 44.53900
15 6 20 11 53 8117.50000 5.44900000 199.00000 37.97000 13.37400 44.53900
15 6 20 11 54 8119.70000 5.43000000 199.00000 37.97000 13.37400 44.53900
15 6 20 11 54 8121.10000 5.43000000 198.99000 38.02000 13.35900 44.53900
15 6 20 11 55 8123.50000 5.43000000 198.99000 38.02000 13.25000 44.53900
15 6 20 11 55 8127.30000 5.43000000 199.10000 38.02000 13.25000 44.53900
15 6 20 11 55 8124.10000 5.43000000 199.10000 38.02000 13.25000 44.53900
15 6 20 11 56 8123.70000 5.43000000 199.05000 38.07000 13.25000 44.53900
15 6 20 11 57 8119.70000 5.43000000 198.97000 38.07000 13.25000 44.53900
15 6 20 11 57 8120.20000 5.43000000 198.97000 38.07000 13.25400 44.53900
15 6 20 11 57 8119.60000 5.43000000 198.97000 38.07000 13.25400 44.66400
15 6 20 11 58 8119.70000 5.43000000 198.91000 38.07000 13.25400 44.66400
15 6 20 11 58 8119.10000 5.43000000 198.88000 38.07000 13.25400 44.66400
15 6 20 11 59 8119.90000 5.43000000 198.89000 38.07000 13.25400 44.53900
15 6 20 11 59 8115.90000 5.45300000 198.87000 38.07000 13.25400 44.66400
15 6 20 12 00 8116.30000 5.43000000 198.83000 38.05000 13.25400 44.66400
15 6 20 12 00 8117.20000 5.43000000 198.93000 38.05000 13.35900 44.66400
15 6 20 12 01 8118.80000 5.43000000 198.76000 38.05000 13.25400 44.66400
15 6 20 12 01 8119.50000 5.43000000 198.93000 38.04000 13.25400 44.66400
15 6 20 12 02 8119.10000 5.43000000 199.10000 38.04000 13.25400 44.66400
15 6 20 12 02 8119.20000 5.43000000 199.10000 38.04000 13.25000 44.66400
15 6 20 12 03 8119.60000 5.43000000 199.24000 38.02000 13.25400 44.53900
15 6 20 12 03 8123.40000 5.43000000 199.21000 38.04000 13.25400 44.66400
15 6 20 12 04 8120.30000 5.43000000 199.21000 38.02000 13.25400 44.66400
15 6 20 12 04 8124.80000 5.43000000 199.18000 38.05000 13.25400 44.66400
15 6 20 12 04 8122.90000 5.43000000 199.23000 38.05000 13.25400 44.66400
15 6 20 12 05 8124.20000 5.43000000 199.23000 38.12000 13.25400 44.66400
15 6 20 12 05 8124.80000 5.43000000 199.25000 38.12000 13.25400 44.66400
15 6 20 12 06 8124.40000 5.43000000 199.33000 38.14000 13.25400 44.66400
15 6 20 12 06 8126.60000 5.43000000 199.35000 38.14000 13.25400 44.66400
15 6 20 12 07 8125.20000 5.43000000 199.30000 38.15000 13.25000 44.66400
15 6 20 12 07 8124.50000 5.43000000 199.35000 38.15000 13.25400 44.53900
15 6 20 12 08 8120.60000 5.43100000 199.30000 38.12000 13.35900 44.66400
15 6 20 12 08 8120.50000 5.43000000 199.26000 38.12000 13.26400 44.66400
15 6 20 12 09 8119.70000 5.43000000 199.26000 38.12000 13.28100 44.66400
15 6 20 12 09 8118.70000 5.43800000 199.21000 38.12000 13.28100 44.66400
15 6 20 12 09 8116.50000 5.43800000 199.22000 38.12000 13.28100 44.66400
15 6 20 12 10 8115.60000 5.43800000 199.17000 38.15000 13.28100 44.66400
15 6 20 12 10 8113.30000 5.43800000 199.01000 38.12000 13.28100 44.66400
15 6 20 12 11 8112.50000 5.43800000 199.01000 38.12000 13.28100 44.66400
15 6 20 12 11 8112.70000 5.43800000 199.05000 38.09000 13.28100 44.66400
15 6 20 12 12 8112.50000 5.43800000 198.89000 38.09000 13.28100 44.64000
15 6 20 12 12 8112.60000 5.43800000 198.89000 38.08000 13.28100 44.46000
15 6 20 12 13 8112.60000 5.43400000 198.90000 38.08000 13.28100 44.66400
15 6 20 12 13 8112.60000 5.43400000 199.05000 38.08000 13.28100 44.66400
15 6 20 12 14 8112.60000 5.43400000 198.91000 38.08000 13.25400 44.66400
15 6 20 12 14 8112.50000 5.43400000 199.01000 38.08000 13.28100 44.66400
15 6 20 12 15 8104.60000 5.43400000 198.84000 38.08000 13.25400 44.61800
15 6 20 12 15 8104.40000 5.43400000 198.85000 38.08000 13.28100 44.61800
15 6 20 12 16 8104.50000 5.44900000 198.81000 38.08000 13.28100 44.56500
15 6 20 12 16 8104.40000 5.43400000 198.83000 38.05000 13.28100 44.56500
15 6 20 12 17 8111.30000 5.43000000 198.83000 38.05000 13.28100 44.56500
15 6 20 12 17 8114.30000 5.43400000 198.90000 38.07000 13.28100 44.56500
15 6 20 12 18 8115.80000 5.43400000 198.90000 38.07000 13.28100 44.56500
15 6 20 12 18 8113.10000 5.43400000 198.86000 38.07000 13.28100 44.56500
15 6 20 12 18 8113.30000 5.43400000 198.89000 38.05000 13.28100 44.56500
15 6 20 12 19 8113.20000 5.43400000 198.88000 38.07000 13.28100 44.56500
15 6 20 12 19 8113.20000 5.43400000 198.96000 38.03000 13.28100 44.56500
15 6 20 12 20 8111.20000 5.43000000 198.93000 38.07000 13.28100 44.56500
15 6 20 12 20 8115.70000 5.43400000 198.93000 38.07000 13.28100 44.56500
15 6 20 12 21 8117.70000 5.43400000 198.87000 38.07000 13.28100 44.56500
15 6 20 12 21 8119.80000 5.43400000 198.93000 38.07000 13.28100 44.56500
15 6 20 12 22 8117.60000 5.43400000 199.02000 38.07000 13.28100 44.56500
15 6 20 12 22 8116.80000 5.43400000 199.09000 38.07000 13.28100 44.56500
15 6 20 12 23 8115.80000 5.43400000 199.09000 38.07000 13.28100 44.56500
15 6 20 12 23 8115.30000 5.43400000 199.09000 38.07000 13.28100 44.56500
15 6 20 12 24 8114.60000 5.43400000 199.05000 38.07000 13.28100 44.56500
15 6 20 12 24 8109.90000 5.43400000 198.88000 38.07000 13.25400 44.56500
15 6 20 12 24 8109.30000 5.43400000 198.88000 38.07000 13.25400 44.56500
15 6 20 12 25 8105.30000 5.43400000 198.80000 38.07000 13.28100 44.64000
15 6 20 12 25 8105.40000 5.43400000 198.80000 38.07000 13.28100 44.56500
15 6 20 12 26 8106.10000 5.43400000 198.82000 38.07000 13.28100 44.56500
15 6 20 12 26 8105.30000 5.43800000 198.82000 38.07000 13.28100 44.56500
15 6 20 12 27 8105.30000 5.43400000 199.06000 38.07000 13.28100 44.56500
15 6 20 12 27 8105.70000 5.43400000 199.02000 38.07000 13.28100 44.56500
15 6 20 12 28 8108.80000 5.43400000 199.03000 38.07000 13.28100 44.56500
15 6 20 12 28 8108.80000 5.43400000 199.08000 38.07000 13.28100 44.56500
15 6 20 12 29 8108.80000 5.43400000 198.97000 38.05000 13.28100 44.56500
15 6 20 12 29 8108.80000 5.43400000 198.97000 38.05000 13.28100 44.56500
15 6 20 12 30 8108.80000 5.43400000 199.01000 38.05000 13.28100 44.56500
15 6 20 12 30 8113.70000 5.43400000 199.01000 38.05000 13.28100 44.56500
15 6 20 12 31 8115.10000 5.43400000 199.01000 38.07000 13.28100 44.56500
