M=[
12 5 21 00 17 46974.40000 92.68300000 3427.77000 317.12000 36.78300 249.93900
12 5 21 00 17 46949.60000 92.41400000 3428.03000 317.29000 36.78300 249.93900
12 5 21 00 17 46922.00000 92.41300000 3430.33000 316.46000 36.78300 249.93900
12 5 21 00 18 46888.90000 92.22800000 3427.00000 316.26000 36.78300 249.93900
12 5 21 00 18 46898.00000 92.22800000 3428.97000 316.79000 36.78300 249.93900
12 5 21 00 19 46903.50000 92.22800000 3429.51000 316.27000 36.78300 249.93900
12 5 21 00 19 46903.40000 92.25000000 3428.99000 316.76000 36.78300 249.93900
12 5 21 00 20 46932.80000 92.19400000 3428.99000 317.17000 36.78300 251.33700
12 5 21 00 20 46956.20000 91.69100000 3434.95000 317.76000 36.78300 251.70100
12 5 21 00 20 46916.80000 91.50000000 3434.94000 317.76000 36.78300 251.90900
12 5 21 00 21 46886.80000 91.85300000 3429.70000 317.30000 36.78300 252.99000
12 5 21 00 21 46930.20000 91.55800000 3434.93000 318.10000 36.78300 253.19000
12 5 21 00 22 46930.20000 91.55800000 3434.18000 318.66000 36.78300 253.44400
12 5 21 00 22 46930.20000 91.55800000 3438.30000 318.68000 36.78300 254.13700
12 5 21 00 23 46931.80000 91.55800000 3438.11000 318.01000 36.78300 254.70000
12 5 21 00 23 46940.80000 91.55800000 3437.70000 317.65000 36.78300 255.05000
12 5 21 00 23 46919.70000 91.55800000 3436.54000 317.90000 36.79200 254.77900
12 5 21 00 24 46910.10000 91.73900000 3435.16000 317.53000 36.79200 255.26200
12 5 21 00 24 46919.70000 91.73900000 3435.17000 317.40000 36.79200 255.26200
12 5 21 00 25 46910.10000 91.73900000 3430.12000 316.94000 36.79200 255.36400
12 5 21 00 25 46924.30000 91.73900000 3434.06000 317.08000 36.79200 255.40100
12 5 21 00 26 46933.00000 91.73900000 3435.80000 317.38000 36.79200 256.58000
12 5 21 00 26 46933.00000 91.74400000 3437.67000 317.96000 36.79200 256.68000
12 5 21 00 26 46985.70000 91.74400000 3441.16000 317.76000 36.79200 256.83900
12 5 21 00 27 46985.70000 91.95400000 3443.99000 317.76000 36.79200 256.66100
12 5 21 00 27 47001.80000 91.59400000 3445.67000 318.44000 36.79200 256.66100
12 5 21 00 28 47001.80000 91.59400000 3445.43000 318.17000 36.79200 257.66300
12 5 21 00 28 47001.90000 91.59400000 3441.06000 318.14000 36.79200 257.66300
12 5 21 00 29 47001.20000 91.57500000 3440.57000 317.57000 36.79200 257.66300
12 5 21 00 29 46991.60000 91.61500000 3438.25000 317.57000 36.79200 255.14500
12 5 21 00 29 46991.70000 91.61800000 3439.11000 317.57000 36.79200 255.14500
12 5 21 00 30 46991.80000 91.61700000 3436.58000 317.56000 36.79200 255.14500
12 5 21 00 30 47001.80000 91.61700000 3439.28000 317.96000 36.79200 254.65100
12 5 21 00 31 47001.80000 91.61700000 3439.61000 318.49000 36.79200 254.65100
12 5 21 00 31 46978.90000 91.61400000 3436.96000 318.15000 36.79200 254.65100
12 5 21 00 32 47001.10000 91.61400000 3436.96000 317.66000 36.79200 254.65100
12 5 21 00 32 47001.90000 91.61600000 3439.75000 317.44000 36.79200 255.87900
12 5 21 00 32 47048.60000 91.47900000 3441.46000 317.44000 36.79200 256.45800
12 5 21 00 33 47047.80000 91.47900000 3436.24000 317.30000 36.79200 256.48700
12 5 21 00 33 47006.80000 91.47900000 3435.53000 317.30000 36.79200 256.48700
12 5 21 00 34 47043.10000 91.61700000 3437.71000 317.50000 36.79200 258.00000
12 5 21 00 34 47102.00000 91.62600000 3439.82000 318.77000 36.79200 258.24100
12 5 21 00 35 47055.30000 91.53300000 3437.58000 319.62000 36.79200 258.78400
12 5 21 00 35 47097.30000 91.53300000 3439.51000 320.30000 37.26700 258.78400
12 5 21 00 35 47106.80000 91.72800000 3440.01000 320.65000 37.26700 259.32900
12 5 21 00 36 47126.60000 91.81300000 3439.80000 321.00000 37.26700 259.32900
12 5 21 00 36 47126.60000 91.81300000 3438.62000 321.25000 37.26700 259.32900
12 5 21 00 37 47190.60000 91.77800000 3442.47000 320.86000 37.26700 259.62800
12 5 21 00 37 47190.70000 91.95000000 3442.47000 320.94000 37.26700 259.93800
12 5 21 00 38 47200.00000 91.95000000 3443.04000 321.37000 37.26700 259.93800
12 5 21 00 38 47153.30000 91.95000000 3437.15000 320.14000 37.26700 259.93800
12 5 21 00 38 47088.70000 91.95000000 3435.54000 319.54000 37.26700 259.24900
12 5 21 00 39 47085.60000 91.95000000 3435.25000 320.53000 37.26700 259.24900
12 5 21 00 39 47093.20000 91.95000000 3434.51000 319.80000 37.26700 259.24900
12 5 21 00 40 47105.50000 91.95000000 3434.70000 319.54000 37.26700 258.38200
12 5 21 00 40 47074.40000 91.95000000 3434.51000 319.20000 37.26700 258.38200
12 5 21 00 41 47066.00000 91.95000000 3430.09000 319.25000 37.26700 258.50000
12 5 21 00 41 47066.00000 91.95000000 3430.75000 319.25000 37.26700 258.50000
12 5 21 00 41 47051.90000 91.95000000 3429.16000 319.16000 37.26700 258.50000
12 5 21 00 42 47038.60000 92.00000000 3428.16000 318.95000 37.26700 258.01900
12 5 21 00 42 47088.40000 92.00000000 3430.87000 319.85000 37.26700 258.01900
12 5 21 00 43 47103.90000 91.99800000 3434.56000 319.51000 37.26700 258.01900
12 5 21 00 43 47114.30000 91.99800000 3432.10000 319.51000 37.26700 259.00000
12 5 21 00 44 47061.10000 91.99800000 3433.16000 319.25000 37.26700 259.00000
12 5 21 00 44 47099.30000 91.99800000 3432.42000 319.25000 37.26700 258.60900
12 5 21 00 44 47074.00000 91.63300000 3431.07000 319.25000 37.26700 258.60900
12 5 21 00 45 47115.70000 91.63300000 3433.16000 319.25000 37.26700 258.60900
12 5 21 00 45 47107.80000 91.63300000 3430.88000 319.09000 37.26700 258.60900
12 5 21 00 46 47051.10000 91.67400000 3429.32000 318.73000 37.10400 257.95600
12 5 21 00 46 47067.40000 91.67400000 3430.42000 318.73000 37.10400 257.95600
12 5 21 00 47 47074.20000 91.67700000 3430.55000 317.81000 37.10400 257.95600
12 5 21 00 47 47063.50000 91.69300000 3431.04000 317.82000 37.10400 257.95600
12 5 21 00 47 47081.00000 91.64100000 3430.90000 317.44000 37.10400 256.80000
12 5 21 00 48 47064.80000 91.64100000 3433.16000 317.13000 37.10400 256.29000
12 5 21 00 48 47086.40000 91.65900000 3435.08000 316.99000 37.10400 256.29000
12 5 21 00 49 47086.40000 91.65900000 3438.05000 317.22000 37.10400 256.29000
12 5 21 00 49 47098.60000 91.65900000 3439.95000 317.47000 37.10400 256.29000
12 5 21 00 50 47115.60000 91.65900000 3440.93000 317.43000 37.10400 257.80000
12 5 21 00 50 47115.70000 91.65900000 3441.32000 317.66000 37.10400 257.34300
12 5 21 00 50 47150.50000 91.65900000 3444.80000 317.66000 37.10400 257.34300
12 5 21 00 51 47176.70000 91.65900000 3449.39000 317.66000 37.10400 257.34300
12 5 21 00 51 47190.50000 91.74700000 3449.96000 317.66000 37.10400 257.34300
12 5 21 00 52 47182.30000 91.74700000 3449.97000 317.66000 37.10400 257.34300
12 5 21 00 52 47186.30000 91.74700000 3450.00000 318.72000 37.10400 257.34300
12 5 21 00 53 47190.40000 91.74700000 3454.00000 318.30000 37.10400 257.34300
12 5 21 00 53 47190.50000 91.74700000 3452.99000 318.20000 37.10400 257.34300
12 5 21 00 53 47190.50000 91.74700000 3448.10000 318.31000 37.10400 257.34300
12 5 21 00 54 47197.00000 91.73000000 3452.05000 317.93000 37.10400 257.34300
12 5 21 00 54 47197.00000 91.62600000 3451.97000 318.44000 37.10400 257.34300
12 5 21 00 55 47239.30000 91.62600000 3454.00000 318.87000 37.10400 255.37100
12 5 21 00 55 47239.30000 91.62600000 3457.38000 319.07000 37.10400 256.69300
12 5 21 00 56 47239.30000 91.71300000 3457.75000 318.48000 37.10400 257.79600
12 5 21 00 56 47232.70000 91.71300000 3457.93000 318.13000 37.10400 257.79700
12 5 21 00 56 47232.60000 91.71300000 3457.92000 318.15000 37.10400 257.79700
12 5 21 00 57 47226.00000 91.71300000 3453.38000 318.10000 37.10400 257.79700
12 5 21 00 57 47186.60000 91.71300000 3453.38000 318.10000 37.10400 261.01500
12 5 21 00 58 47193.60000 91.71300000 3450.00000 317.88000 37.10400 260.61000
12 5 21 00 58 47199.00000 91.71300000 3450.97000 317.68000 37.33300 261.88700
12 5 21 00 59 47203.10000 91.71300000 3453.24000 317.65000 37.33300 261.40800
12 5 21 00 59 47239.30000 91.71300000 3457.83000 318.38000 37.33300 263.30900
12 5 21 00 59 47239.30000 91.71300000 3457.93000 318.38000 37.33300 263.80900
12 5 21 01 00 47278.40000 91.71300000 3457.93000 318.20000 37.33300 264.11700
