M=[
 2 7 21 17 21 28301.00000 45.04000000 1780.85000 114.03000 17.93100 97.70300
 2 7 21 17 21 28295.20000 45.04000000 1781.30000 114.03000 17.93100 97.70300
 2 7 21 17 22 28295.20000 45.04000000 1781.31000 114.03000 17.93100 97.70300
 2 7 21 17 22 28295.20000 45.04000000 1780.10000 114.03000 17.93100 97.68300
 2 7 21 17 22 28308.30000 45.04000000 1781.09000 114.03000 17.93100 97.68300
 2 7 21 17 23 28308.40000 45.04000000 1782.00000 114.03000 17.93100 97.68300
 2 7 21 17 23 28301.00000 44.70300000 1782.00000 114.03000 17.99500 97.68300
 2 7 21 17 24 28297.80000 44.70300000 1782.00000 113.92000 17.99500 97.68300
 2 7 21 17 24 28295.50000 44.70300000 1781.92000 113.90000 17.99500 97.68300
 2 7 21 17 25 28297.50000 44.70300000 1782.07000 113.90000 17.99500 97.68300
 2 7 21 17 25 28308.20000 44.70300000 1783.07000 113.90000 17.99500 97.68300
 2 7 21 17 25 28298.60000 44.70300000 1782.38000 113.90000 17.99500 97.68300
 2 7 21 17 26 28277.10000 44.70300000 1781.24000 113.85000 17.99500 97.68300
 2 7 21 17 26 28252.00000 44.70300000 1781.24000 113.86000 17.99500 97.68300
 2 7 21 17 27 28276.00000 44.70300000 1780.11000 113.86000 17.99500 97.68300
 2 7 21 17 27 28269.80000 44.70300000 1781.51000 113.86000 17.99700 97.68300
 2 7 21 17 28 28273.30000 44.70300000 1781.51000 113.86000 17.99700 97.74100
 2 7 21 17 28 28273.20000 44.70300000 1781.51000 113.86000 17.99700 97.74100
 2 7 21 17 28 28273.20000 44.70300000 1781.51000 113.80000 17.99700 97.74100
 2 7 21 17 29 28266.70000 44.70300000 1781.51000 113.80000 17.99700 97.74100
 2 7 21 17 29 28259.10000 44.70300000 1781.41000 113.80000 17.99700 97.74100
 2 7 21 17 30 28259.10000 44.70300000 1781.63000 113.80000 17.99700 97.74100
 2 7 21 17 30 28259.00000 44.70300000 1780.21000 113.80000 17.99700 97.74100
 2 7 21 17 31 28255.90000 44.70300000 1780.21000 113.74000 17.99700 97.74100
 2 7 21 17 31 28256.00000 44.70300000 1780.81000 113.74000 17.99700 97.74100
 2 7 21 17 32 28252.10000 44.70300000 1780.81000 113.66000 17.99700 97.74100
 2 7 21 17 32 28255.90000 44.70300000 1780.81000 113.66000 17.99700 97.74100
 2 7 21 17 32 28255.90000 44.70300000 1780.81000 113.66000 17.99700 97.74100
 2 7 21 17 33 28242.90000 44.70300000 1780.81000 113.55000 17.99700 97.74100
 2 7 21 17 33 28242.20000 44.70300000 1780.81000 113.55000 17.99700 97.74100
 2 7 21 17 34 28249.50000 44.70300000 1779.00000 113.55000 17.99700 97.66600
 2 7 21 17 34 28245.00000 44.70300000 1778.36000 113.52000 17.99700 97.66600
 2 7 21 17 35 28249.40000 44.70300000 1778.99000 113.52000 18.00000 97.66600
 2 7 21 17 35 28255.90000 44.70300000 1778.51000 113.57000 18.00000 97.66600
 2 7 21 17 35 28256.00000 44.70300000 1778.51000 113.57000 18.00000 97.66600
 2 7 21 17 36 28270.80000 44.70300000 1779.00000 113.57000 18.00000 97.66600
 2 7 21 17 36 28270.80000 44.70300000 1780.02000 113.57000 18.00000 97.66600
 2 7 21 17 37 28270.90000 44.70300000 1779.93000 113.54000 18.00000 97.66600
 2 7 21 17 37 28273.30000 44.70300000 1781.27000 113.54000 18.00000 97.66600
 2 7 21 17 38 28301.40000 44.69100000 1782.90000 113.54000 18.00000 97.66600
 2 7 21 17 38 28301.50000 44.69100000 1782.90000 113.54000 18.00000 97.66600
 2 7 21 17 38 28301.50000 44.69100000 1782.39000 113.54000 18.00000 97.66600
 2 7 21 17 39 28301.50000 44.69100000 1782.90000 113.54000 18.00000 97.66600
 2 7 21 17 39 28301.80000 44.69100000 1783.79000 113.69000 18.00000 97.66600
 2 7 21 17 40 28301.80000 44.69100000 1783.10000 113.66000 18.00000 97.66600
 2 7 21 17 40 28301.80000 44.69100000 1783.20000 113.66000 18.00000 97.66600
 2 7 21 17 41 28301.90000 44.69100000 1786.00000 113.66000 18.00000 97.66600
 2 7 21 17 41 28301.90000 44.69100000 1785.93000 113.66000 18.00000 97.66600
 2 7 21 17 41 28302.00000 44.69100000 1785.93000 113.66000 18.00900 97.66600
 2 7 21 17 42 28308.90000 44.69100000 1785.93000 113.66000 18.00900 97.66600
 2 7 21 17 42 28314.90000 44.69100000 1785.93000 113.66000 18.00900 97.66600
 2 7 21 17 43 28314.90000 44.69100000 1788.29000 113.66000 18.00900 97.66600
 2 7 21 17 43 28308.80000 44.69100000 1786.32000 113.66000 18.02000 97.66600
 2 7 21 17 44 28275.00000 44.69100000 1785.15000 113.66000 18.02000 97.65800
 2 7 21 17 44 28275.70000 44.69100000 1785.15000 113.56000 18.02000 97.65800
 2 7 21 17 44 28275.60000 44.69100000 1785.15000 113.53000 17.93400 97.65800
 2 7 21 17 45 28273.30000 44.69100000 1783.76000 113.53000 17.93400 97.65800
 2 7 21 17 45 28255.90000 44.69100000 1781.61000 113.52000 17.92000 97.65800
 2 7 21 17 46 28249.30000 44.69100000 1781.01000 113.52000 17.90800 97.65800
 2 7 21 17 46 28242.00000 44.69100000 1781.02000 113.52000 17.90800 97.65800
 2 7 21 17 47 28219.80000 44.69100000 1779.09000 113.46000 17.90800 97.65800
 2 7 21 17 47 28206.00000 44.69100000 1778.50000 113.46000 17.90800 97.65800
 2 7 21 17 47 28210.00000 44.69100000 1778.00000 113.46000 17.90800 97.65800
 2 7 21 17 48 28210.00000 44.69100000 1777.72000 113.31000 17.90800 97.65800
 2 7 21 17 48 28197.30000 44.22700000 1776.18000 113.27000 17.90800 97.65800
 2 7 21 17 49 28188.00000 44.22700000 1775.84000 113.27000 17.90800 97.65800
 2 7 21 17 49 28188.10000 44.22700000 1775.99000 113.27000 17.90800 97.65800
 2 7 21 17 50 28196.10000 44.22700000 1776.67000 113.27000 17.90800 97.65800
 2 7 21 17 50 28203.10000 44.22700000 1776.67000 113.28000 17.90800 97.65800
 2 7 21 17 50 28209.70000 44.22700000 1777.83000 113.28000 17.90800 97.65800
 2 7 21 17 51 28159.90000 44.22700000 1777.83000 113.14000 17.90800 97.65800
 2 7 21 17 51 28156.90000 44.22700000 1775.61000 113.14000 17.90800 97.65800
 2 7 21 17 52 28163.30000 44.22700000 1775.61000 113.14000 17.90800 97.65800
 2 7 21 17 52 28163.30000 44.22700000 1775.61000 113.14000 17.90800 97.65800
 2 7 21 17 53 28188.00000 44.22700000 1776.38000 113.14000 17.90800 97.65800
 2 7 21 17 53 28188.00000 44.22700000 1776.38000 113.14000 17.90800 97.65800
 2 7 21 17 53 28188.00000 44.22700000 1776.38000 113.14000 17.78200 97.65800
 2 7 21 17 54 28207.20000 44.18500000 1777.75000 113.19000 17.78200 97.65800
 2 7 21 17 54 28207.20000 44.18500000 1776.16000 113.19000 17.78200 97.65800
 2 7 21 17 55 28181.80000 44.18500000 1776.26000 113.11000 17.78200 97.65800
 2 7 21 17 55 28182.00000 44.18500000 1775.71000 113.11000 17.78200 97.65800
 2 7 21 17 56 28192.10000 44.16900000 1775.71000 113.11000 17.78200 97.65800
 2 7 21 17 56 28192.30000 44.16900000 1776.36000 113.11000 17.78200 97.65800
 2 7 21 17 56 28209.80000 44.16900000 1778.23000 113.21000 17.78200 97.65800
 2 7 21 17 57 28209.70000 44.16900000 1778.23000 113.28000 17.78200 97.65800
 2 7 21 17 57 28196.50000 44.16900000 1778.23000 113.28000 17.78200 97.65800
 2 7 21 17 58 28206.20000 44.16900000 1776.65000 113.13000 17.78200 97.65800
 2 7 21 17 58 28206.20000 44.16900000 1777.17000 113.13000 17.78200 97.65800
 2 7 21 17 59 28209.90000 44.16900000 1778.26000 113.13000 17.82500 97.65800
 2 7 21 17 59 28209.90000 44.16900000 1778.26000 113.13000 17.82500 97.65800
 2 7 21 18 00 28209.90000 44.16900000 1778.93000 113.13000 17.82500 97.65800
 2 7 21 18 00 28215.20000 44.16900000 1777.01000 113.13000 17.82500 97.65800
 2 7 21 18 00 28181.80000 44.16900000 1776.48000 113.11000 17.82500 97.65800
 2 7 21 18 01 28163.90000 44.16900000 1776.47000 113.09000 17.82500 97.65800
 2 7 21 18 01 28148.80000 44.16900000 1774.80000 113.01000 17.82500 97.65800
 2 7 21 18 02 28143.40000 44.16900000 1772.74000 113.00000 17.78200 97.65800
 2 7 21 18 02 28109.60000 44.16900000 1769.52000 113.00000 17.78200 97.65800
 2 7 21 18 03 28109.50000 44.08100000 1763.93000 113.00000 17.78200 97.65800
 2 7 21 18 03 28109.50000 44.08100000 1763.93000 113.00000 17.78200 97.65800
 2 7 21 18 03 28109.30000 44.08100000 1759.16000 113.00000 17.78200 97.09600
 2 7 21 18 04 28109.20000 43.89800000 1760.00000 113.00000 17.78200 97.09600
 2 7 21 18 04 28121.70000 43.89800000 1762.72000 113.00000 17.78200 97.09600
 2 7 21 18 05 28121.80000 43.89800000 1761.68000 113.00000 17.78200 97.09600
